1400	14	16
0	1	0.00003 0.00971 0.03232 0.09557 0.48745 0.34322 0.00066 0.00019 0.00004 0.00166 0.00500 0.00882 0.00970 0.00537 0.00019 0.00006 
1	1	0.00000 0.00100 0.02749 0.08986 0.39012 0.41421 0.01095 0.00000 0.00035 0.00251 0.00812 0.01519 0.02060 0.01593 0.00366 0.00000 
2	1	0.00077 0.00116 0.01675 0.08744 0.32361 0.41753 0.07603 0.00000 0.00035 0.00235 0.00763 0.01601 0.02054 0.02040 0.00940 0.00003 
3	1	0.00001 0.00070 0.01907 0.05038 0.39908 0.47938 0.00054 0.00000 0.00038 0.00164 0.00440 0.00768 0.01827 0.01746 0.00099 0.00002 
4	1	0.00000 0.00056 0.00411 0.03404 0.28961 0.44125 0.15908 0.00000 0.00013 0.00131 0.00301 0.00703 0.01827 0.02802 0.01355 0.00004 
5	1	0.00000 0.00070 0.01542 0.09513 0.27925 0.46846 0.06624 0.00000 0.00033 0.00235 0.00875 0.01706 0.01860 0.01903 0.00858 0.00008 
6	1	0.00001 0.00047 0.00117 0.05600 0.10266 0.41340 0.34780 0.01604 0.00017 0.00149 0.00317 0.01079 0.01607 0.01762 0.01041 0.00272 
7	1	0.00001 0.00121 0.00690 0.08543 0.33036 0.47883 0.03575 0.00000 0.00019 0.00201 0.00629 0.01425 0.01840 0.01560 0.00473 0.00003 
8	1	0.00003 0.00129 0.01512 0.09127 0.32312 0.43874 0.07004 0.00000 0.00011 0.00178 0.00562 0.01177 0.01805 0.01677 0.00624 0.00004 
9	1	0.00000 0.00248 0.01531 0.09250 0.42269 0.40979 0.00013 0.00000 0.00005 0.00242 0.00808 0.01475 0.01951 0.01190 0.00037 0.00002 
10	1	0.00024 0.00033 0.00855 0.10143 0.34173 0.50326 0.00107 0.00003 0.00009 0.00148 0.00606 0.01185 0.01431 0.00885 0.00064 0.00007 
11	1	0.00009 0.00184 0.03946 0.07621 0.14656 0.32548 0.35097 0.00247 0.00008 0.00117 0.00660 0.01145 0.01662 0.01450 0.00582 0.00068 
12	1	0.00027 0.01118 0.06431 0.12535 0.37706 0.36934 0.00681 0.00013 0.00024 0.00329 0.00911 0.01381 0.01212 0.00558 0.00134 0.00005 
13	1	0.00019 0.00899 0.02357 0.02680 0.21000 0.29473 0.32149 0.07327 0.00016 0.00225 0.00473 0.00506 0.00933 0.01017 0.00636 0.00289 
14	1	0.00022 0.02781 0.07870 0.23393 0.35085 0.25679 0.00094 0.00010 0.00025 0.00556 0.01169 0.01552 0.01224 0.00508 0.00027 0.00005 
15	1	0.00016 0.00121 0.02965 0.13003 0.41088 0.38530 0.00307 0.00023 0.00012 0.00058 0.00568 0.01230 0.01333 0.00653 0.00082 0.00010 
16	1	0.00010 0.00099 0.01847 0.07759 0.38683 0.28901 0.18524 0.00021 0.00008 0.00050 0.00425 0.00992 0.01296 0.00925 0.00452 0.00006 
17	1	0.00012 0.00047 0.01262 0.07900 0.30431 0.42046 0.13718 0.00072 0.00007 0.00027 0.00343 0.00960 0.01441 0.01200 0.00511 0.00023 
18	1	0.00000 0.00069 0.00566 0.04871 0.20213 0.45836 0.22053 0.00000 0.00026 0.00165 0.00323 0.00952 0.02055 0.02094 0.00774 0.00002 
19	1	0.00000 0.00064 0.02064 0.10048 0.58385 0.24752 0.00015 0.00000 0.00021 0.00142 0.00662 0.01263 0.01601 0.00954 0.00026 0.00002 
20	1	0.00001 0.00075 0.01149 0.08005 0.46612 0.39336 0.00011 0.00000 0.00007 0.00149 0.00551 0.01298 0.01775 0.01004 0.00025 0.00001 
21	1	0.00000 0.00078 0.01578 0.08986 0.46959 0.37697 0.00025 0.00000 0.00025 0.00198 0.00650 0.01105 0.01582 0.01053 0.00061 0.00003 
22	1	0.00007 0.00119 0.04057 0.13820 0.42207 0.32749 0.00009 0.00000 0.00110 0.00372 0.01223 0.01989 0.02150 0.01139 0.00049 0.00001 
23	1	0.00000 0.00093 0.00960 0.12830 0.31943 0.41467 0.05113 0.00000 0.00013 0.00237 0.00768 0.01847 0.02311 0.01798 0.00615 0.00006 
24	1	0.00011 0.00082 0.00533 0.07126 0.28676 0.46864 0.10217 0.00000 0.00013 0.00192 0.00424 0.01111 0.01750 0.02051 0.00947 0.00003 
25	1	0.00000 0.00062 0.01453 0.08275 0.29434 0.46398 0.07587 0.00001 0.00005 0.00173 0.00678 0.01333 0.01860 0.01937 0.00799 0.00006 
26	1	0.00006 0.00180 0.00492 0.10625 0.42228 0.40302 0.00208 0.00000 0.00014 0.00228 0.00634 0.01566 0.02094 0.01235 0.00182 0.00005 
27	1	0.00000 0.00169 0.04056 0.12224 0.42733 0.33507 0.00099 0.00001 0.00047 0.00349 0.01157 0.01888 0.02291 0.01401 0.00076 0.00003 
28	1	0.00005 0.00019 0.00720 0.09993 0.23558 0.42455 0.19471 0.00014 0.00004 0.00014 0.00195 0.00771 0.01317 0.01042 0.00416 0.00005 
29	1	0.00020 0.00071 0.02466 0.11920 0.50940 0.28445 0.00009 0.00000 0.00037 0.00265 0.01033 0.01763 0.01942 0.01032 0.00053 0.00004 
30	1	0.00040 0.00030 0.00485 0.08304 0.16998 0.45508 0.20731 0.00000 0.00023 0.00182 0.00585 0.01437 0.02202 0.02402 0.01069 0.00005 
31	1	0.00000 0.00013 0.01323 0.04460 0.51812 0.38617 0.00008 0.00000 0.00009 0.00082 0.00312 0.00678 0.01531 0.01128 0.00024 0.00002 
32	1	0.00000 0.00013 0.00487 0.02644 0.37523 0.53459 0.02302 0.00000 0.00005 0.00063 0.00169 0.00370 0.01280 0.01322 0.00358 0.00004 
33	1	0.00000 0.00104 0.01960 0.05157 0.48257 0.40570 0.00013 0.00000 0.00021 0.00156 0.00410 0.00847 0.01505 0.00978 0.00019 0.00002 
34	1	0.00000 0.00078 0.01517 0.06738 0.36827 0.44716 0.04753 0.00001 0.00006 0.00162 0.00708 0.01274 0.01469 0.01217 0.00526 0.00010 
35	1	0.00000 0.00043 0.01236 0.05775 0.41359 0.46154 0.00713 0.00000 0.00018 0.00139 0.00551 0.01084 0.01501 0.01137 0.00285 0.00006 
36	1	0.00002 0.00030 0.01913 0.07386 0.54074 0.31469 0.00007 0.00000 0.00023 0.00138 0.00774 0.01171 0.01729 0.01258 0.00024 0.00002 
37	1	0.00000 0.00948 0.08683 0.23679 0.41138 0.07447 0.01823 0.00144 0.00009 0.00325 0.01281 0.03507 0.07162 0.03215 0.00524 0.00115 
38	1	0.00000 0.00626 0.10169 0.24869 0.42074 0.08246 0.02239 0.00354 0.00001 0.00232 0.01537 0.02548 0.03924 0.02477 0.00535 0.00168 
39	1	0.00003 0.00180 0.04834 0.14300 0.26343 0.37016 0.01851 0.00477 0.00009 0.00112 0.00717 0.01560 0.05551 0.06346 0.00545 0.00158 
40	1	0.00000 0.00350 0.03527 0.10539 0.74424 0.01255 0.00425 0.00046 0.00005 0.00211 0.00720 0.02451 0.04704 0.01186 0.00136 0.00021 
41	1	0.00000 0.00603 0.12651 0.18369 0.48581 0.04374 0.01665 0.00088 0.00004 0.00325 0.01315 0.04233 0.05650 0.01591 0.00478 0.00072 
42	1	0.00011 0.08746 0.18337 0.17876 0.35849 0.04655 0.02180 0.00186 0.00034 0.01213 0.02383 0.02885 0.03459 0.01620 0.00491 0.00076 
43	1	0.00001 0.02784 0.10122 0.18130 0.49213 0.04090 0.01596 0.00135 0.00013 0.00669 0.01702 0.03845 0.05503 0.01603 0.00488 0.00107 
44	1	0.00004 0.00480 0.04434 0.08847 0.70872 0.04455 0.01067 0.00130 0.00005 0.00144 0.00646 0.01736 0.04822 0.02098 0.00222 0.00039 
45	1	0.00004 0.00703 0.05434 0.26870 0.44009 0.07391 0.02181 0.00110 0.00021 0.00268 0.01019 0.02832 0.05346 0.03178 0.00563 0.00070 
46	1	0.00002 0.00112 0.07550 0.17484 0.45486 0.08916 0.02736 0.00106 0.00006 0.00115 0.01033 0.03039 0.08597 0.04202 0.00529 0.00087 
47	1	0.00000 0.00076 0.05512 0.16578 0.48320 0.11736 0.02225 0.00740 0.00004 0.00115 0.00734 0.02300 0.06338 0.04492 0.00613 0.00218 
48	1	0.00002 0.01911 0.08050 0.29183 0.45108 0.02409 0.01481 0.00147 0.00006 0.00418 0.01421 0.03781 0.04411 0.01205 0.00355 0.00112 
49	1	0.00005 0.01487 0.09020 0.17943 0.44245 0.06646 0.03848 0.00156 0.00010 0.00559 0.01583 0.03399 0.06983 0.03102 0.00796 0.00219 
50	1	0.00003 0.00219 0.05298 0.21950 0.39768 0.09968 0.02388 0.00254 0.00008 0.00169 0.01015 0.02779 0.08866 0.06574 0.00564 0.00177 
51	1	0.00050 0.01619 0.06530 0.37162 0.28806 0.04993 0.01680 0.00075 0.00052 0.00500 0.01500 0.04882 0.08500 0.03160 0.00414 0.00078 
52	1	0.00000 0.01124 0.10206 0.29971 0.34618 0.04463 0.01980 0.00323 0.00007 0.00446 0.01623 0.04058 0.07419 0.03021 0.00555 0.00186 
53	1	0.00003 0.00228 0.02458 0.12391 0.22858 0.47456 0.04137 0.00307 0.00009 0.00166 0.01006 0.02136 0.03151 0.02750 0.00808 0.00137 
54	1	0.00000 0.00526 0.05479 0.20863 0.54711 0.02458 0.00689 0.00109 0.00000 0.00214 0.01222 0.05758 0.06775 0.00900 0.00224 0.00072 
55	1	0.00008 0.01177 0.03831 0.48976 0.32739 0.00915 0.00626 0.00124 0.00022 0.00255 0.01068 0.04929 0.04642 0.00489 0.00151 0.00049 
56	1	0.00000 0.00127 0.05893 0.24528 0.48367 0.07648 0.00877 0.00120 0.00002 0.00112 0.00811 0.03014 0.05528 0.02563 0.00344 0.00065 
57	1	0.00002 0.00062 0.01565 0.05213 0.75357 0.03262 0.00911 0.00129 0.00007 0.00067 0.00306 0.01280 0.07929 0.03629 0.00218 0.00064 
58	1	0.00022 0.01304 0.06727 0.16735 0.48034 0.11042 0.02997 0.00349 0.00037 0.00328 0.00854 0.01727 0.05168 0.03968 0.00494 0.00213 
59	1	0.00071 0.01452 0.06802 0.08885 0.26170 0.30682 0.02503 0.00332 0.00039 0.00310 0.00778 0.01484 0.09410 0.10227 0.00665 0.00191 
60	1	0.00002 0.00048 0.02104 0.04012 0.61750 0.08088 0.01495 0.00173 0.00005 0.00076 0.00460 0.02299 0.11141 0.07729 0.00504 0.00115 
61	1	0.00165 0.01396 0.02576 0.32395 0.42761 0.02061 0.01087 0.00252 0.00054 0.00139 0.00821 0.07292 0.08129 0.00641 0.00172 0.00060 
62	1	0.00000 0.00099 0.02585 0.11233 0.27991 0.31383 0.01132 0.00125 0.00001 0.00095 0.00551 0.01521 0.11462 0.11340 0.00375 0.00107 
63	1	0.00011 0.00049 0.03404 0.11086 0.31245 0.36677 0.01754 0.00295 0.00011 0.00092 0.00603 0.01634 0.06013 0.06621 0.00356 0.00149 
64	1	0.00000 0.00111 0.04388 0.16697 0.56881 0.07165 0.02076 0.00028 0.00002 0.00063 0.00620 0.02656 0.05577 0.03049 0.00627 0.00061 
65	1	0.00003 0.00473 0.04209 0.19421 0.42952 0.09043 0.02263 0.00514 0.00007 0.00169 0.00929 0.03784 0.09835 0.05651 0.00518 0.00230 
66	1	0.00002 0.00125 0.03083 0.11035 0.47673 0.13585 0.01539 0.00376 0.00005 0.00126 0.00591 0.02256 0.10661 0.08530 0.00335 0.00079 
67	1	0.00000 0.00486 0.03922 0.11912 0.47341 0.14131 0.01096 0.00243 0.00001 0.00370 0.00993 0.02409 0.09421 0.07224 0.00353 0.00095 
68	1	0.00000 0.00000 0.00645 0.06620 0.38386 0.34705 0.01638 0.00198 0.00001 0.00004 0.00140 0.00790 0.07999 0.08477 0.00332 0.00065 
69	1	0.00126 0.01177 0.05668 0.16955 0.51718 0.06963 0.02273 0.00186 0.00055 0.00283 0.01010 0.03439 0.06342 0.03219 0.00492 0.00094 
70	1	0.00000 0.00288 0.04991 0.22169 0.34895 0.13804 0.03198 0.00507 0.00002 0.00268 0.00939 0.01863 0.08931 0.07160 0.00730 0.00256 
71	1	0.00000 0.00156 0.08777 0.22135 0.40119 0.07164 0.01768 0.00504 0.00002 0.00133 0.00804 0.03458 0.09401 0.05078 0.00354 0.00147 
72	1	0.00000 0.01394 0.07966 0.15917 0.33608 0.21556 0.02061 0.00458 0.00005 0.00448 0.01397 0.03024 0.06264 0.05212 0.00574 0.00115 
73	1	0.00001 0.00112 0.03692 0.18957 0.36814 0.17976 0.02865 0.00629 0.00002 0.00100 0.00684 0.02463 0.07965 0.06680 0.00798 0.00262 
74	1	0.00000 0.01652 0.07375 0.21610 0.38463 0.07803 0.02751 0.00182 0.00009 0.00409 0.01232 0.03283 0.09160 0.05432 0.00501 0.00137 
75	1	0.00000 0.01418 0.03610 0.13105 0.55199 0.04650 0.00546 0.00153 0.00007 0.00226 0.00760 0.03877 0.10756 0.05385 0.00233 0.00076 
76	1	0.00000 0.00438 0.04685 0.18970 0.42941 0.08805 0.02338 0.00490 0.00000 0.00260 0.00888 0.03321 0.10215 0.05974 0.00550 0.00124 
77	1	0.00000 0.00186 0.04850 0.12368 0.44838 0.14593 0.02184 0.00566 0.00001 0.00126 0.00568 0.02230 0.09379 0.07382 0.00565 0.00163 
78	1	0.00000 0.00921 0.06508 0.31233 0.29359 0.10067 0.03280 0.00250 0.00005 0.00273 0.01306 0.04751 0.07603 0.03487 0.00721 0.00237 
79	1	0.00000 0.00017 0.06480 0.23981 0.46356 0.08770 0.03310 0.00286 0.00001 0.00051 0.00751 0.03174 0.04028 0.01781 0.00826 0.00186 
80	1	0.00000 0.00779 0.05523 0.15360 0.46429 0.09237 0.02307 0.00348 0.00002 0.00349 0.00958 0.02457 0.09850 0.05811 0.00449 0.00142 
81	1	0.00001 0.01320 0.07739 0.22808 0.36553 0.12046 0.01719 0.00302 0.00012 0.00403 0.01334 0.03028 0.06771 0.05456 0.00385 0.00123 
82	1	0.00001 0.01297 0.06484 0.22875 0.36650 0.09574 0.03299 0.00251 0.00007 0.00461 0.01429 0.04680 0.08205 0.03865 0.00748 0.00173 
83	1	0.00000 0.00929 0.01955 0.14561 0.52301 0.07636 0.01302 0.00144 0.00002 0.00237 0.00519 0.02050 0.11473 0.06556 0.00262 0.00073 
84	1	0.00001 0.00118 0.02701 0.09170 0.61188 0.07731 0.02529 0.00200 0.00004 0.00114 0.00490 0.01829 0.08572 0.04863 0.00392 0.00098 
85	1	0.00000 0.00015 0.02885 0.09729 0.50397 0.11457 0.01503 0.00165 0.00003 0.00073 0.00706 0.01579 0.10544 0.10473 0.00416 0.00055 
86	1	0.00001 0.00009 0.02094 0.10516 0.49766 0.20961 0.02465 0.00886 0.00008 0.00029 0.00435 0.01900 0.06060 0.03895 0.00666 0.00309 
87	1	0.00001 0.03536 0.16744 0.09983 0.22905 0.21428 0.02408 0.00453 0.00008 0.00707 0.01846 0.02469 0.07986 0.08617 0.00723 0.00186 
88	1	0.00003 0.02951 0.10554 0.27973 0.19692 0.18031 0.03125 0.00099 0.00015 0.00588 0.01665 0.02966 0.05888 0.05714 0.00641 0.00093 
89	1	0.00002 0.00655 0.05758 0.18778 0.34485 0.20609 0.02240 0.00648 0.00016 0.00173 0.00669 0.03044 0.06969 0.05304 0.00429 0.00222 
90	1	0.00000 0.00055 0.03168 0.11917 0.65988 0.02956 0.01174 0.00044 0.00001 0.00096 0.00487 0.02593 0.08078 0.03112 0.00296 0.00036 
91	1	0.00000 0.01007 0.07236 0.17140 0.40474 0.17198 0.02770 0.00096 0.00004 0.00190 0.00982 0.02880 0.05829 0.03562 0.00535 0.00098 
92	1	0.00010 0.00085 0.08400 0.18531 0.47963 0.09987 0.02613 0.00620 0.00008 0.00107 0.00882 0.03990 0.04751 0.01231 0.00598 0.00223 
93	1	0.00001 0.00412 0.07914 0.19370 0.23237 0.32753 0.03178 0.00556 0.00003 0.00221 0.01188 0.02695 0.04168 0.03415 0.00679 0.00212 
94	1	0.00004 0.00693 0.05978 0.20009 0.33612 0.21795 0.03507 0.00224 0.00008 0.00228 0.00948 0.02944 0.05398 0.03871 0.00658 0.00121 
95	1	0.00000 0.03765 0.09158 0.21106 0.27113 0.19152 0.02320 0.00276 0.00018 0.00624 0.01469 0.03226 0.06429 0.04691 0.00529 0.00124 
96	1	0.00000 0.01098 0.09368 0.12387 0.38684 0.22544 0.03246 0.00249 0.00011 0.00334 0.01479 0.02789 0.04081 0.02924 0.00692 0.00112 
97	1	0.00001 0.00243 0.07043 0.16444 0.33706 0.29128 0.02384 0.00560 0.00005 0.00210 0.01112 0.02011 0.03606 0.02878 0.00532 0.00138 
98	1	0.00007 0.02547 0.08802 0.21807 0.43019 0.06885 0.02828 0.00338 0.00021 0.00627 0.01714 0.02380 0.05138 0.03019 0.00645 0.00221 
99	1	0.00003 0.02337 0.09887 0.18067 0.28734 0.22282 0.03331 0.00415 0.00018 0.00490 0.01413 0.02541 0.04953 0.04702 0.00693 0.00135 
100	2	0.00011 0.01277 0.05366 0.41693 0.40138 0.01665 0.00579 0.00042 0.00027 0.00485 0.01335 0.03746 0.02972 0.00496 0.00141 0.00027 
101	2	0.00014 0.01821 0.12267 0.19291 0.38145 0.09193 0.00518 0.00013 0.00029 0.00433 0.01832 0.03272 0.07394 0.05572 0.00183 0.00022 
102	2	0.00046 0.02182 0.11484 0.24524 0.33230 0.10731 0.00242 0.00008 0.00080 0.00626 0.02085 0.03225 0.06435 0.04958 0.00135 0.00009 
103	2	0.00011 0.01082 0.05427 0.15701 0.22548 0.37071 0.01172 0.00035 0.00021 0.00446 0.02062 0.03982 0.05823 0.04239 0.00322 0.00058 
104	2	0.00001 0.01051 0.07506 0.34413 0.44988 0.01936 0.00534 0.00014 0.00009 0.00339 0.01977 0.04034 0.02546 0.00469 0.00176 0.00008 
105	2	0.00014 0.02726 0.09631 0.40510 0.29340 0.02022 0.01057 0.00070 0.00056 0.00942 0.01792 0.06054 0.05163 0.00432 0.00179 0.00013 
106	2	0.00021 0.02388 0.17572 0.19364 0.26040 0.14540 0.00743 0.00050 0.00057 0.00995 0.02883 0.04454 0.06376 0.04215 0.00270 0.00033 
107	2	0.00002 0.03000 0.15197 0.25316 0.39542 0.01818 0.00717 0.00026 0.00033 0.00894 0.02381 0.04609 0.05012 0.01261 0.00167 0.00024 
108	2	0.00012 0.00542 0.07679 0.18908 0.35507 0.14733 0.00809 0.00056 0.00027 0.00238 0.01581 0.03971 0.09069 0.06526 0.00308 0.00034 
109	2	0.00065 0.01807 0.07849 0.10722 0.24401 0.37455 0.00778 0.00075 0.00127 0.00593 0.01439 0.03260 0.06381 0.04709 0.00282 0.00059 
110	2	0.00020 0.01854 0.09731 0.14441 0.12323 0.50616 0.00673 0.00160 0.00054 0.00502 0.02002 0.03016 0.02639 0.01715 0.00214 0.00039 
111	2	0.00052 0.01421 0.16566 0.25447 0.37994 0.02625 0.01322 0.00012 0.00064 0.00691 0.01883 0.05713 0.05064 0.00826 0.00300 0.00019 
112	2	0.00008 0.02690 0.09171 0.18543 0.43904 0.05034 0.01846 0.00138 0.00028 0.01492 0.02533 0.05012 0.06763 0.02390 0.00378 0.00069 
113	2	0.00027 0.02669 0.13496 0.18109 0.49058 0.02082 0.00750 0.00025 0.00045 0.00770 0.01846 0.04506 0.05262 0.01200 0.00138 0.00015 
114	2	0.00023 0.00933 0.12249 0.25410 0.37319 0.03834 0.01018 0.00078 0.00055 0.00449 0.01571 0.06427 0.08269 0.02115 0.00212 0.00039 
115	2	0.00018 0.02152 0.11583 0.13367 0.35465 0.18040 0.01536 0.00062 0.00037 0.00762 0.02029 0.03789 0.06558 0.04243 0.00322 0.00036 
116	2	0.00019 0.02637 0.18125 0.18472 0.42436 0.03507 0.01589 0.00024 0.00044 0.00964 0.02085 0.04021 0.04545 0.01285 0.00230 0.00018 
117	2	0.00024 0.01811 0.08844 0.26459 0.40417 0.02078 0.01478 0.00114 0.00043 0.00576 0.01383 0.07580 0.07967 0.00999 0.00191 0.00037 
118	2	0.00058 0.02430 0.12394 0.15645 0.34442 0.15729 0.02262 0.00138 0.00162 0.00866 0.02304 0.04084 0.05470 0.03557 0.00397 0.00061 
119	2	0.00049 0.01170 0.10052 0.10626 0.25437 0.36891 0.00755 0.00086 0.00068 0.00478 0.02138 0.03733 0.05006 0.03239 0.00229 0.00044 
120	2	0.00090 0.02242 0.12419 0.15136 0.36746 0.11935 0.01458 0.00098 0.00101 0.00771 0.01876 0.03632 0.07663 0.05442 0.00322 0.00069 
121	2	0.00028 0.02261 0.15329 0.09714 0.25071 0.25796 0.00855 0.00057 0.00056 0.00840 0.01951 0.02769 0.07493 0.07281 0.00476 0.00024 
122	2	0.00012 0.02083 0.15558 0.16617 0.31866 0.13675 0.00569 0.00027 0.00042 0.00963 0.02836 0.04069 0.06805 0.04698 0.00162 0.00018 
123	2	0.00007 0.01908 0.11614 0.10100 0.23756 0.35630 0.00890 0.00059 0.00033 0.00621 0.01911 0.02611 0.05492 0.04948 0.00380 0.00041 
124	2	0.00005 0.01478 0.09829 0.09163 0.25970 0.35454 0.00235 0.00001 0.00037 0.00483 0.01699 0.02622 0.06362 0.06167 0.00483 0.00010 
125	2	0.00021 0.02181 0.15048 0.13240 0.37274 0.12550 0.00835 0.00029 0.00045 0.00861 0.02437 0.03362 0.06651 0.05130 0.00309 0.00028 
126	2	0.00010 0.01130 0.11441 0.14398 0.33546 0.19860 0.01330 0.00037 0.00046 0.00554 0.02115 0.03435 0.06216 0.05169 0.00681 0.00032 
127	2	0.00007 0.00997 0.09314 0.14382 0.21118 0.34121 0.02209 0.00003 0.00021 0.00430 0.02544 0.04274 0.04579 0.04234 0.01760 0.00007 
128	2	0.00013 0.03266 0.15387 0.16359 0.27311 0.12725 0.05128 0.00114 0.00074 0.00999 0.02914 0.03735 0.04863 0.04871 0.02186 0.00055 
129	2	0.00015 0.01991 0.09806 0.15618 0.31249 0.18226 0.02771 0.00048 0.00040 0.00653 0.02581 0.03953 0.05654 0.05515 0.01843 0.00038 
130	2	0.00013 0.01197 0.13511 0.18081 0.31669 0.16644 0.00626 0.00074 0.00038 0.00534 0.02432 0.04384 0.05892 0.04133 0.00751 0.00023 
131	2	0.00031 0.02203 0.10933 0.15834 0.30763 0.18647 0.01541 0.00064 0.00070 0.00753 0.02797 0.03913 0.06593 0.05247 0.00567 0.00043 
132	2	0.00011 0.01271 0.07911 0.17271 0.39296 0.12104 0.01097 0.00004 0.00035 0.00545 0.01743 0.03983 0.07099 0.05867 0.01751 0.00010 
133	2	0.00002 0.01488 0.06986 0.12360 0.19434 0.36444 0.05468 0.00037 0.00015 0.00593 0.02302 0.03467 0.04251 0.04814 0.02292 0.00046 
134	2	0.00009 0.00292 0.08231 0.14962 0.21700 0.31084 0.05457 0.00000 0.00012 0.00216 0.02281 0.03928 0.04416 0.04958 0.02453 0.00002 
135	2	0.00009 0.01161 0.16893 0.16715 0.33140 0.12419 0.00879 0.00022 0.00032 0.00545 0.03119 0.04605 0.05588 0.04088 0.00764 0.00023 
136	2	0.00003 0.02157 0.12408 0.21042 0.30300 0.12884 0.00853 0.00124 0.00026 0.00950 0.02928 0.04639 0.05569 0.04516 0.01554 0.00049 
137	2	0.00002 0.00538 0.09060 0.16047 0.28437 0.22664 0.00912 0.00041 0.00012 0.00354 0.02185 0.04270 0.06865 0.06720 0.01881 0.00013 
138	2	0.00002 0.01919 0.12889 0.24791 0.35894 0.05454 0.00412 0.00016 0.00019 0.00798 0.03165 0.04828 0.06130 0.03573 0.00103 0.00007 
139	2	0.00002 0.01415 0.06755 0.09572 0.10292 0.23181 0.15948 0.16692 0.00019 0.00796 0.01357 0.01880 0.02213 0.02957 0.04468 0.02453 
140	2	0.00074 0.03206 0.18570 0.25873 0.34966 0.01565 0.02036 0.00114 0.00109 0.01204 0.03377 0.04494 0.03022 0.00827 0.00449 0.00114 
141	2	0.00006 0.00777 0.09011 0.35546 0.34834 0.02573 0.01315 0.00084 0.00026 0.00271 0.02685 0.05338 0.05128 0.01911 0.00408 0.00085 
142	2	0.00019 0.01669 0.21768 0.34315 0.22270 0.03106 0.02144 0.00089 0.00031 0.00815 0.03537 0.05309 0.03348 0.00974 0.00511 0.00094 
143	2	0.00061 0.03294 0.21951 0.24820 0.30287 0.02776 0.01447 0.00018 0.00112 0.01156 0.03644 0.05110 0.03543 0.01352 0.00419 0.00009 
144	2	0.00084 0.02007 0.09726 0.22664 0.32791 0.09359 0.02935 0.00180 0.00063 0.00537 0.02752 0.04359 0.06707 0.05072 0.00626 0.00137 
145	2	0.00030 0.03229 0.12114 0.26172 0.33773 0.04515 0.01210 0.00089 0.00123 0.00934 0.02882 0.04234 0.06277 0.03951 0.00368 0.00100 
146	2	0.00001 0.00748 0.09627 0.41119 0.28433 0.02352 0.02299 0.00038 0.00006 0.00485 0.03225 0.05763 0.03717 0.01357 0.00765 0.00066 
147	2	0.00003 0.00919 0.08065 0.29361 0.28256 0.07309 0.02477 0.00156 0.00026 0.00416 0.02659 0.08255 0.07911 0.03109 0.00991 0.00086 
148	2	0.00013 0.02517 0.14955 0.37829 0.27110 0.01683 0.00606 0.00094 0.00052 0.01310 0.04628 0.05884 0.02832 0.00333 0.00134 0.00019 
149	2	0.00026 0.01281 0.19431 0.36433 0.21878 0.01694 0.00654 0.00003 0.00037 0.00908 0.05385 0.07670 0.03487 0.00853 0.00254 0.00005 
150	2	0.00000 0.02450 0.19257 0.37059 0.18699 0.02839 0.01825 0.00004 0.00013 0.01334 0.04223 0.06654 0.04076 0.01033 0.00519 0.00015 
151	2	0.00010 0.04011 0.19226 0.33168 0.18574 0.00808 0.01235 0.00019 0.00059 0.01432 0.06024 0.09164 0.05091 0.00742 0.00398 0.00040 
152	2	0.00035 0.00330 0.07909 0.30929 0.31238 0.03335 0.01022 0.00015 0.00040 0.00329 0.02990 0.11169 0.08575 0.01497 0.00579 0.00009 
153	2	0.00001 0.02030 0.17310 0.40144 0.19678 0.03063 0.00604 0.00024 0.00028 0.00834 0.03861 0.06206 0.04338 0.01491 0.00378 0.00010 
154	2	0.00004 0.00698 0.18231 0.46289 0.14080 0.02244 0.00102 0.00003 0.00010 0.00479 0.03791 0.07252 0.05256 0.01443 0.00114 0.00003 
155	2	0.00024 0.00979 0.10158 0.25818 0.35180 0.05311 0.01462 0.00022 0.00058 0.00550 0.03666 0.07622 0.05834 0.02352 0.00911 0.00052 
156	2	0.00001 0.01939 0.17851 0.29164 0.26609 0.02594 0.00841 0.00014 0.00026 0.00914 0.05084 0.08026 0.04903 0.01455 0.00564 0.00016 
157	2	0.00000 0.02481 0.26357 0.36961 0.13899 0.02650 0.00277 0.00003 0.00028 0.01176 0.05361 0.06955 0.03025 0.00661 0.00159 0.00006 
158	2	0.00002 0.01727 0.17449 0.37934 0.22066 0.02729 0.01155 0.00075 0.00018 0.00990 0.03526 0.06768 0.04113 0.00913 0.00487 0.00047 
159	2	0.00000 0.00528 0.10538 0.31071 0.37393 0.02200 0.00752 0.00025 0.00002 0.00297 0.03889 0.07314 0.04588 0.00927 0.00451 0.00025 
160	2	0.00001 0.01463 0.18061 0.31151 0.17259 0.02395 0.00178 0.00005 0.00006 0.01161 0.04498 0.12175 0.09978 0.01518 0.00146 0.00005 
161	2	0.00000 0.00373 0.12841 0.23913 0.33178 0.04110 0.00707 0.00022 0.00001 0.00277 0.03610 0.09470 0.08562 0.02401 0.00522 0.00013 
162	2	0.00008 0.03361 0.17759 0.39006 0.11152 0.03635 0.01326 0.00114 0.00068 0.01041 0.05658 0.09547 0.05328 0.01521 0.00432 0.00046 
163	2	0.00031 0.05070 0.31872 0.29221 0.07899 0.02994 0.00356 0.00008 0.00160 0.02228 0.07034 0.07674 0.04013 0.01258 0.00166 0.00016 
164	2	0.00009 0.02451 0.19666 0.24429 0.20602 0.02715 0.00769 0.00018 0.00036 0.01658 0.05586 0.11602 0.09149 0.00944 0.00340 0.00025 
165	2	0.00013 0.01810 0.17530 0.29282 0.25217 0.04223 0.00413 0.00007 0.00072 0.00772 0.04365 0.07801 0.06147 0.02092 0.00249 0.00007 
166	2	0.00004 0.01293 0.17182 0.35694 0.16312 0.03320 0.00712 0.00013 0.00034 0.00597 0.06113 0.10046 0.06137 0.02109 0.00419 0.00014 
167	2	0.00002 0.02652 0.20905 0.29755 0.16296 0.04070 0.00781 0.00056 0.00068 0.01656 0.06441 0.08964 0.05946 0.02077 0.00301 0.00031 
168	2	0.00002 0.01856 0.19089 0.44282 0.05287 0.02339 0.00363 0.00020 0.00032 0.01005 0.05850 0.12448 0.06378 0.00867 0.00164 0.00016 
169	2	0.00001 0.04271 0.23984 0.32213 0.09474 0.02802 0.00797 0.00010 0.00059 0.01783 0.06466 0.10529 0.06388 0.00986 0.00227 0.00009 
170	2	0.00009 0.02565 0.15301 0.46614 0.07482 0.02001 0.00521 0.00009 0.00109 0.01126 0.05298 0.11183 0.06583 0.01028 0.00157 0.00015 
171	2	0.00014 0.02507 0.23008 0.46886 0.04792 0.01549 0.00298 0.00011 0.00072 0.01031 0.05896 0.09221 0.03806 0.00790 0.00109 0.00010 
172	2	0.00010 0.03830 0.24551 0.40447 0.03242 0.01251 0.00480 0.00039 0.00062 0.02064 0.08943 0.11199 0.03047 0.00627 0.00170 0.00039 
173	2	0.00008 0.01463 0.20951 0.44789 0.05351 0.01708 0.00169 0.00000 0.00038 0.00818 0.06351 0.11560 0.05863 0.00872 0.00056 0.00002 
174	2	0.00020 0.04086 0.27190 0.43641 0.02938 0.01133 0.00185 0.00011 0.00164 0.02176 0.08331 0.08037 0.01540 0.00458 0.00082 0.00010 
175	2	0.00007 0.02357 0.21337 0.32619 0.13040 0.01300 0.00329 0.00005 0.00062 0.01520 0.06788 0.12552 0.07519 0.00435 0.00122 0.00009 
176	2	0.00027 0.02677 0.17931 0.23325 0.28877 0.00479 0.00208 0.00002 0.00088 0.01618 0.06344 0.10724 0.07278 0.00292 0.00121 0.00008 
177	2	0.00010 0.03811 0.17028 0.21240 0.23557 0.02163 0.00396 0.00012 0.00075 0.01633 0.06430 0.12932 0.09795 0.00714 0.00180 0.00025 
178	2	0.00003 0.05053 0.27212 0.36449 0.04899 0.01126 0.00187 0.00000 0.00041 0.02350 0.08220 0.09900 0.03845 0.00615 0.00098 0.00003 
179	2	0.00001 0.05088 0.23660 0.31943 0.06383 0.01826 0.00476 0.00001 0.00041 0.03196 0.08582 0.11247 0.06412 0.00935 0.00203 0.00007 
180	2	0.00005 0.03185 0.20840 0.26551 0.16362 0.01923 0.00894 0.00051 0.00091 0.01482 0.07004 0.12507 0.08200 0.00626 0.00226 0.00052 
181	2	0.00028 0.04405 0.28567 0.41355 0.03008 0.01063 0.00647 0.00008 0.00127 0.02253 0.08076 0.08002 0.01727 0.00529 0.00188 0.00015 
182	2	0.00035 0.05485 0.26055 0.45726 0.03065 0.00497 0.00158 0.00002 0.00160 0.03506 0.08188 0.05769 0.01013 0.00255 0.00081 0.00005 
183	2	0.00025 0.03893 0.25275 0.35082 0.05121 0.02172 0.01204 0.00009 0.00192 0.02154 0.06921 0.11276 0.05461 0.00823 0.00370 0.00023 
184	2	0.00003 0.00726 0.20623 0.39892 0.08537 0.00762 0.00898 0.00074 0.00018 0.01466 0.07922 0.12837 0.05649 0.00343 0.00201 0.00049 
185	2	0.00000 0.01877 0.26481 0.40434 0.04644 0.00583 0.00152 0.00006 0.00010 0.01385 0.09241 0.11611 0.03318 0.00196 0.00058 0.00004 
186	2	0.00018 0.04081 0.26547 0.42708 0.01702 0.00525 0.00155 0.00012 0.00166 0.02377 0.09762 0.10226 0.01458 0.00189 0.00065 0.00009 
187	2	0.00012 0.02295 0.22924 0.47945 0.03470 0.01125 0.00135 0.00004 0.00035 0.01483 0.08282 0.09905 0.02015 0.00311 0.00055 0.00005 
188	2	0.00024 0.05069 0.25725 0.43041 0.02437 0.00873 0.00097 0.00004 0.00083 0.02903 0.09021 0.08877 0.01504 0.00288 0.00048 0.00005 
189	2	0.00034 0.06100 0.23276 0.40737 0.03852 0.00964 0.00361 0.00017 0.00193 0.03035 0.07409 0.09614 0.03894 0.00368 0.00131 0.00017 
190	2	0.00006 0.03968 0.24682 0.43743 0.03512 0.01385 0.00604 0.00039 0.00054 0.01944 0.06637 0.09357 0.03392 0.00496 0.00161 0.00023 
191	2	0.00005 0.05110 0.26855 0.39870 0.02435 0.00968 0.00741 0.00010 0.00045 0.01897 0.07995 0.10539 0.03101 0.00287 0.00128 0.00013 
192	2	0.00016 0.03777 0.33407 0.29980 0.04479 0.00738 0.00320 0.00015 0.00087 0.02160 0.09421 0.11093 0.04075 0.00310 0.00108 0.00013 
193	2	0.00015 0.04959 0.32260 0.34574 0.02737 0.01103 0.00368 0.00011 0.00061 0.03343 0.10398 0.08265 0.01374 0.00379 0.00141 0.00013 
194	2	0.00000 0.03165 0.24088 0.41143 0.03776 0.00656 0.00239 0.00028 0.00014 0.02540 0.08017 0.11235 0.04697 0.00312 0.00076 0.00014 
195	2	0.00038 0.04827 0.23344 0.50408 0.03114 0.00590 0.00240 0.00025 0.00106 0.02583 0.07425 0.06004 0.00952 0.00243 0.00086 0.00015 
196	2	0.00062 0.04950 0.17674 0.45482 0.04755 0.01369 0.00474 0.00043 0.00128 0.02453 0.07086 0.10272 0.04798 0.00334 0.00101 0.00020 
197	2	0.00008 0.02694 0.12172 0.56288 0.06496 0.01529 0.00429 0.00073 0.00031 0.01477 0.03130 0.08846 0.06337 0.00347 0.00116 0.00029 
198	2	0.00055 0.03375 0.13614 0.41674 0.20517 0.02055 0.00800 0.00047 0.00112 0.01387 0.02960 0.06814 0.05871 0.00486 0.00198 0.00036 
199	2	0.00016 0.01956 0.19470 0.30174 0.30481 0.02905 0.01443 0.00072 0.00015 0.01073 0.02772 0.05082 0.03633 0.00595 0.00279 0.00032 
200	3	0.00051 0.00769 0.04394 0.07343 0.17898 0.61956 0.00153 0.00031 0.00023 0.00232 0.01362 0.01827 0.02054 0.01700 0.00161 0.00046 
201	3	0.00029 0.00863 0.06093 0.06830 0.22582 0.50383 0.00085 0.00134 0.00051 0.00490 0.01452 0.02011 0.04251 0.04421 0.00239 0.00085 
202	3	0.00053 0.01103 0.06874 0.06634 0.30322 0.45398 0.00100 0.00007 0.00079 0.00480 0.01599 0.01818 0.02846 0.02467 0.00209 0.00011 
203	3	0.00016 0.00461 0.06783 0.07508 0.25456 0.49273 0.00466 0.00027 0.00013 0.00198 0.01588 0.01919 0.03026 0.02875 0.00344 0.00049 
204	3	0.00038 0.00657 0.06305 0.04996 0.23933 0.55912 0.00116 0.00010 0.00024 0.00291 0.01704 0.01888 0.02166 0.01795 0.00143 0.00022 
205	3	0.00011 0.00938 0.06247 0.05989 0.24357 0.52899 0.00114 0.00011 0.00020 0.00428 0.01848 0.01992 0.02693 0.02252 0.00184 0.00017 
206	3	0.00058 0.01019 0.07306 0.06414 0.33371 0.41891 0.00845 0.00028 0.00054 0.00493 0.01744 0.01973 0.02490 0.01958 0.00293 0.00063 
207	3	0.00016 0.01409 0.07053 0.06259 0.25062 0.50968 0.00085 0.00028 0.00047 0.00499 0.01587 0.01890 0.02520 0.02388 0.00166 0.00024 
208	3	0.00013 0.00813 0.04905 0.05768 0.20453 0.59047 0.00326 0.01075 0.00009 0.00202 0.01378 0.01670 0.01948 0.01829 0.00397 0.00165 
209	3	0.00031 0.01743 0.05241 0.06542 0.24416 0.47746 0.00120 0.00466 0.00041 0.00655 0.01562 0.01987 0.04141 0.04539 0.00468 0.00302 
210	3	0.00008 0.00798 0.07270 0.06488 0.32542 0.43477 0.00028 0.00114 0.00019 0.00361 0.01774 0.01983 0.02697 0.02207 0.00157 0.00076 
211	3	0.00009 0.00806 0.05140 0.06222 0.26889 0.51817 0.00292 0.00062 0.00028 0.00325 0.01411 0.02040 0.02587 0.02043 0.00280 0.00049 
212	3	0.00007 0.00874 0.04983 0.06707 0.33275 0.41662 0.00288 0.00058 0.00051 0.00479 0.01982 0.02917 0.03372 0.02708 0.00506 0.00130 
213	3	0.00001 0.00793 0.05588 0.06533 0.27972 0.46961 0.00410 0.00154 0.00009 0.00427 0.02081 0.02645 0.02943 0.02677 0.00644 0.00160 
214	3	0.00027 0.01136 0.06499 0.06049 0.26677 0.47016 0.00321 0.00135 0.00043 0.00517 0.01814 0.02136 0.03453 0.03545 0.00482 0.00150 
215	3	0.00029 0.01145 0.05202 0.06933 0.26508 0.51360 0.00191 0.00055 0.00032 0.00450 0.01630 0.01979 0.02330 0.01948 0.00183 0.00024 
216	3	0.00012 0.01197 0.07628 0.05688 0.30102 0.43914 0.00353 0.00561 0.00030 0.00601 0.02204 0.02290 0.02525 0.02264 0.00488 0.00144 
217	3	0.00008 0.00654 0.04214 0.05807 0.28029 0.51337 0.00453 0.00477 0.00006 0.00327 0.01467 0.02038 0.02512 0.01937 0.00498 0.00236 
218	3	0.00042 0.00934 0.06652 0.05948 0.32684 0.44167 0.00198 0.00132 0.00037 0.00329 0.01637 0.02155 0.02498 0.02093 0.00333 0.00161 
219	3	0.00008 0.01223 0.07613 0.07659 0.24783 0.43417 0.04295 0.00237 0.00020 0.00521 0.02205 0.02600 0.02680 0.02122 0.00517 0.00100 
220	3	0.00004 0.01055 0.06626 0.05767 0.24464 0.52214 0.00345 0.00103 0.00012 0.00411 0.02001 0.02211 0.02477 0.02051 0.00217 0.00042 
221	3	0.00005 0.00971 0.07851 0.05545 0.26655 0.48789 0.00192 0.00115 0.00017 0.00499 0.01965 0.02112 0.02644 0.02209 0.00334 0.00097 
222	3	0.00008 0.00949 0.05996 0.06960 0.29219 0.46098 0.00301 0.00066 0.00024 0.00440 0.01920 0.02541 0.02945 0.02168 0.00288 0.00077 
223	3	0.00021 0.00945 0.04713 0.04488 0.20811 0.57617 0.01249 0.00404 0.00036 0.00438 0.01775 0.02009 0.02117 0.02172 0.00873 0.00332 
224	3	0.00008 0.00466 0.04770 0.06428 0.21328 0.54462 0.01957 0.00339 0.00022 0.00364 0.01943 0.02377 0.02360 0.02404 0.00610 0.00159 
225	3	0.00028 0.00502 0.03103 0.08252 0.05878 0.53974 0.08587 0.00074 0.00028 0.00257 0.01680 0.02459 0.01735 0.07438 0.05893 0.00112 
226	3	0.00008 0.01208 0.05342 0.05340 0.08784 0.60584 0.02517 0.00027 0.00052 0.00588 0.01980 0.02247 0.01832 0.06055 0.03334 0.00102 
227	3	0.00000 0.00404 0.02803 0.07912 0.08396 0.43082 0.18221 0.00211 0.00006 0.00283 0.01633 0.02260 0.01858 0.06622 0.06189 0.00120 
228	3	0.00004 0.00197 0.02650 0.05583 0.03880 0.30760 0.46597 0.00447 0.00007 0.00223 0.01334 0.02189 0.01810 0.02327 0.01898 0.00094 
229	3	0.00003 0.00695 0.03185 0.08384 0.10105 0.67887 0.00461 0.00105 0.00011 0.00188 0.01266 0.02010 0.02705 0.02440 0.00474 0.00083 
230	3	0.00006 0.00840 0.08044 0.07650 0.15767 0.56751 0.00485 0.00130 0.00022 0.00382 0.01928 0.02279 0.02479 0.02543 0.00615 0.00078 
231	3	0.00047 0.00866 0.07709 0.09030 0.13147 0.58283 0.00607 0.00189 0.00044 0.00323 0.01869 0.02327 0.02356 0.02294 0.00701 0.00208 
232	3	0.00008 0.01211 0.05212 0.09439 0.18759 0.54425 0.00627 0.00047 0.00028 0.00434 0.01797 0.02353 0.02582 0.02411 0.00630 0.00037 
233	3	0.00048 0.01800 0.05929 0.09072 0.19331 0.52665 0.01108 0.00078 0.00050 0.00490 0.01784 0.01991 0.02278 0.02548 0.00775 0.00050 
234	3	0.00030 0.00989 0.05886 0.06092 0.12624 0.63254 0.00583 0.00442 0.00050 0.00611 0.01755 0.01939 0.02470 0.02499 0.00633 0.00143 
235	3	0.00009 0.01357 0.08239 0.06823 0.14327 0.58738 0.00992 0.00012 0.00023 0.00658 0.01996 0.02076 0.02119 0.02059 0.00548 0.00024 
236	3	0.00026 0.00685 0.04761 0.07735 0.09972 0.64471 0.00846 0.00326 0.00021 0.00314 0.01610 0.02242 0.01976 0.03620 0.01284 0.00108 
237	3	0.00000 0.00200 0.02623 0.07697 0.05015 0.22400 0.47190 0.00333 0.00008 0.00282 0.01726 0.03350 0.02763 0.03321 0.02757 0.00335 
238	3	0.00008 0.00538 0.03057 0.09068 0.08636 0.33871 0.27725 0.00106 0.00016 0.00313 0.01367 0.02770 0.02565 0.04882 0.04958 0.00119 
239	3	0.00000 0.00031 0.02792 0.09747 0.07978 0.34730 0.25454 0.00084 0.00003 0.00078 0.01439 0.02785 0.02386 0.06047 0.06349 0.00097 
240	3	0.00002 0.00839 0.04554 0.08826 0.09692 0.44581 0.06232 0.00179 0.00017 0.00357 0.01947 0.02900 0.02079 0.10145 0.07539 0.00111 
241	3	0.00020 0.01075 0.05593 0.07707 0.11034 0.63170 0.00947 0.00001 0.00049 0.00453 0.01861 0.02429 0.02536 0.02536 0.00575 0.00013 
242	3	0.00018 0.00912 0.02036 0.06984 0.10707 0.68200 0.01560 0.00078 0.00027 0.00329 0.01263 0.02184 0.02123 0.02587 0.00908 0.00083 
243	3	0.00007 0.00301 0.02090 0.09469 0.14842 0.56772 0.01734 0.00041 0.00007 0.00141 0.01233 0.02289 0.02377 0.06229 0.02427 0.00041 
244	3	0.00002 0.00972 0.04738 0.05778 0.21318 0.56548 0.00371 0.00022 0.00023 0.00342 0.01881 0.02609 0.02363 0.02460 0.00536 0.00038 
245	3	0.00006 0.00944 0.03511 0.09692 0.10331 0.63731 0.01204 0.00109 0.00011 0.00305 0.01730 0.02338 0.02070 0.02937 0.00977 0.00103 
246	3	0.00124 0.00733 0.03171 0.09384 0.09347 0.63372 0.01441 0.00201 0.00037 0.00264 0.01505 0.02352 0.01827 0.04393 0.01760 0.00086 
247	3	0.00054 0.01188 0.07580 0.06812 0.18986 0.49217 0.06270 0.00290 0.00053 0.00379 0.02059 0.02317 0.02101 0.02103 0.00527 0.00065 
248	3	0.00127 0.00928 0.06312 0.07367 0.18380 0.56921 0.00477 0.00297 0.00049 0.00347 0.02100 0.02463 0.01779 0.01975 0.00410 0.00068 
249	3	0.00021 0.00878 0.07485 0.06883 0.12834 0.59437 0.00390 0.00025 0.00050 0.00471 0.02507 0.02899 0.02496 0.03031 0.00567 0.00027 
250	3	0.00007 0.00540 0.04667 0.08451 0.12614 0.61433 0.00902 0.00134 0.00017 0.00316 0.02072 0.03208 0.02404 0.02384 0.00748 0.00104 
251	3	0.00006 0.00700 0.02993 0.07889 0.10198 0.65929 0.01069 0.00164 0.00042 0.00451 0.01709 0.02656 0.02401 0.02683 0.01026 0.00084 
252	3	0.00000 0.00552 0.03225 0.08575 0.13128 0.60177 0.01689 0.00233 0.00006 0.00392 0.01936 0.02670 0.02351 0.03610 0.01337 0.00120 
253	3	0.00008 0.00601 0.03976 0.06749 0.09554 0.69023 0.00551 0.00202 0.00025 0.00415 0.01532 0.02299 0.02068 0.02164 0.00692 0.00141 
254	3	0.00003 0.00639 0.05608 0.06612 0.10705 0.63873 0.01890 0.00099 0.00020 0.00455 0.02227 0.02547 0.01946 0.02491 0.00801 0.00083 
255	3	0.00011 0.00768 0.05543 0.05956 0.06450 0.69095 0.01228 0.00784 0.00038 0.00471 0.02059 0.02368 0.01797 0.02232 0.00928 0.00271 
256	3	0.00001 0.00417 0.05295 0.05803 0.11772 0.59498 0.00395 0.00032 0.00017 0.00313 0.01954 0.02730 0.02827 0.06393 0.02403 0.00150 
257	3	0.00022 0.00513 0.02589 0.08794 0.06889 0.53930 0.03073 0.00039 0.00029 0.00386 0.02234 0.03327 0.02467 0.09688 0.05964 0.00057 
258	3	0.00060 0.00538 0.04201 0.07518 0.09807 0.57580 0.01810 0.00213 0.00031 0.00308 0.02006 0.02692 0.02245 0.07090 0.03813 0.00088 
259	3	0.00043 0.00804 0.06503 0.09303 0.07700 0.53747 0.03125 0.00286 0.00060 0.00522 0.02689 0.03078 0.01887 0.06294 0.03897 0.00062 
260	3	0.00005 0.00424 0.02365 0.11474 0.06673 0.36772 0.29719 0.00588 0.00017 0.00256 0.01663 0.02586 0.01686 0.03011 0.02625 0.00135 
261	3	0.00006 0.00602 0.02018 0.05947 0.05158 0.21187 0.55757 0.00374 0.00013 0.00235 0.01369 0.02394 0.01914 0.01727 0.01151 0.00149 
262	3	0.00001 0.00570 0.01107 0.07852 0.09689 0.51343 0.08628 0.00110 0.00005 0.00181 0.00909 0.02238 0.02253 0.08684 0.06374 0.00055 
263	3	0.00006 0.01068 0.04887 0.07267 0.13567 0.59474 0.01196 0.00185 0.00024 0.00396 0.01852 0.02536 0.02256 0.03808 0.01387 0.00090 
264	3	0.00003 0.00637 0.02967 0.07199 0.12416 0.58832 0.02766 0.00009 0.00013 0.00493 0.01554 0.02558 0.02765 0.05360 0.02338 0.00091 
265	3	0.00000 0.00534 0.02712 0.09397 0.13657 0.50760 0.03292 0.00096 0.00004 0.00261 0.01586 0.02695 0.02123 0.07937 0.04811 0.00135 
266	3	0.00006 0.00513 0.02473 0.08495 0.07375 0.57531 0.04266 0.00199 0.00017 0.00327 0.01357 0.02768 0.02701 0.07622 0.04251 0.00099 
267	3	0.00000 0.00392 0.02794 0.06812 0.07135 0.57045 0.05292 0.00111 0.00002 0.00314 0.01358 0.02230 0.02298 0.08787 0.05318 0.00113 
268	3	0.00000 0.00428 0.02210 0.07953 0.07752 0.53544 0.07533 0.00046 0.00009 0.00278 0.01373 0.02451 0.02297 0.08400 0.05690 0.00035 
269	3	0.00005 0.00483 0.02086 0.07804 0.07255 0.32963 0.26194 0.00506 0.00020 0.00352 0.01524 0.02893 0.02465 0.07623 0.07610 0.00217 
270	3	0.00024 0.00699 0.04217 0.06559 0.03004 0.22383 0.52474 0.00148 0.00041 0.00326 0.01823 0.02595 0.01767 0.02123 0.01619 0.00200 
271	3	0.00000 0.00446 0.03082 0.08978 0.05235 0.26987 0.41227 0.00011 0.00017 0.00271 0.01339 0.02441 0.01992 0.03847 0.04088 0.00038 
272	3	0.00002 0.00418 0.00867 0.04747 0.07280 0.11095 0.67250 0.00143 0.00009 0.00182 0.00730 0.01987 0.02318 0.01736 0.01053 0.00183 
273	3	0.00004 0.00536 0.00803 0.07772 0.06216 0.07812 0.67834 0.00402 0.00021 0.00200 0.00597 0.02160 0.02166 0.01698 0.01537 0.00241 
274	3	0.00001 0.00338 0.00654 0.06100 0.07129 0.05130 0.72060 0.00114 0.00006 0.00172 0.00545 0.02335 0.02710 0.01474 0.01134 0.00097 
275	3	0.00013 0.00340 0.00939 0.04972 0.06580 0.07616 0.69455 0.00536 0.00023 0.00242 0.00919 0.02158 0.02479 0.02062 0.01444 0.00222 
276	3	0.00002 0.00179 0.00574 0.03863 0.08850 0.05917 0.72275 0.00439 0.00005 0.00098 0.00288 0.01531 0.02357 0.01859 0.01540 0.00222 
277	3	0.00002 0.00328 0.01175 0.07256 0.06331 0.11221 0.64575 0.00056 0.00011 0.00217 0.00883 0.02355 0.02275 0.01828 0.01358 0.00129 
278	3	0.00020 0.00373 0.00963 0.06122 0.08159 0.08395 0.67051 0.00168 0.00038 0.00186 0.00719 0.02011 0.02365 0.01880 0.01421 0.00127 
279	3	0.00002 0.00306 0.00722 0.04709 0.09310 0.06065 0.69298 0.00133 0.00009 0.00260 0.00696 0.02289 0.03034 0.01774 0.01259 0.00134 
280	3	0.00006 0.00302 0.01036 0.06342 0.08335 0.05668 0.69194 0.00078 0.00025 0.00177 0.00593 0.02537 0.02929 0.01510 0.01193 0.00072 
281	3	0.00012 0.00585 0.00820 0.04766 0.05855 0.08944 0.68712 0.01196 0.00029 0.00192 0.00572 0.01819 0.02185 0.02015 0.01843 0.00454 
282	3	0.00027 0.00574 0.01630 0.05990 0.06747 0.14766 0.60521 0.00108 0.00039 0.00313 0.00962 0.02446 0.02637 0.01964 0.01195 0.00082 
283	3	0.00005 0.00204 0.00988 0.07312 0.07563 0.18194 0.55554 0.00054 0.00026 0.00212 0.00965 0.02658 0.02835 0.02159 0.01196 0.00075 
284	3	0.00008 0.00145 0.01434 0.05981 0.07293 0.14733 0.61951 0.00171 0.00015 0.00153 0.00930 0.02294 0.02203 0.01552 0.01031 0.00107 
285	3	0.00006 0.00334 0.01077 0.09732 0.05389 0.21191 0.51368 0.00357 0.00010 0.00186 0.00898 0.02624 0.02699 0.02117 0.01597 0.00417 
286	3	0.00012 0.00439 0.01734 0.06793 0.06407 0.15320 0.57971 0.00246 0.00020 0.00303 0.01397 0.03091 0.02829 0.01972 0.01267 0.00197 
287	3	0.00000 0.00194 0.01180 0.06011 0.07866 0.29779 0.40552 0.00206 0.00002 0.00183 0.00728 0.02242 0.02567 0.04116 0.04236 0.00139 
288	3	0.00006 0.00938 0.05385 0.05698 0.09288 0.50405 0.06875 0.01029 0.00026 0.00538 0.01876 0.02492 0.02305 0.07617 0.05153 0.00370 
289	3	0.00003 0.00487 0.04128 0.08639 0.07108 0.56516 0.04918 0.00331 0.00020 0.00311 0.01616 0.02537 0.02172 0.06774 0.04235 0.00204 
290	3	0.00001 0.00311 0.02084 0.05861 0.08658 0.34384 0.36314 0.00209 0.00005 0.00352 0.01452 0.02781 0.03019 0.02764 0.01592 0.00214 
291	3	0.00019 0.00596 0.01555 0.06928 0.05590 0.07971 0.67322 0.00270 0.00044 0.00324 0.01011 0.02195 0.02460 0.02078 0.01495 0.00140 
292	3	0.00013 0.00339 0.03930 0.05987 0.04524 0.15145 0.56933 0.00281 0.00023 0.00414 0.02098 0.03060 0.02404 0.02612 0.01828 0.00408 
293	3	0.00000 0.00193 0.02546 0.07019 0.04345 0.32426 0.37240 0.01569 0.00004 0.00297 0.01494 0.02505 0.02296 0.03607 0.03631 0.00827 
294	3	0.00030 0.00968 0.04132 0.07694 0.08181 0.65890 0.01448 0.00054 0.00053 0.00598 0.02032 0.02724 0.02248 0.02899 0.00994 0.00055 
295	3	0.00000 0.00396 0.02331 0.08056 0.07184 0.55403 0.04185 0.00714 0.00003 0.00185 0.01221 0.02803 0.03277 0.08652 0.05286 0.00304 
296	3	0.00000 0.00244 0.03402 0.08359 0.06401 0.55583 0.04483 0.00430 0.00003 0.00254 0.01677 0.02972 0.02471 0.08169 0.05323 0.00229 
