1400	14	16
0	1	0.00006 0.00000 0.01205 0.00000 0.03772 0.00000 0.07959 0.00000 0.47801 0.00000 0.39159 0.00000 0.00078 0.00000 0.00020 0.00000 
1	1	0.00033 0.00000 0.00395 0.00000 0.03920 0.00000 0.10169 0.00000 0.36336 0.00000 0.43715 0.00000 0.05432 0.00000 0.00000 0.00000 
2	1	0.00105 0.00000 0.00389 0.00000 0.03119 0.00000 0.10395 0.00000 0.30923 0.00000 0.44952 0.00000 0.10113 0.00000 0.00002 0.00000 
3	1	0.00030 0.00000 0.00267 0.00000 0.02449 0.00000 0.05609 0.00000 0.33718 0.00000 0.54341 0.00000 0.03583 0.00000 0.00003 0.00000 
4	1	0.00015 0.00000 0.00190 0.00000 0.00822 0.00000 0.04408 0.00000 0.22443 0.00000 0.47755 0.00000 0.24363 0.00000 0.00004 0.00000 
5	1	0.00042 0.00000 0.00341 0.00000 0.03611 0.00000 0.11439 0.00000 0.27706 0.00000 0.45270 0.00000 0.11587 0.00000 0.00004 0.00000 
6	1	0.00014 0.00000 0.00201 0.00000 0.00907 0.00000 0.07615 0.00000 0.11495 0.00000 0.42697 0.00000 0.35518 0.00000 0.01553 0.00000 
7	1	0.00022 0.00000 0.00333 0.00000 0.02443 0.00000 0.10087 0.00000 0.31899 0.00000 0.51017 0.00000 0.04196 0.00000 0.00002 0.00000 
8	1	0.00020 0.00000 0.00367 0.00000 0.02729 0.00000 0.10520 0.00000 0.31461 0.00000 0.42251 0.00000 0.12648 0.00000 0.00005 0.00000 
9	1	0.00071 0.00000 0.00512 0.00000 0.04512 0.00000 0.11009 0.00000 0.44711 0.00000 0.39153 0.00000 0.00032 0.00000 0.00001 0.00000 
10	1	0.00035 0.00000 0.00231 0.00000 0.02230 0.00000 0.11701 0.00000 0.35144 0.00000 0.50492 0.00000 0.00157 0.00000 0.00009 0.00000 
11	1	0.00023 0.00000 0.00359 0.00000 0.04630 0.00000 0.08344 0.00000 0.11051 0.00000 0.34470 0.00000 0.37022 0.00000 0.04100 0.00000 
12	1	0.00085 0.00000 0.01651 0.00000 0.07726 0.00000 0.11139 0.00000 0.36862 0.00000 0.38943 0.00000 0.03576 0.00000 0.00018 0.00000 
13	1	0.00028 0.00000 0.00946 0.00000 0.03112 0.00000 0.03010 0.00000 0.17040 0.00000 0.34295 0.00000 0.32950 0.00000 0.08618 0.00000 
14	1	0.00061 0.00000 0.03848 0.00000 0.08521 0.00000 0.16629 0.00000 0.41102 0.00000 0.29713 0.00000 0.00114 0.00000 0.00013 0.00000 
15	1	0.00041 0.00000 0.00310 0.00000 0.04678 0.00000 0.15067 0.00000 0.39827 0.00000 0.39813 0.00000 0.00241 0.00000 0.00023 0.00000 
16	1	0.00021 0.00000 0.00238 0.00000 0.03102 0.00000 0.09000 0.00000 0.35959 0.00000 0.29396 0.00000 0.22255 0.00000 0.00029 0.00000 
17	1	0.00022 0.00000 0.00101 0.00000 0.02380 0.00000 0.09694 0.00000 0.28292 0.00000 0.40233 0.00000 0.19201 0.00000 0.00078 0.00000 
18	1	0.00032 0.00000 0.00238 0.00000 0.01111 0.00000 0.06221 0.00000 0.16844 0.00000 0.49659 0.00000 0.25893 0.00000 0.00002 0.00000 
19	1	0.00018 0.00000 0.00249 0.00000 0.03290 0.00000 0.09418 0.00000 0.56486 0.00000 0.30499 0.00000 0.00038 0.00000 0.00003 0.00000 
20	1	0.00006 0.00000 0.00244 0.00000 0.02228 0.00000 0.09881 0.00000 0.46796 0.00000 0.40812 0.00000 0.00031 0.00000 0.00001 0.00000 
21	1	0.00026 0.00000 0.00289 0.00000 0.02985 0.00000 0.09347 0.00000 0.45092 0.00000 0.41696 0.00000 0.00563 0.00000 0.00002 0.00000 
22	1	0.00093 0.00000 0.00563 0.00000 0.05939 0.00000 0.16132 0.00000 0.41773 0.00000 0.35452 0.00000 0.00046 0.00000 0.00001 0.00000 
23	1	0.00013 0.00000 0.00355 0.00000 0.02442 0.00000 0.15110 0.00000 0.31503 0.00000 0.43118 0.00000 0.07454 0.00000 0.00005 0.00000 
24	1	0.00027 0.00000 0.00301 0.00000 0.01416 0.00000 0.08705 0.00000 0.24192 0.00000 0.50414 0.00000 0.14941 0.00000 0.00003 0.00000 
25	1	0.00003 0.00000 0.00230 0.00000 0.02711 0.00000 0.09335 0.00000 0.27114 0.00000 0.47490 0.00000 0.13111 0.00000 0.00005 0.00000 
26	1	0.00015 0.00000 0.00458 0.00000 0.01683 0.00000 0.13403 0.00000 0.40932 0.00000 0.42975 0.00000 0.00529 0.00000 0.00004 0.00000 
27	1	0.00054 0.00000 0.00601 0.00000 0.06564 0.00000 0.13684 0.00000 0.41821 0.00000 0.37122 0.00000 0.00150 0.00000 0.00004 0.00000 
28	1	0.00010 0.00000 0.00040 0.00000 0.01425 0.00000 0.11367 0.00000 0.19064 0.00000 0.43541 0.00000 0.24535 0.00000 0.00018 0.00000 
29	1	0.00057 0.00000 0.00384 0.00000 0.04974 0.00000 0.13006 0.00000 0.50412 0.00000 0.31117 0.00000 0.00046 0.00000 0.00003 0.00000 
30	1	0.00069 0.00000 0.00304 0.00000 0.02018 0.00000 0.11166 0.00000 0.13855 0.00000 0.46755 0.00000 0.25829 0.00000 0.00004 0.00000 
31	1	0.00010 0.00000 0.00109 0.00000 0.01837 0.00000 0.04537 0.00000 0.51056 0.00000 0.42418 0.00000 0.00031 0.00000 0.00003 0.00000 
32	1	0.00005 0.00000 0.00077 0.00000 0.00773 0.00000 0.02866 0.00000 0.31560 0.00000 0.58139 0.00000 0.06576 0.00000 0.00004 0.00000 
33	1	0.00023 0.00000 0.00318 0.00000 0.02777 0.00000 0.05475 0.00000 0.48150 0.00000 0.43227 0.00000 0.00027 0.00000 0.00002 0.00000 
34	1	0.00006 0.00000 0.00257 0.00000 0.02607 0.00000 0.07942 0.00000 0.32066 0.00000 0.47611 0.00000 0.09499 0.00000 0.00010 0.00000 
35	1	0.00026 0.00000 0.00189 0.00000 0.02395 0.00000 0.07044 0.00000 0.39373 0.00000 0.48986 0.00000 0.01982 0.00000 0.00005 0.00000 
36	1	0.00027 0.00000 0.00184 0.00000 0.03711 0.00000 0.07910 0.00000 0.54596 0.00000 0.33547 0.00000 0.00023 0.00000 0.00001 0.00000 
37	1	0.00008 0.00000 0.01426 0.00000 0.09480 0.00000 0.26362 0.00000 0.49990 0.00000 0.10259 0.00000 0.02202 0.00000 0.00273 0.00000 
38	1	0.00001 0.00000 0.01009 0.00000 0.12317 0.00000 0.26988 0.00000 0.46259 0.00000 0.10331 0.00000 0.02492 0.00000 0.00604 0.00000 
39	1	0.00013 0.00000 0.00608 0.00000 0.07088 0.00000 0.15913 0.00000 0.39470 0.00000 0.34444 0.00000 0.01898 0.00000 0.00566 0.00000 
40	1	0.00007 0.00000 0.00646 0.00000 0.03991 0.00000 0.11458 0.00000 0.80481 0.00000 0.02853 0.00000 0.00500 0.00000 0.00065 0.00000 
41	1	0.00005 0.00000 0.01904 0.00000 0.13945 0.00000 0.24273 0.00000 0.53247 0.00000 0.04857 0.00000 0.01663 0.00000 0.00107 0.00000 
42	1	0.00046 0.00000 0.09546 0.00000 0.20140 0.00000 0.20268 0.00000 0.41825 0.00000 0.05597 0.00000 0.02368 0.00000 0.00209 0.00000 
43	1	0.00041 0.00000 0.04456 0.00000 0.11049 0.00000 0.20576 0.00000 0.57067 0.00000 0.04706 0.00000 0.01904 0.00000 0.00200 0.00000 
44	1	0.00017 0.00000 0.01264 0.00000 0.05532 0.00000 0.10908 0.00000 0.76510 0.00000 0.04614 0.00000 0.01010 0.00000 0.00146 0.00000 
45	1	0.00055 0.00000 0.01783 0.00000 0.08582 0.00000 0.31798 0.00000 0.49099 0.00000 0.06332 0.00000 0.02223 0.00000 0.00128 0.00000 
46	1	0.00012 0.00000 0.01176 0.00000 0.10602 0.00000 0.22080 0.00000 0.54920 0.00000 0.08396 0.00000 0.02644 0.00000 0.00171 0.00000 
47	1	0.00005 0.00000 0.00437 0.00000 0.06648 0.00000 0.18592 0.00000 0.54752 0.00000 0.15929 0.00000 0.02652 0.00000 0.00985 0.00000 
48	1	0.00007 0.00000 0.02313 0.00000 0.08071 0.00000 0.30600 0.00000 0.53604 0.00000 0.03320 0.00000 0.01771 0.00000 0.00314 0.00000 
49	1	0.00018 0.00000 0.01970 0.00000 0.10862 0.00000 0.19126 0.00000 0.53348 0.00000 0.09760 0.00000 0.04424 0.00000 0.00491 0.00000 
50	1	0.00013 0.00000 0.00794 0.00000 0.07108 0.00000 0.24434 0.00000 0.51388 0.00000 0.13118 0.00000 0.02552 0.00000 0.00593 0.00000 
51	1	0.00131 0.00000 0.02664 0.00000 0.08108 0.00000 0.42055 0.00000 0.38515 0.00000 0.06490 0.00000 0.01917 0.00000 0.00120 0.00000 
52	1	0.00012 0.00000 0.01714 0.00000 0.11935 0.00000 0.33399 0.00000 0.44451 0.00000 0.05685 0.00000 0.02376 0.00000 0.00428 0.00000 
53	1	0.00016 0.00000 0.01074 0.00000 0.06122 0.00000 0.15435 0.00000 0.26097 0.00000 0.46702 0.00000 0.04176 0.00000 0.00378 0.00000 
54	1	0.00001 0.00000 0.01043 0.00000 0.06242 0.00000 0.26002 0.00000 0.63091 0.00000 0.02548 0.00000 0.00860 0.00000 0.00212 0.00000 
55	1	0.00040 0.00000 0.01537 0.00000 0.04285 0.00000 0.51070 0.00000 0.40899 0.00000 0.01224 0.00000 0.00749 0.00000 0.00196 0.00000 
56	1	0.00004 0.00000 0.00428 0.00000 0.07358 0.00000 0.27072 0.00000 0.55010 0.00000 0.08913 0.00000 0.01054 0.00000 0.00161 0.00000 
57	1	0.00010 0.00000 0.00092 0.00000 0.01705 0.00000 0.04362 0.00000 0.79962 0.00000 0.12577 0.00000 0.01101 0.00000 0.00192 0.00000 
58	1	0.00122 0.00000 0.01951 0.00000 0.07734 0.00000 0.17595 0.00000 0.54273 0.00000 0.14298 0.00000 0.03272 0.00000 0.00755 0.00000 
59	1	0.00280 0.00000 0.02399 0.00000 0.07722 0.00000 0.10701 0.00000 0.43550 0.00000 0.32164 0.00000 0.02807 0.00000 0.00377 0.00000 
60	1	0.00009 0.00000 0.00395 0.00000 0.03041 0.00000 0.09149 0.00000 0.76716 0.00000 0.08792 0.00000 0.01664 0.00000 0.00234 0.00000 
61	1	0.00110 0.00000 0.01550 0.00000 0.02460 0.00000 0.27222 0.00000 0.64274 0.00000 0.02829 0.00000 0.01194 0.00000 0.00360 0.00000 
62	1	0.00001 0.00000 0.00254 0.00000 0.03103 0.00000 0.12017 0.00000 0.37654 0.00000 0.45302 0.00000 0.01484 0.00000 0.00185 0.00000 
63	1	0.00025 0.00000 0.00286 0.00000 0.04967 0.00000 0.13016 0.00000 0.40798 0.00000 0.38436 0.00000 0.01854 0.00000 0.00616 0.00000 
64	1	0.00005 0.00000 0.00415 0.00000 0.06646 0.00000 0.21667 0.00000 0.61721 0.00000 0.07287 0.00000 0.02187 0.00000 0.00071 0.00000 
65	1	0.00019 0.00000 0.01255 0.00000 0.05490 0.00000 0.23782 0.00000 0.53855 0.00000 0.12228 0.00000 0.02494 0.00000 0.00878 0.00000 
66	1	0.00010 0.00000 0.00595 0.00000 0.04043 0.00000 0.14836 0.00000 0.60609 0.00000 0.17793 0.00000 0.01660 0.00000 0.00454 0.00000 
67	1	0.00003 0.00000 0.01540 0.00000 0.04863 0.00000 0.14967 0.00000 0.57346 0.00000 0.19640 0.00000 0.01288 0.00000 0.00354 0.00000 
68	1	0.00001 0.00000 0.00063 0.00000 0.01347 0.00000 0.08254 0.00000 0.51664 0.00000 0.36654 0.00000 0.01705 0.00000 0.00313 0.00000 
69	1	0.00021 0.00000 0.01603 0.00000 0.06754 0.00000 0.17839 0.00000 0.59700 0.00000 0.11060 0.00000 0.02650 0.00000 0.00371 0.00000 
70	1	0.00003 0.00000 0.00710 0.00000 0.05651 0.00000 0.23112 0.00000 0.45785 0.00000 0.20260 0.00000 0.03656 0.00000 0.00824 0.00000 
71	1	0.00003 0.00000 0.00877 0.00000 0.09903 0.00000 0.26859 0.00000 0.50870 0.00000 0.08811 0.00000 0.01898 0.00000 0.00778 0.00000 
72	1	0.00012 0.00000 0.03372 0.00000 0.09282 0.00000 0.20100 0.00000 0.42103 0.00000 0.22420 0.00000 0.02187 0.00000 0.00525 0.00000 
73	1	0.00004 0.00000 0.00539 0.00000 0.05668 0.00000 0.22376 0.00000 0.46738 0.00000 0.20578 0.00000 0.03064 0.00000 0.01034 0.00000 
74	1	0.00016 0.00000 0.02202 0.00000 0.08141 0.00000 0.24813 0.00000 0.47810 0.00000 0.13471 0.00000 0.03003 0.00000 0.00544 0.00000 
75	1	0.00006 0.00000 0.01657 0.00000 0.04053 0.00000 0.15030 0.00000 0.70439 0.00000 0.07889 0.00000 0.00753 0.00000 0.00172 0.00000 
76	1	0.00001 0.00000 0.00826 0.00000 0.05511 0.00000 0.19744 0.00000 0.55596 0.00000 0.14894 0.00000 0.02682 0.00000 0.00746 0.00000 
77	1	0.00008 0.00000 0.00795 0.00000 0.05593 0.00000 0.14412 0.00000 0.54771 0.00000 0.21144 0.00000 0.02454 0.00000 0.00822 0.00000 
78	1	0.00008 0.00000 0.01208 0.00000 0.07887 0.00000 0.32583 0.00000 0.40417 0.00000 0.13480 0.00000 0.03751 0.00000 0.00666 0.00000 
79	1	0.00002 0.00000 0.00298 0.00000 0.09165 0.00000 0.29153 0.00000 0.48268 0.00000 0.09083 0.00000 0.03649 0.00000 0.00384 0.00000 
80	1	0.00006 0.00000 0.01776 0.00000 0.06481 0.00000 0.16394 0.00000 0.58807 0.00000 0.13415 0.00000 0.02471 0.00000 0.00648 0.00000 
81	1	0.00023 0.00000 0.01950 0.00000 0.09486 0.00000 0.25265 0.00000 0.44135 0.00000 0.16694 0.00000 0.02017 0.00000 0.00429 0.00000 
82	1	0.00031 0.00000 0.02236 0.00000 0.07596 0.00000 0.25470 0.00000 0.48772 0.00000 0.11425 0.00000 0.03933 0.00000 0.00537 0.00000 
83	1	0.00005 0.00000 0.01598 0.00000 0.02360 0.00000 0.17482 0.00000 0.66268 0.00000 0.10580 0.00000 0.01444 0.00000 0.00263 0.00000 
84	1	0.00011 0.00000 0.00434 0.00000 0.03485 0.00000 0.10802 0.00000 0.67128 0.00000 0.14944 0.00000 0.02734 0.00000 0.00461 0.00000 
85	1	0.00003 0.00000 0.00133 0.00000 0.04190 0.00000 0.10833 0.00000 0.60650 0.00000 0.22225 0.00000 0.01708 0.00000 0.00258 0.00000 
86	1	0.00012 0.00000 0.00138 0.00000 0.03659 0.00000 0.15394 0.00000 0.55760 0.00000 0.21118 0.00000 0.02846 0.00000 0.01073 0.00000 
87	1	0.00031 0.00000 0.05345 0.00000 0.18052 0.00000 0.12617 0.00000 0.32466 0.00000 0.27810 0.00000 0.02954 0.00000 0.00724 0.00000 
88	1	0.00065 0.00000 0.04228 0.00000 0.11834 0.00000 0.31274 0.00000 0.28307 0.00000 0.20650 0.00000 0.03370 0.00000 0.00271 0.00000 
89	1	0.00030 0.00000 0.01148 0.00000 0.07244 0.00000 0.21453 0.00000 0.42857 0.00000 0.23792 0.00000 0.02477 0.00000 0.00999 0.00000 
90	1	0.00001 0.00000 0.00145 0.00000 0.03589 0.00000 0.11234 0.00000 0.77288 0.00000 0.06171 0.00000 0.01470 0.00000 0.00101 0.00000 
91	1	0.00005 0.00000 0.01754 0.00000 0.09220 0.00000 0.21371 0.00000 0.45367 0.00000 0.19406 0.00000 0.02724 0.00000 0.00153 0.00000 
92	1	0.00025 0.00000 0.00608 0.00000 0.10381 0.00000 0.24527 0.00000 0.50616 0.00000 0.10185 0.00000 0.02888 0.00000 0.00770 0.00000 
93	1	0.00005 0.00000 0.01837 0.00000 0.10410 0.00000 0.23443 0.00000 0.26285 0.00000 0.33634 0.00000 0.03474 0.00000 0.00912 0.00000 
94	1	0.00010 0.00000 0.01355 0.00000 0.07213 0.00000 0.23762 0.00000 0.40870 0.00000 0.22621 0.00000 0.03704 0.00000 0.00465 0.00000 
95	1	0.00051 0.00000 0.05536 0.00000 0.10170 0.00000 0.24219 0.00000 0.36375 0.00000 0.20491 0.00000 0.02660 0.00000 0.00498 0.00000 
96	1	0.00015 0.00000 0.01824 0.00000 0.12186 0.00000 0.14690 0.00000 0.41842 0.00000 0.25775 0.00000 0.03330 0.00000 0.00337 0.00000 
97	1	0.00008 0.00000 0.01248 0.00000 0.09697 0.00000 0.18030 0.00000 0.38307 0.00000 0.29471 0.00000 0.02502 0.00000 0.00738 0.00000 
98	1	0.00039 0.00000 0.02991 0.00000 0.10035 0.00000 0.23407 0.00000 0.49858 0.00000 0.09636 0.00000 0.03193 0.00000 0.00842 0.00000 
99	1	0.00016 0.00000 0.03391 0.00000 0.11863 0.00000 0.21158 0.00000 0.34185 0.00000 0.25321 0.00000 0.03476 0.00000 0.00591 0.00000 
100	2	0.00215 0.00000 0.03988 0.00000 0.05739 0.00000 0.44931 0.00000 0.42456 0.00000 0.02100 0.00000 0.00525 0.00000 0.00046 0.00000 
101	2	0.00089 0.00000 0.04509 0.00000 0.14841 0.00000 0.22848 0.00000 0.46248 0.00000 0.11050 0.00000 0.00400 0.00000 0.00014 0.00000 
102	2	0.00218 0.00000 0.05520 0.00000 0.15112 0.00000 0.26475 0.00000 0.38607 0.00000 0.13857 0.00000 0.00201 0.00000 0.00011 0.00000 
103	2	0.00054 0.00000 0.02918 0.00000 0.10623 0.00000 0.18684 0.00000 0.26180 0.00000 0.40365 0.00000 0.01115 0.00000 0.00060 0.00000 
104	2	0.00039 0.00000 0.03602 0.00000 0.10207 0.00000 0.39541 0.00000 0.44426 0.00000 0.01837 0.00000 0.00331 0.00000 0.00017 0.00000 
105	2	0.00058 0.00000 0.05577 0.00000 0.10619 0.00000 0.40945 0.00000 0.39728 0.00000 0.02216 0.00000 0.00795 0.00000 0.00063 0.00000 
106	2	0.00124 0.00000 0.07389 0.00000 0.18849 0.00000 0.23289 0.00000 0.29254 0.00000 0.20260 0.00000 0.00770 0.00000 0.00065 0.00000 
107	2	0.00193 0.00000 0.08417 0.00000 0.16813 0.00000 0.30279 0.00000 0.41589 0.00000 0.02090 0.00000 0.00592 0.00000 0.00026 0.00000 
108	2	0.00110 0.00000 0.02608 0.00000 0.11339 0.00000 0.23053 0.00000 0.44418 0.00000 0.17730 0.00000 0.00678 0.00000 0.00063 0.00000 
109	2	0.00263 0.00000 0.04000 0.00000 0.09358 0.00000 0.12581 0.00000 0.29150 0.00000 0.43806 0.00000 0.00755 0.00000 0.00087 0.00000 
110	2	0.00056 0.00000 0.03088 0.00000 0.14427 0.00000 0.12767 0.00000 0.14754 0.00000 0.46144 0.00000 0.08570 0.00000 0.00194 0.00000 
111	2	0.00064 0.00000 0.06369 0.00000 0.16389 0.00000 0.33212 0.00000 0.40023 0.00000 0.02911 0.00000 0.01017 0.00000 0.00015 0.00000 
112	2	0.00009 0.00000 0.05677 0.00000 0.10604 0.00000 0.15544 0.00000 0.53452 0.00000 0.12707 0.00000 0.01846 0.00000 0.00161 0.00000 
113	2	0.00109 0.00000 0.08260 0.00000 0.13526 0.00000 0.25437 0.00000 0.49850 0.00000 0.02233 0.00000 0.00559 0.00000 0.00025 0.00000 
114	2	0.00085 0.00000 0.02863 0.00000 0.14690 0.00000 0.28134 0.00000 0.47331 0.00000 0.05940 0.00000 0.00888 0.00000 0.00069 0.00000 
115	2	0.00146 0.00000 0.06388 0.00000 0.14542 0.00000 0.15916 0.00000 0.44447 0.00000 0.17198 0.00000 0.01294 0.00000 0.00069 0.00000 
116	2	0.00154 0.00000 0.10653 0.00000 0.16825 0.00000 0.24815 0.00000 0.43122 0.00000 0.03313 0.00000 0.01092 0.00000 0.00026 0.00000 
117	2	0.00176 0.00000 0.05250 0.00000 0.08657 0.00000 0.32834 0.00000 0.48672 0.00000 0.02964 0.00000 0.01338 0.00000 0.00107 0.00000 
118	2	0.00185 0.00000 0.05707 0.00000 0.17751 0.00000 0.16169 0.00000 0.38915 0.00000 0.19328 0.00000 0.01813 0.00000 0.00132 0.00000 
119	2	0.00186 0.00000 0.03931 0.00000 0.14127 0.00000 0.13385 0.00000 0.30966 0.00000 0.36642 0.00000 0.00692 0.00000 0.00071 0.00000 
120	2	0.00252 0.00000 0.06572 0.00000 0.13584 0.00000 0.18346 0.00000 0.42283 0.00000 0.17488 0.00000 0.01369 0.00000 0.00105 0.00000 
121	2	0.00108 0.00000 0.05172 0.00000 0.16827 0.00000 0.10130 0.00000 0.28799 0.00000 0.37334 0.00000 0.01578 0.00000 0.00052 0.00000 
122	2	0.00214 0.00000 0.08187 0.00000 0.18505 0.00000 0.19023 0.00000 0.38777 0.00000 0.14815 0.00000 0.00450 0.00000 0.00029 0.00000 
123	2	0.00062 0.00000 0.04742 0.00000 0.14270 0.00000 0.10461 0.00000 0.27808 0.00000 0.41582 0.00000 0.01003 0.00000 0.00072 0.00000 
124	2	0.00062 0.00000 0.03864 0.00000 0.12013 0.00000 0.10939 0.00000 0.31841 0.00000 0.40647 0.00000 0.00630 0.00000 0.00004 0.00000 
125	2	0.00128 0.00000 0.06243 0.00000 0.18592 0.00000 0.14332 0.00000 0.40505 0.00000 0.19396 0.00000 0.00772 0.00000 0.00033 0.00000 
126	2	0.00034 0.00000 0.02853 0.00000 0.15630 0.00000 0.14416 0.00000 0.33343 0.00000 0.31443 0.00000 0.02233 0.00000 0.00049 0.00000 
127	2	0.00028 0.00000 0.02186 0.00000 0.15805 0.00000 0.15714 0.00000 0.23244 0.00000 0.38089 0.00000 0.04919 0.00000 0.00016 0.00000 
128	2	0.00057 0.00000 0.06014 0.00000 0.20950 0.00000 0.16014 0.00000 0.29204 0.00000 0.19116 0.00000 0.08536 0.00000 0.00109 0.00000 
129	2	0.00128 0.00000 0.04946 0.00000 0.16404 0.00000 0.15728 0.00000 0.36110 0.00000 0.21893 0.00000 0.04756 0.00000 0.00036 0.00000 
130	2	0.00177 0.00000 0.05112 0.00000 0.19088 0.00000 0.20877 0.00000 0.34505 0.00000 0.18250 0.00000 0.01929 0.00000 0.00061 0.00000 
131	2	0.00175 0.00000 0.05048 0.00000 0.18795 0.00000 0.14983 0.00000 0.37329 0.00000 0.21892 0.00000 0.01729 0.00000 0.00050 0.00000 
132	2	0.00122 0.00000 0.03151 0.00000 0.10687 0.00000 0.19424 0.00000 0.40517 0.00000 0.21341 0.00000 0.04750 0.00000 0.00009 0.00000 
133	2	0.00042 0.00000 0.03258 0.00000 0.13482 0.00000 0.12100 0.00000 0.21714 0.00000 0.38945 0.00000 0.10359 0.00000 0.00100 0.00000 
134	2	0.00029 0.00000 0.02377 0.00000 0.17001 0.00000 0.16238 0.00000 0.27863 0.00000 0.29579 0.00000 0.06912 0.00000 0.00001 0.00000 
135	2	0.00123 0.00000 0.04764 0.00000 0.22775 0.00000 0.17060 0.00000 0.36716 0.00000 0.16495 0.00000 0.02037 0.00000 0.00031 0.00000 
136	2	0.00015 0.00000 0.04845 0.00000 0.17061 0.00000 0.20095 0.00000 0.33251 0.00000 0.19929 0.00000 0.04675 0.00000 0.00129 0.00000 
137	2	0.00004 0.00000 0.01315 0.00000 0.12990 0.00000 0.15577 0.00000 0.30279 0.00000 0.33920 0.00000 0.05874 0.00000 0.00042 0.00000 
138	2	0.00045 0.00000 0.05002 0.00000 0.18934 0.00000 0.24955 0.00000 0.39234 0.00000 0.11447 0.00000 0.00364 0.00000 0.00020 0.00000 
139	2	0.00012 0.00000 0.05656 0.00000 0.05558 0.00000 0.12837 0.00000 0.10907 0.00000 0.26965 0.00000 0.19132 0.00000 0.18933 0.00000 
140	2	0.00181 0.00000 0.08173 0.00000 0.21253 0.00000 0.30416 0.00000 0.35731 0.00000 0.01788 0.00000 0.02175 0.00000 0.00283 0.00000 
141	2	0.00119 0.00000 0.02951 0.00000 0.18063 0.00000 0.41086 0.00000 0.34180 0.00000 0.02215 0.00000 0.01231 0.00000 0.00156 0.00000 
142	2	0.00155 0.00000 0.10815 0.00000 0.24293 0.00000 0.38566 0.00000 0.20964 0.00000 0.02803 0.00000 0.02237 0.00000 0.00167 0.00000 
143	2	0.00513 0.00000 0.13488 0.00000 0.20730 0.00000 0.29439 0.00000 0.30683 0.00000 0.03385 0.00000 0.01738 0.00000 0.00024 0.00000 
144	2	0.00263 0.00000 0.05453 0.00000 0.17183 0.00000 0.25444 0.00000 0.43990 0.00000 0.04538 0.00000 0.02896 0.00000 0.00232 0.00000 
145	2	0.00478 0.00000 0.08041 0.00000 0.18196 0.00000 0.29021 0.00000 0.40971 0.00000 0.01905 0.00000 0.01236 0.00000 0.00151 0.00000 
146	2	0.00016 0.00000 0.03865 0.00000 0.13260 0.00000 0.49300 0.00000 0.27775 0.00000 0.03141 0.00000 0.02558 0.00000 0.00085 0.00000 
147	2	0.00046 0.00000 0.03418 0.00000 0.16581 0.00000 0.38112 0.00000 0.30875 0.00000 0.07550 0.00000 0.03184 0.00000 0.00234 0.00000 
148	2	0.00139 0.00000 0.08593 0.00000 0.17267 0.00000 0.41547 0.00000 0.30000 0.00000 0.01696 0.00000 0.00661 0.00000 0.00097 0.00000 
149	2	0.00079 0.00000 0.07314 0.00000 0.26413 0.00000 0.38723 0.00000 0.24594 0.00000 0.01874 0.00000 0.00995 0.00000 0.00007 0.00000 
150	2	0.00024 0.00000 0.08231 0.00000 0.23561 0.00000 0.41094 0.00000 0.21831 0.00000 0.02883 0.00000 0.02309 0.00000 0.00065 0.00000 
151	2	0.00074 0.00000 0.08823 0.00000 0.27361 0.00000 0.42318 0.00000 0.18438 0.00000 0.01351 0.00000 0.01569 0.00000 0.00066 0.00000 
152	2	0.00043 0.00000 0.01445 0.00000 0.11871 0.00000 0.41779 0.00000 0.38557 0.00000 0.03920 0.00000 0.02335 0.00000 0.00049 0.00000 
153	2	0.00019 0.00000 0.04144 0.00000 0.16049 0.00000 0.46551 0.00000 0.27458 0.00000 0.04062 0.00000 0.01686 0.00000 0.00031 0.00000 
154	2	0.00026 0.00000 0.03857 0.00000 0.21676 0.00000 0.52260 0.00000 0.17789 0.00000 0.03872 0.00000 0.00514 0.00000 0.00006 0.00000 
155	2	0.00075 0.00000 0.02345 0.00000 0.13224 0.00000 0.32757 0.00000 0.42301 0.00000 0.06923 0.00000 0.02307 0.00000 0.00067 0.00000 
156	2	0.00163 0.00000 0.06255 0.00000 0.23774 0.00000 0.36363 0.00000 0.28385 0.00000 0.03415 0.00000 0.01627 0.00000 0.00017 0.00000 
157	2	0.00046 0.00000 0.07318 0.00000 0.32333 0.00000 0.40653 0.00000 0.16287 0.00000 0.02898 0.00000 0.00460 0.00000 0.00005 0.00000 
158	2	0.00043 0.00000 0.06658 0.00000 0.19889 0.00000 0.41469 0.00000 0.26901 0.00000 0.02911 0.00000 0.02017 0.00000 0.00112 0.00000 
159	2	0.00001 0.00000 0.01648 0.00000 0.20750 0.00000 0.32225 0.00000 0.41392 0.00000 0.02332 0.00000 0.01622 0.00000 0.00030 0.00000 
160	2	0.00046 0.00000 0.08917 0.00000 0.18279 0.00000 0.38937 0.00000 0.28713 0.00000 0.04314 0.00000 0.00783 0.00000 0.00010 0.00000 
161	2	0.00003 0.00000 0.02636 0.00000 0.16126 0.00000 0.32454 0.00000 0.40201 0.00000 0.06651 0.00000 0.01875 0.00000 0.00054 0.00000 
162	2	0.00166 0.00000 0.07315 0.00000 0.24408 0.00000 0.46487 0.00000 0.15143 0.00000 0.04245 0.00000 0.02138 0.00000 0.00099 0.00000 
163	2	0.00560 0.00000 0.17577 0.00000 0.33624 0.00000 0.33119 0.00000 0.10540 0.00000 0.04057 0.00000 0.00502 0.00000 0.00021 0.00000 
164	2	0.00124 0.00000 0.11438 0.00000 0.18109 0.00000 0.37458 0.00000 0.28174 0.00000 0.03149 0.00000 0.01508 0.00000 0.00042 0.00000 
165	2	0.00157 0.00000 0.05840 0.00000 0.19591 0.00000 0.35733 0.00000 0.30994 0.00000 0.06480 0.00000 0.01194 0.00000 0.00011 0.00000 
166	2	0.00047 0.00000 0.03567 0.00000 0.25359 0.00000 0.42178 0.00000 0.22241 0.00000 0.04905 0.00000 0.01692 0.00000 0.00012 0.00000 
167	2	0.00172 0.00000 0.10216 0.00000 0.26026 0.00000 0.35038 0.00000 0.21162 0.00000 0.05845 0.00000 0.01472 0.00000 0.00070 0.00000 
168	2	0.00051 0.00000 0.04246 0.00000 0.20722 0.00000 0.48165 0.00000 0.22507 0.00000 0.03608 0.00000 0.00658 0.00000 0.00043 0.00000 
169	2	0.00068 0.00000 0.11180 0.00000 0.28016 0.00000 0.41189 0.00000 0.14830 0.00000 0.03801 0.00000 0.00899 0.00000 0.00016 0.00000 
170	2	0.00127 0.00000 0.05395 0.00000 0.18791 0.00000 0.55150 0.00000 0.16037 0.00000 0.03881 0.00000 0.00592 0.00000 0.00027 0.00000 
171	2	0.00130 0.00000 0.06239 0.00000 0.26761 0.00000 0.55109 0.00000 0.08766 0.00000 0.02689 0.00000 0.00287 0.00000 0.00020 0.00000 
172	2	0.00211 0.00000 0.11592 0.00000 0.33599 0.00000 0.48002 0.00000 0.03947 0.00000 0.02120 0.00000 0.00468 0.00000 0.00060 0.00000 
173	2	0.00053 0.00000 0.04950 0.00000 0.28443 0.00000 0.53065 0.00000 0.10203 0.00000 0.03087 0.00000 0.00197 0.00000 0.00003 0.00000 
174	2	0.00108 0.00000 0.10668 0.00000 0.33620 0.00000 0.50279 0.00000 0.03562 0.00000 0.01554 0.00000 0.00197 0.00000 0.00014 0.00000 
175	2	0.00031 0.00000 0.06326 0.00000 0.27723 0.00000 0.40001 0.00000 0.23973 0.00000 0.01576 0.00000 0.00360 0.00000 0.00011 0.00000 
176	2	0.00138 0.00000 0.08139 0.00000 0.24604 0.00000 0.30371 0.00000 0.35866 0.00000 0.00613 0.00000 0.00261 0.00000 0.00009 0.00000 
177	2	0.00079 0.00000 0.08219 0.00000 0.23720 0.00000 0.27968 0.00000 0.36738 0.00000 0.02614 0.00000 0.00630 0.00000 0.00032 0.00000 
178	2	0.00053 0.00000 0.11537 0.00000 0.35846 0.00000 0.43329 0.00000 0.07229 0.00000 0.01832 0.00000 0.00173 0.00000 0.00001 0.00000 
179	2	0.00085 0.00000 0.15538 0.00000 0.29273 0.00000 0.39493 0.00000 0.12077 0.00000 0.03085 0.00000 0.00444 0.00000 0.00005 0.00000 
180	2	0.00053 0.00000 0.07497 0.00000 0.29401 0.00000 0.36177 0.00000 0.23178 0.00000 0.02700 0.00000 0.00925 0.00000 0.00070 0.00000 
181	2	0.00193 0.00000 0.13746 0.00000 0.31548 0.00000 0.48286 0.00000 0.03797 0.00000 0.01786 0.00000 0.00623 0.00000 0.00022 0.00000 
182	2	0.00183 0.00000 0.14507 0.00000 0.31541 0.00000 0.49384 0.00000 0.03493 0.00000 0.00740 0.00000 0.00146 0.00000 0.00005 0.00000 
183	2	0.00150 0.00000 0.09881 0.00000 0.30327 0.00000 0.43389 0.00000 0.12137 0.00000 0.02858 0.00000 0.01222 0.00000 0.00036 0.00000 
184	2	0.00018 0.00000 0.08367 0.00000 0.27288 0.00000 0.47801 0.00000 0.14551 0.00000 0.00909 0.00000 0.00965 0.00000 0.00102 0.00000 
185	2	0.00020 0.00000 0.09603 0.00000 0.39194 0.00000 0.43499 0.00000 0.06983 0.00000 0.00565 0.00000 0.00128 0.00000 0.00009 0.00000 
186	2	0.00217 0.00000 0.11178 0.00000 0.34611 0.00000 0.49866 0.00000 0.03390 0.00000 0.00579 0.00000 0.00146 0.00000 0.00013 0.00000 
187	2	0.00060 0.00000 0.07301 0.00000 0.30463 0.00000 0.56046 0.00000 0.04930 0.00000 0.01044 0.00000 0.00149 0.00000 0.00007 0.00000 
188	2	0.00120 0.00000 0.11144 0.00000 0.32467 0.00000 0.51539 0.00000 0.03802 0.00000 0.00806 0.00000 0.00116 0.00000 0.00007 0.00000 
189	2	0.00268 0.00000 0.11938 0.00000 0.28385 0.00000 0.46735 0.00000 0.11107 0.00000 0.01139 0.00000 0.00396 0.00000 0.00032 0.00000 
190	2	0.00193 0.00000 0.13367 0.00000 0.28710 0.00000 0.48952 0.00000 0.06620 0.00000 0.01445 0.00000 0.00662 0.00000 0.00050 0.00000 
191	2	0.00136 0.00000 0.12282 0.00000 0.34308 0.00000 0.46833 0.00000 0.04729 0.00000 0.01020 0.00000 0.00679 0.00000 0.00013 0.00000 
192	2	0.00210 0.00000 0.13335 0.00000 0.41766 0.00000 0.35591 0.00000 0.07890 0.00000 0.00857 0.00000 0.00330 0.00000 0.00020 0.00000 
193	2	0.00193 0.00000 0.14967 0.00000 0.35847 0.00000 0.42760 0.00000 0.04587 0.00000 0.01189 0.00000 0.00433 0.00000 0.00025 0.00000 
194	2	0.00124 0.00000 0.13838 0.00000 0.25908 0.00000 0.48456 0.00000 0.10545 0.00000 0.00825 0.00000 0.00271 0.00000 0.00033 0.00000 
195	2	0.00247 0.00000 0.12997 0.00000 0.29153 0.00000 0.52671 0.00000 0.03862 0.00000 0.00774 0.00000 0.00262 0.00000 0.00033 0.00000 
196	2	0.00289 0.00000 0.15109 0.00000 0.14674 0.00000 0.55544 0.00000 0.12699 0.00000 0.01195 0.00000 0.00449 0.00000 0.00041 0.00000 
197	2	0.00139 0.00000 0.09292 0.00000 0.12222 0.00000 0.64438 0.00000 0.12104 0.00000 0.01322 0.00000 0.00405 0.00000 0.00077 0.00000 
198	2	0.00484 0.00000 0.11467 0.00000 0.12244 0.00000 0.48828 0.00000 0.24241 0.00000 0.01953 0.00000 0.00721 0.00000 0.00060 0.00000 
199	2	0.00039 0.00000 0.10292 0.00000 0.18010 0.00000 0.34944 0.00000 0.32595 0.00000 0.02877 0.00000 0.01167 0.00000 0.00075 0.00000 
200	3	0.00138 0.00000 0.02056 0.00000 0.08963 0.00000 0.07218 0.00000 0.23738 0.00000 0.57618 0.00000 0.00199 0.00000 0.00069 0.00000 
201	3	0.00125 0.00000 0.03125 0.00000 0.08559 0.00000 0.07708 0.00000 0.27013 0.00000 0.53022 0.00000 0.00250 0.00000 0.00198 0.00000 
202	3	0.00044 0.00000 0.03195 0.00000 0.09143 0.00000 0.07112 0.00000 0.30669 0.00000 0.49525 0.00000 0.00298 0.00000 0.00014 0.00000 
203	3	0.00053 0.00000 0.02664 0.00000 0.10977 0.00000 0.08583 0.00000 0.29586 0.00000 0.47509 0.00000 0.00567 0.00000 0.00062 0.00000 
204	3	0.00077 0.00000 0.01876 0.00000 0.10510 0.00000 0.04829 0.00000 0.26396 0.00000 0.56126 0.00000 0.00163 0.00000 0.00022 0.00000 
205	3	0.00058 0.00000 0.02446 0.00000 0.09524 0.00000 0.06697 0.00000 0.26626 0.00000 0.54420 0.00000 0.00202 0.00000 0.00027 0.00000 
206	3	0.00282 0.00000 0.04086 0.00000 0.10466 0.00000 0.06961 0.00000 0.34670 0.00000 0.42487 0.00000 0.00980 0.00000 0.00068 0.00000 
207	3	0.00104 0.00000 0.04213 0.00000 0.09133 0.00000 0.07563 0.00000 0.25690 0.00000 0.53056 0.00000 0.00194 0.00000 0.00046 0.00000 
208	3	0.00041 0.00000 0.02816 0.00000 0.08363 0.00000 0.05612 0.00000 0.21808 0.00000 0.59619 0.00000 0.00521 0.00000 0.01220 0.00000 
209	3	0.00043 0.00000 0.04005 0.00000 0.06906 0.00000 0.07546 0.00000 0.25722 0.00000 0.54502 0.00000 0.00537 0.00000 0.00739 0.00000 
210	3	0.00140 0.00000 0.03400 0.00000 0.10243 0.00000 0.07020 0.00000 0.34018 0.00000 0.44871 0.00000 0.00133 0.00000 0.00176 0.00000 
211	3	0.00009 0.00000 0.01917 0.00000 0.07641 0.00000 0.07390 0.00000 0.27495 0.00000 0.54995 0.00000 0.00455 0.00000 0.00099 0.00000 
212	3	0.00131 0.00000 0.02726 0.00000 0.10005 0.00000 0.07415 0.00000 0.35324 0.00000 0.43752 0.00000 0.00489 0.00000 0.00158 0.00000 
213	3	0.00033 0.00000 0.02478 0.00000 0.10812 0.00000 0.06935 0.00000 0.32731 0.00000 0.46022 0.00000 0.00717 0.00000 0.00272 0.00000 
214	3	0.00072 0.00000 0.03109 0.00000 0.09254 0.00000 0.06183 0.00000 0.27382 0.00000 0.53162 0.00000 0.00592 0.00000 0.00245 0.00000 
215	3	0.00121 0.00000 0.03274 0.00000 0.08665 0.00000 0.07959 0.00000 0.28727 0.00000 0.50974 0.00000 0.00216 0.00000 0.00064 0.00000 
216	3	0.00093 0.00000 0.04025 0.00000 0.10968 0.00000 0.06090 0.00000 0.32386 0.00000 0.45021 0.00000 0.00735 0.00000 0.00683 0.00000 
217	3	0.00018 0.00000 0.02984 0.00000 0.08089 0.00000 0.06015 0.00000 0.30245 0.00000 0.51273 0.00000 0.00713 0.00000 0.00664 0.00000 
218	3	0.00196 0.00000 0.03330 0.00000 0.09774 0.00000 0.06446 0.00000 0.34959 0.00000 0.44687 0.00000 0.00356 0.00000 0.00253 0.00000 
219	3	0.00047 0.00000 0.04189 0.00000 0.12289 0.00000 0.08457 0.00000 0.26791 0.00000 0.44241 0.00000 0.03674 0.00000 0.00313 0.00000 
220	3	0.00046 0.00000 0.03721 0.00000 0.10941 0.00000 0.05708 0.00000 0.28427 0.00000 0.50640 0.00000 0.00385 0.00000 0.00133 0.00000 
221	3	0.00059 0.00000 0.03809 0.00000 0.10790 0.00000 0.06163 0.00000 0.29279 0.00000 0.49360 0.00000 0.00342 0.00000 0.00197 0.00000 
222	3	0.00083 0.00000 0.03246 0.00000 0.10286 0.00000 0.07340 0.00000 0.31282 0.00000 0.47120 0.00000 0.00517 0.00000 0.00127 0.00000 
223	3	0.00074 0.00000 0.02292 0.00000 0.08035 0.00000 0.04819 0.00000 0.23268 0.00000 0.58942 0.00000 0.01864 0.00000 0.00704 0.00000 
224	3	0.00078 0.00000 0.02043 0.00000 0.10014 0.00000 0.06297 0.00000 0.25465 0.00000 0.53471 0.00000 0.02161 0.00000 0.00471 0.00000 
225	3	0.00147 0.00000 0.01774 0.00000 0.10679 0.00000 0.06683 0.00000 0.08057 0.00000 0.65007 0.00000 0.07488 0.00000 0.00165 0.00000 
226	3	0.00066 0.00000 0.02981 0.00000 0.09317 0.00000 0.05480 0.00000 0.10750 0.00000 0.63226 0.00000 0.08079 0.00000 0.00101 0.00000 
227	3	0.00023 0.00000 0.01455 0.00000 0.08552 0.00000 0.07141 0.00000 0.13050 0.00000 0.54452 0.00000 0.15022 0.00000 0.00305 0.00000 
228	3	0.00027 0.00000 0.01381 0.00000 0.06829 0.00000 0.06187 0.00000 0.05115 0.00000 0.38538 0.00000 0.41406 0.00000 0.00518 0.00000 
229	3	0.00027 0.00000 0.01669 0.00000 0.07544 0.00000 0.09217 0.00000 0.12297 0.00000 0.68237 0.00000 0.00853 0.00000 0.00156 0.00000 
230	3	0.00057 0.00000 0.02845 0.00000 0.12268 0.00000 0.07831 0.00000 0.17580 0.00000 0.58327 0.00000 0.00899 0.00000 0.00193 0.00000 
231	3	0.00205 0.00000 0.02718 0.00000 0.12885 0.00000 0.08447 0.00000 0.15679 0.00000 0.58704 0.00000 0.01004 0.00000 0.00357 0.00000 
232	3	0.00093 0.00000 0.03106 0.00000 0.10733 0.00000 0.09951 0.00000 0.20102 0.00000 0.54942 0.00000 0.00998 0.00000 0.00074 0.00000 
233	3	0.00170 0.00000 0.03906 0.00000 0.09582 0.00000 0.09411 0.00000 0.20854 0.00000 0.54191 0.00000 0.01767 0.00000 0.00120 0.00000 
234	3	0.00127 0.00000 0.04025 0.00000 0.08947 0.00000 0.06365 0.00000 0.15549 0.00000 0.63516 0.00000 0.00904 0.00000 0.00566 0.00000 
235	3	0.00074 0.00000 0.05422 0.00000 0.10092 0.00000 0.07716 0.00000 0.15568 0.00000 0.59517 0.00000 0.01579 0.00000 0.00032 0.00000 
236	3	0.00085 0.00000 0.02282 0.00000 0.09586 0.00000 0.08000 0.00000 0.12148 0.00000 0.66383 0.00000 0.01107 0.00000 0.00409 0.00000 
237	3	0.00016 0.00000 0.01519 0.00000 0.08127 0.00000 0.09501 0.00000 0.06827 0.00000 0.30779 0.00000 0.42597 0.00000 0.00635 0.00000 
238	3	0.00091 0.00000 0.02119 0.00000 0.09399 0.00000 0.10112 0.00000 0.10512 0.00000 0.49125 0.00000 0.18461 0.00000 0.00181 0.00000 
239	3	0.00003 0.00000 0.01176 0.00000 0.10431 0.00000 0.09280 0.00000 0.12174 0.00000 0.45366 0.00000 0.21433 0.00000 0.00138 0.00000 
240	3	0.00079 0.00000 0.03287 0.00000 0.12508 0.00000 0.06540 0.00000 0.11360 0.00000 0.60537 0.00000 0.05420 0.00000 0.00269 0.00000 
241	3	0.00139 0.00000 0.02452 0.00000 0.10561 0.00000 0.08405 0.00000 0.13702 0.00000 0.63242 0.00000 0.01488 0.00000 0.00010 0.00000 
242	3	0.00034 0.00000 0.01692 0.00000 0.06277 0.00000 0.08157 0.00000 0.11871 0.00000 0.69819 0.00000 0.02030 0.00000 0.00120 0.00000 
243	3	0.00022 0.00000 0.00826 0.00000 0.09186 0.00000 0.08526 0.00000 0.17416 0.00000 0.61602 0.00000 0.02353 0.00000 0.00069 0.00000 
244	3	0.00030 0.00000 0.02012 0.00000 0.09416 0.00000 0.06438 0.00000 0.23358 0.00000 0.57875 0.00000 0.00825 0.00000 0.00046 0.00000 
245	3	0.00060 0.00000 0.01899 0.00000 0.10632 0.00000 0.08075 0.00000 0.12354 0.00000 0.64702 0.00000 0.02093 0.00000 0.00185 0.00000 
246	3	0.00126 0.00000 0.01589 0.00000 0.09921 0.00000 0.08320 0.00000 0.10523 0.00000 0.67242 0.00000 0.02052 0.00000 0.00228 0.00000 
247	3	0.00084 0.00000 0.02731 0.00000 0.11465 0.00000 0.07088 0.00000 0.20696 0.00000 0.51448 0.00000 0.06149 0.00000 0.00339 0.00000 
248	3	0.00197 0.00000 0.02271 0.00000 0.11285 0.00000 0.07157 0.00000 0.20137 0.00000 0.57904 0.00000 0.00713 0.00000 0.00337 0.00000 
249	3	0.00069 0.00000 0.03079 0.00000 0.13107 0.00000 0.06920 0.00000 0.15512 0.00000 0.60589 0.00000 0.00685 0.00000 0.00039 0.00000 
250	3	0.00039 0.00000 0.01414 0.00000 0.10807 0.00000 0.09221 0.00000 0.14142 0.00000 0.62655 0.00000 0.01514 0.00000 0.00208 0.00000 
251	3	0.00135 0.00000 0.02050 0.00000 0.09516 0.00000 0.08626 0.00000 0.12576 0.00000 0.65196 0.00000 0.01681 0.00000 0.00219 0.00000 
252	3	0.00009 0.00000 0.01457 0.00000 0.09747 0.00000 0.08686 0.00000 0.14989 0.00000 0.62468 0.00000 0.02324 0.00000 0.00320 0.00000 
253	3	0.00052 0.00000 0.02402 0.00000 0.08923 0.00000 0.06746 0.00000 0.10649 0.00000 0.70050 0.00000 0.00868 0.00000 0.00311 0.00000 
254	3	0.00027 0.00000 0.02790 0.00000 0.10645 0.00000 0.05654 0.00000 0.14123 0.00000 0.63503 0.00000 0.03088 0.00000 0.00172 0.00000 
255	3	0.00047 0.00000 0.03246 0.00000 0.09797 0.00000 0.05461 0.00000 0.08503 0.00000 0.69545 0.00000 0.02361 0.00000 0.01039 0.00000 
256	3	0.00054 0.00000 0.03748 0.00000 0.08730 0.00000 0.05695 0.00000 0.19274 0.00000 0.61146 0.00000 0.01196 0.00000 0.00158 0.00000 
257	3	0.00071 0.00000 0.02051 0.00000 0.10279 0.00000 0.07959 0.00000 0.09076 0.00000 0.68090 0.00000 0.02412 0.00000 0.00064 0.00000 
258	3	0.00073 0.00000 0.01519 0.00000 0.09708 0.00000 0.07002 0.00000 0.14076 0.00000 0.62399 0.00000 0.04955 0.00000 0.00268 0.00000 
259	3	0.00151 0.00000 0.01914 0.00000 0.13316 0.00000 0.09163 0.00000 0.09159 0.00000 0.62174 0.00000 0.03793 0.00000 0.00329 0.00000 
260	3	0.00047 0.00000 0.01299 0.00000 0.10775 0.00000 0.08529 0.00000 0.09798 0.00000 0.43034 0.00000 0.25826 0.00000 0.00693 0.00000 
261	3	0.00083 0.00000 0.02182 0.00000 0.06494 0.00000 0.06763 0.00000 0.05407 0.00000 0.24665 0.00000 0.53911 0.00000 0.00495 0.00000 
262	3	0.00011 0.00000 0.00901 0.00000 0.05562 0.00000 0.09300 0.00000 0.11735 0.00000 0.60319 0.00000 0.12019 0.00000 0.00153 0.00000 
263	3	0.00091 0.00000 0.02845 0.00000 0.09638 0.00000 0.08126 0.00000 0.15532 0.00000 0.61904 0.00000 0.01613 0.00000 0.00251 0.00000 
264	3	0.00027 0.00000 0.01525 0.00000 0.07089 0.00000 0.09437 0.00000 0.15264 0.00000 0.61316 0.00000 0.05265 0.00000 0.00077 0.00000 
265	3	0.00011 0.00000 0.01391 0.00000 0.10095 0.00000 0.09198 0.00000 0.14910 0.00000 0.59767 0.00000 0.04432 0.00000 0.00196 0.00000 
266	3	0.00040 0.00000 0.01532 0.00000 0.06771 0.00000 0.10836 0.00000 0.10365 0.00000 0.63602 0.00000 0.06595 0.00000 0.00259 0.00000 
267	3	0.00008 0.00000 0.01581 0.00000 0.08200 0.00000 0.08062 0.00000 0.10001 0.00000 0.66290 0.00000 0.05673 0.00000 0.00186 0.00000 
268	3	0.00038 0.00000 0.01606 0.00000 0.07308 0.00000 0.09038 0.00000 0.12176 0.00000 0.61636 0.00000 0.08125 0.00000 0.00072 0.00000 
269	3	0.00015 0.00000 0.00924 0.00000 0.07590 0.00000 0.09526 0.00000 0.08135 0.00000 0.41190 0.00000 0.31939 0.00000 0.00681 0.00000 
270	3	0.00071 0.00000 0.01580 0.00000 0.09185 0.00000 0.07238 0.00000 0.04615 0.00000 0.24540 0.00000 0.52468 0.00000 0.00304 0.00000 
271	3	0.00026 0.00000 0.01330 0.00000 0.07604 0.00000 0.10420 0.00000 0.05391 0.00000 0.25678 0.00000 0.49506 0.00000 0.00045 0.00000 
272	3	0.00082 0.00000 0.00871 0.00000 0.03854 0.00000 0.08847 0.00000 0.06738 0.00000 0.13296 0.00000 0.66014 0.00000 0.00298 0.00000 
273	3	0.00045 0.00000 0.00911 0.00000 0.04232 0.00000 0.10279 0.00000 0.06505 0.00000 0.13182 0.00000 0.64226 0.00000 0.00619 0.00000 
274	3	0.00002 0.00000 0.00513 0.00000 0.02183 0.00000 0.11327 0.00000 0.07199 0.00000 0.06510 0.00000 0.72087 0.00000 0.00180 0.00000 
275	3	0.00052 0.00000 0.00663 0.00000 0.03487 0.00000 0.07784 0.00000 0.08407 0.00000 0.13164 0.00000 0.65711 0.00000 0.00733 0.00000 
276	3	0.00011 0.00000 0.00565 0.00000 0.03018 0.00000 0.08770 0.00000 0.07598 0.00000 0.09201 0.00000 0.70280 0.00000 0.00556 0.00000 
277	3	0.00063 0.00000 0.01009 0.00000 0.05890 0.00000 0.09568 0.00000 0.06348 0.00000 0.20201 0.00000 0.56757 0.00000 0.00162 0.00000 
278	3	0.00039 0.00000 0.00621 0.00000 0.03586 0.00000 0.08958 0.00000 0.08841 0.00000 0.12935 0.00000 0.64731 0.00000 0.00290 0.00000 
279	3	0.00007 0.00000 0.00628 0.00000 0.02344 0.00000 0.10629 0.00000 0.09569 0.00000 0.08346 0.00000 0.68237 0.00000 0.00241 0.00000 
280	3	0.00062 0.00000 0.00761 0.00000 0.03939 0.00000 0.12001 0.00000 0.07014 0.00000 0.10850 0.00000 0.65247 0.00000 0.00126 0.00000 
281	3	0.00046 0.00000 0.00955 0.00000 0.03712 0.00000 0.07392 0.00000 0.06680 0.00000 0.18058 0.00000 0.61566 0.00000 0.01592 0.00000 
282	3	0.00094 0.00000 0.01121 0.00000 0.05781 0.00000 0.09209 0.00000 0.06537 0.00000 0.17112 0.00000 0.59978 0.00000 0.00168 0.00000 
283	3	0.00051 0.00000 0.00542 0.00000 0.05535 0.00000 0.11179 0.00000 0.08352 0.00000 0.20409 0.00000 0.53842 0.00000 0.00092 0.00000 
284	3	0.00025 0.00000 0.00622 0.00000 0.05241 0.00000 0.09528 0.00000 0.07076 0.00000 0.17888 0.00000 0.59375 0.00000 0.00246 0.00000 
285	3	0.00044 0.00000 0.00852 0.00000 0.08314 0.00000 0.09743 0.00000 0.05670 0.00000 0.24621 0.00000 0.50078 0.00000 0.00679 0.00000 
286	3	0.00035 0.00000 0.01075 0.00000 0.06211 0.00000 0.10720 0.00000 0.06289 0.00000 0.16689 0.00000 0.58550 0.00000 0.00431 0.00000 
287	3	0.00013 0.00000 0.01079 0.00000 0.05964 0.00000 0.10042 0.00000 0.06798 0.00000 0.50776 0.00000 0.25033 0.00000 0.00297 0.00000 
288	3	0.00051 0.00000 0.03239 0.00000 0.08956 0.00000 0.06771 0.00000 0.10940 0.00000 0.57373 0.00000 0.11306 0.00000 0.01364 0.00000 
289	3	0.00039 0.00000 0.02324 0.00000 0.10027 0.00000 0.08162 0.00000 0.08293 0.00000 0.63339 0.00000 0.07313 0.00000 0.00503 0.00000 
290	3	0.00003 0.00000 0.00581 0.00000 0.04983 0.00000 0.11147 0.00000 0.09244 0.00000 0.35644 0.00000 0.38020 0.00000 0.00379 0.00000 
291	3	0.00074 0.00000 0.01240 0.00000 0.05816 0.00000 0.09256 0.00000 0.05901 0.00000 0.15549 0.00000 0.61784 0.00000 0.00379 0.00000 
292	3	0.00081 0.00000 0.02673 0.00000 0.08648 0.00000 0.06897 0.00000 0.06113 0.00000 0.22200 0.00000 0.52753 0.00000 0.00634 0.00000 
293	3	0.00015 0.00000 0.01334 0.00000 0.07771 0.00000 0.07891 0.00000 0.05638 0.00000 0.36641 0.00000 0.38397 0.00000 0.02313 0.00000 
294	3	0.00129 0.00000 0.02604 0.00000 0.08976 0.00000 0.09386 0.00000 0.08661 0.00000 0.68153 0.00000 0.02001 0.00000 0.00091 0.00000 
295	3	0.00012 0.00000 0.01033 0.00000 0.08939 0.00000 0.09082 0.00000 0.09002 0.00000 0.63989 0.00000 0.06991 0.00000 0.00952 0.00000 
296	3	0.00009 0.00000 0.01427 0.00000 0.09560 0.00000 0.09748 0.00000 0.07492 0.00000 0.63842 0.00000 0.07330 0.00000 0.00593 0.00000 
