1400	14	8
0	1	0.00000 0.00874 0.02679 0.00000 0.36727 0.13300 0.46395 0.00025 
1	1	0.00000 0.00007 0.00326 0.03973 0.07562 0.54555 0.33577 0.00000 
2	1	0.00002 0.00068 0.00405 0.03947 0.06845 0.48008 0.40724 0.00002 
3	1	0.00004 0.00153 0.00092 0.02251 0.55378 0.10979 0.31142 0.00001 
4	1	0.00003 0.00118 0.00059 0.01246 0.05221 0.57787 0.09711 0.25857 
5	1	0.00006 0.00143 0.00114 0.02624 0.41740 0.10463 0.44909 0.00002 
6	1	0.00001 0.00024 0.00166 0.00089 0.11857 0.49877 0.07585 0.30402 
7	1	0.00001 0.00008 0.00303 0.02608 0.05773 0.52008 0.39297 0.00003 
8	1	0.00000 0.00025 0.00225 0.00185 0.11998 0.48114 0.39452 0.00002 
9	1	0.00000 0.00004 0.00504 0.03401 0.05244 0.55728 0.35115 0.00003 
10	1	0.00001 0.00038 0.00085 0.00201 0.09070 0.33592 0.56974 0.00040 
11	1	0.00019 0.03266 0.00000 0.07298 0.44600 0.00000 0.08494 0.36323 
12	1	0.00004 0.02349 0.06869 0.00000 0.43286 0.08702 0.38787 0.00003 
13	1	0.00641 0.00000 0.03815 0.00000 0.45827 0.09408 0.00000 0.40308 
14	1	0.00000 0.03624 0.06283 0.00000 0.50533 0.08295 0.31256 0.00009 
15	1	0.00017 0.00072 0.02555 0.07919 0.53177 0.08833 0.27424 0.00003 
16	1	0.00030 0.00088 0.03014 0.00000 0.07765 0.54408 0.09160 0.25535 
17	1	0.00001 0.00033 0.00035 0.02605 0.06074 0.48126 0.09676 0.33450 
18	1	0.00001 0.00099 0.00108 0.01347 0.05106 0.45607 0.12113 0.35618 
19	1	0.00002 0.00072 0.00040 0.01874 0.64036 0.09007 0.24962 0.00007 
20	1	0.00001 0.00006 0.00207 0.01697 0.03888 0.52387 0.41808 0.00008 
21	1	0.00006 0.00140 0.00097 0.02202 0.58386 0.07658 0.31508 0.00003 
22	1	0.00007 0.00259 0.00200 0.04158 0.53983 0.10010 0.31383 0.00002 
23	1	0.00002 0.00016 0.00403 0.04510 0.11085 0.56974 0.27009 0.00001 
24	1	0.00000 0.00012 0.00272 0.02149 0.05107 0.52937 0.39523 0.00000 
25	1	0.00001 0.00005 0.00128 0.00156 0.12917 0.54946 0.09457 0.22390 
26	1	0.00000 0.00027 0.00281 0.00262 0.11484 0.51759 0.36182 0.00005 
27	1	0.00002 0.00203 0.00250 0.03859 0.50653 0.11572 0.33447 0.00014 
28	1	0.00000 0.00017 0.00017 0.02221 0.08439 0.45399 0.07948 0.35960 
29	1	0.00001 0.00021 0.00378 0.04699 0.08135 0.65261 0.21499 0.00007 
30	1	0.00001 0.00020 0.00224 0.00197 0.05620 0.51186 0.06935 0.35818 
31	1	0.00001 0.00048 0.00034 0.01299 0.55458 0.08117 0.35036 0.00007 
32	1	0.00000 0.00002 0.00048 0.00025 0.03256 0.65705 0.09881 0.21083 
33	1	0.00003 0.00084 0.00045 0.01771 0.46102 0.08302 0.43686 0.00008 
34	1	0.00000 0.00005 0.00238 0.03169 0.05685 0.52606 0.38289 0.00008 
35	1	0.00005 0.00090 0.00076 0.01977 0.55547 0.08471 0.33834 0.00001 
36	1	0.00000 0.00005 0.00143 0.02401 0.04798 0.62937 0.29711 0.00004 
37	1	0.00000 0.00001 0.00596 0.05737 0.05371 0.70444 0.16569 0.01282 
38	1	0.00000 0.00000 0.00326 0.05730 0.10257 0.62429 0.19624 0.01634 
39	1	0.00001 0.00020 0.00097 0.00704 0.12787 0.29070 0.56480 0.00842 
40	1	0.00004 0.00188 0.03075 0.02205 0.27450 0.62353 0.04627 0.00097 
41	1	0.00000 0.00005 0.00111 0.06039 0.59992 0.27968 0.05325 0.00560 
42	1	0.00007 0.00755 0.14629 0.14640 0.32535 0.29836 0.06843 0.00756 
43	1	0.00005 0.00587 0.07073 0.06123 0.35577 0.42625 0.07085 0.00925 
44	1	0.00002 0.00019 0.00261 0.03602 0.50344 0.41658 0.03785 0.00329 
45	1	0.00003 0.00065 0.01600 0.05476 0.13545 0.72953 0.05736 0.00621 
46	1	0.00003 0.00021 0.00722 0.05985 0.43222 0.39508 0.09598 0.00941 
47	1	0.00001 0.00002 0.00275 0.05117 0.04923 0.69641 0.17809 0.02234 
48	1	0.00003 0.00130 0.03963 0.04858 0.39236 0.37275 0.13213 0.01322 
49	1	0.00001 0.00026 0.00653 0.06128 0.33100 0.27080 0.29701 0.03311 
50	1	0.00001 0.00010 0.00572 0.05047 0.07075 0.59110 0.26249 0.01938 
51	1	0.00028 0.00778 0.04409 0.04322 0.48355 0.21986 0.19001 0.01122 
52	1	0.00001 0.00001 0.00667 0.07841 0.09453 0.69924 0.10177 0.01938 
53	1	0.00001 0.00020 0.00057 0.01062 0.10158 0.23495 0.63906 0.01301 
54	1	0.00000 0.00030 0.02454 0.03579 0.46248 0.41196 0.05829 0.00664 
55	1	0.00017 0.01478 0.01137 0.00000 0.52308 0.37752 0.06606 0.00703 
56	1	0.00001 0.00003 0.00113 0.04223 0.45043 0.28629 0.21366 0.00623 
57	1	0.00004 0.00040 0.00547 0.00643 0.08260 0.18845 0.71004 0.00657 
58	1	0.00000 0.00000 0.00996 0.05512 0.02581 0.43901 0.44098 0.02912 
59	1	0.00023 0.01154 0.06570 0.02477 0.14225 0.20617 0.53375 0.01559 
60	1	0.00001 0.00019 0.00133 0.02191 0.28680 0.42293 0.25690 0.00995 
61	1	0.00011 0.01568 0.00464 0.00000 0.28339 0.30248 0.38328 0.01042 
62	1	0.00003 0.00038 0.01529 0.01339 0.16141 0.14420 0.65741 0.00790 
63	1	0.00000 0.00007 0.00123 0.03207 0.02803 0.36175 0.55947 0.01739 
64	1	0.00002 0.00086 0.03475 0.03086 0.22709 0.38627 0.31257 0.00757 
65	1	0.00001 0.00022 0.00499 0.03570 0.44324 0.21301 0.27996 0.02288 
66	1	0.00003 0.00018 0.00206 0.03511 0.45719 0.33420 0.16333 0.00790 
67	1	0.00000 0.00001 0.00283 0.04647 0.02310 0.54660 0.36978 0.01122 
68	1	0.00000 0.00000 0.00035 0.00749 0.02308 0.38894 0.56971 0.01043 
69	1	0.00001 0.00153 0.00718 0.04123 0.31707 0.36733 0.25116 0.01449 
70	1	0.00000 0.00003 0.00053 0.03445 0.29487 0.15753 0.48470 0.02789 
71	1	0.00000 0.00002 0.00097 0.04549 0.34616 0.26152 0.32728 0.01857 
72	1	0.00001 0.00010 0.02460 0.08836 0.05983 0.62445 0.19302 0.00965 
73	1	0.00002 0.00009 0.00356 0.03826 0.41556 0.22542 0.29283 0.02426 
74	1	0.00000 0.00001 0.00510 0.06579 0.04218 0.56287 0.30297 0.02109 
75	1	0.00007 0.02036 0.01481 0.00000 0.19903 0.26845 0.49265 0.00463 
76	1	0.00000 0.00000 0.00278 0.03845 0.03510 0.57183 0.33158 0.02025 
77	1	0.00000 0.00000 0.00361 0.04709 0.02308 0.61700 0.29022 0.01899 
78	1	0.00000 0.00001 0.00404 0.05213 0.05614 0.66103 0.19845 0.02818 
79	1	0.00000 0.00001 0.00188 0.06452 0.08267 0.74503 0.08912 0.01677 
80	1	0.00001 0.00003 0.00341 0.04959 0.32787 0.30720 0.29258 0.01932 
81	1	0.00001 0.00001 0.01086 0.06720 0.05544 0.59290 0.25850 0.01507 
82	1	0.00015 0.00357 0.03929 0.03580 0.32346 0.32731 0.24433 0.02608 
83	1	0.00000 0.00001 0.00253 0.02334 0.28565 0.31200 0.36757 0.00890 
84	1	0.00002 0.00059 0.01604 0.01743 0.14693 0.28211 0.51909 0.01779 
85	1	0.00001 0.00001 0.00093 0.02494 0.03707 0.50434 0.42461 0.00809 
86	1	0.00000 0.00012 0.00015 0.00079 0.06720 0.33296 0.57180 0.02697 
87	1	0.00000 0.00001 0.02104 0.10540 0.10642 0.39102 0.35636 0.01974 
88	1	0.00002 0.00013 0.01583 0.08316 0.40790 0.16555 0.30986 0.01755 
89	1	0.00000 0.00011 0.00683 0.05841 0.03744 0.56342 0.31018 0.02361 
90	1	0.00001 0.00010 0.01755 0.01089 0.17262 0.34940 0.44097 0.00846 
91	1	0.00002 0.00023 0.01142 0.06021 0.45275 0.24901 0.21397 0.01240 
92	1	0.00004 0.00016 0.00205 0.04133 0.58103 0.19296 0.15832 0.02411 
93	1	0.00001 0.00006 0.01229 0.07502 0.07692 0.46082 0.35015 0.02474 
94	1	0.00001 0.00003 0.00982 0.06042 0.03924 0.57618 0.29613 0.01816 
95	1	0.00001 0.00018 0.01188 0.08917 0.33701 0.23915 0.30438 0.01822 
96	1	0.00001 0.00004 0.00835 0.10861 0.04291 0.60134 0.23004 0.00871 
97	1	0.00002 0.00005 0.00852 0.07434 0.04765 0.53470 0.31638 0.01834 
98	1	0.00004 0.00411 0.05048 0.05294 0.27422 0.25054 0.34028 0.02739 
99	1	0.00002 0.00011 0.01816 0.11699 0.05460 0.49788 0.29054 0.02171 
100	2	0.00000 0.00076 0.00892 0.05980 0.29414 0.51498 0.11548 0.00591 
101	2	0.00009 0.00127 0.04502 0.14051 0.20310 0.60543 0.00457 0.00001 
102	2	0.00005 0.00122 0.05442 0.13994 0.23999 0.56196 0.00239 0.00003 
103	2	0.00000 0.00017 0.01129 0.02218 0.11607 0.57167 0.27189 0.00673 
104	2	0.00011 0.00442 0.01151 0.07126 0.54497 0.35131 0.01550 0.00092 
105	2	0.00001 0.00101 0.01226 0.11197 0.65989 0.19963 0.01457 0.00066 
106	2	0.00013 0.00497 0.02932 0.19766 0.43724 0.32157 0.00910 0.00001 
107	2	0.00000 0.00050 0.04289 0.18006 0.17136 0.59549 0.00940 0.00030 
108	2	0.00002 0.00040 0.02262 0.10281 0.16368 0.70012 0.01004 0.00032 
109	2	0.00001 0.00185 0.03830 0.09483 0.13002 0.72774 0.00724 0.00001 
110	2	0.00001 0.00147 0.01325 0.03017 0.33446 0.16074 0.45690 0.00301 
111	2	0.00003 0.00329 0.02349 0.16794 0.49643 0.28557 0.02280 0.00045 
112	2	0.00025 0.00613 0.12747 0.06658 0.40248 0.36202 0.03475 0.00032 
113	2	0.00007 0.00317 0.03238 0.14240 0.39360 0.41292 0.01458 0.00089 
114	2	0.00005 0.00149 0.00668 0.13370 0.58745 0.25309 0.01685 0.00069 
115	2	0.00017 0.00473 0.02828 0.14939 0.36789 0.42951 0.01949 0.00054 
116	2	0.00000 0.00033 0.05066 0.18650 0.11761 0.62051 0.02325 0.00113 
117	2	0.00000 0.00089 0.01167 0.09204 0.63208 0.24200 0.02008 0.00124 
118	2	0.00000 0.00031 0.03752 0.17208 0.09559 0.66595 0.02781 0.00074 
119	2	0.00003 0.00098 0.03137 0.13192 0.11525 0.70994 0.01027 0.00025 
120	2	0.00049 0.00704 0.02677 0.14125 0.36022 0.43055 0.03261 0.00107 
121	2	0.00000 0.00062 0.03996 0.16698 0.07329 0.65136 0.06767 0.00011 
122	2	0.00000 0.00061 0.05348 0.18244 0.12404 0.63009 0.00895 0.00038 
123	2	0.00004 0.00130 0.06258 0.12643 0.08460 0.70035 0.02459 0.00010 
124	2	0.00000 0.00066 0.00598 0.02891 0.17788 0.16120 0.62537 0.00001 
125	2	0.00001 0.00064 0.04680 0.18360 0.10836 0.64600 0.01450 0.00009 
126	2	0.00012 0.00346 0.01359 0.16216 0.12693 0.27745 0.39230 0.02399 
127	2	0.00013 0.00527 0.01861 0.19061 0.21094 0.23488 0.32809 0.01147 
128	2	0.00029 0.01196 0.03396 0.22962 0.13421 0.25620 0.24599 0.08777 
129	2	0.00000 0.00033 0.01060 0.02364 0.31526 0.30824 0.28566 0.05626 
130	2	0.00000 0.00051 0.00707 0.03529 0.42683 0.24591 0.26483 0.01956 
131	2	0.00001 0.00121 0.01510 0.03620 0.33836 0.26972 0.32113 0.01828 
132	2	0.00002 0.00154 0.01066 0.10954 0.15584 0.42748 0.23842 0.05651 
133	2	0.00000 0.00055 0.01083 0.03147 0.33080 0.26435 0.35268 0.00932 
134	2	0.00009 0.00015 0.00374 0.02158 0.35834 0.23388 0.33426 0.04796 
135	2	0.00038 0.00697 0.03150 0.25211 0.16478 0.34329 0.18289 0.01808 
136	2	0.00001 0.00144 0.01579 0.18763 0.22431 0.32048 0.21962 0.03073 
137	2	0.00000 0.00007 0.00074 0.01636 0.32044 0.22437 0.40322 0.03480 
138	2	0.00000 0.00009 0.00328 0.02459 0.41501 0.35555 0.19803 0.00345 
139	2	0.00003 0.00057 0.06795 0.02885 0.06548 0.16544 0.33768 0.33399 
140	2	0.00001 0.00124 0.01684 0.06129 0.56678 0.29714 0.03116 0.02553 
141	2	0.00000 0.00034 0.00301 0.00619 0.22624 0.45862 0.29151 0.01409 
142	2	0.00001 0.00119 0.01151 0.07731 0.68017 0.15910 0.04671 0.02400 
143	2	0.00001 0.00325 0.12099 0.18453 0.32974 0.33937 0.02208 0.00003 
144	2	0.00004 0.00150 0.02529 0.06366 0.16497 0.67225 0.04794 0.02435 
145	2	0.00000 0.00093 0.03949 0.06886 0.17655 0.67825 0.02455 0.01136 
146	2	0.00006 0.00703 0.06982 0.00000 0.58302 0.27355 0.04361 0.02290 
147	2	0.00000 0.00015 0.01233 0.04474 0.17944 0.70149 0.04100 0.02084 
148	2	0.00063 0.01139 0.06736 0.24552 0.48379 0.16218 0.02647 0.00266 
149	2	0.00000 0.00022 0.01141 0.08069 0.25735 0.61690 0.02462 0.00881 
150	2	0.00000 0.00000 0.03101 0.10036 0.26645 0.55468 0.03873 0.00877 
151	2	0.00006 0.00395 0.04746 0.12148 0.79395 0.02763 0.00369 0.00179 
152	2	0.00000 0.00059 0.00059 0.00782 0.22461 0.66815 0.09298 0.00527 
153	2	0.00021 0.00529 0.03469 0.17773 0.63993 0.11392 0.02339 0.00483 
154	2	0.00000 0.00125 0.00510 0.19451 0.60408 0.17650 0.01378 0.00478 
155	2	0.00044 0.00673 0.02574 0.18604 0.65708 0.11051 0.01074 0.00273 
156	2	0.00070 0.02016 0.05083 0.30711 0.55148 0.05929 0.00935 0.00109 
157	2	0.00001 0.00005 0.03030 0.11545 0.32269 0.50805 0.02205 0.00140 
158	2	0.00000 0.00008 0.02264 0.09326 0.24484 0.61071 0.02693 0.00155 
159	2	0.00000 0.00003 0.01154 0.05571 0.28617 0.63145 0.01414 0.00096 
160	2	0.00001 0.00273 0.03580 0.21830 0.59938 0.13786 0.00548 0.00043 
161	2	0.00000 0.00257 0.02385 0.22868 0.61432 0.12067 0.00962 0.00028 
162	2	0.00004 0.00171 0.04069 0.06890 0.80596 0.05233 0.03017 0.00020 
163	2	0.00001 0.00266 0.04999 0.14354 0.72887 0.05351 0.02105 0.00036 
164	2	0.00004 0.00130 0.04432 0.11496 0.78767 0.03537 0.01632 0.00002 
165	2	0.00006 0.00070 0.02638 0.06929 0.78797 0.09848 0.01711 0.00001 
166	2	0.00000 0.00034 0.00093 0.03783 0.59872 0.30246 0.05225 0.00747 
167	2	0.00000 0.00014 0.06868 0.15091 0.39396 0.37040 0.01590 0.00001 
168	2	0.00001 0.00103 0.01741 0.09472 0.84494 0.02908 0.01281 0.00000 
169	2	0.00000 0.00027 0.09072 0.16376 0.39516 0.32852 0.02154 0.00003 
170	2	0.00002 0.00056 0.03756 0.07692 0.83210 0.03866 0.01416 0.00001 
171	2	0.00039 0.00403 0.03970 0.13771 0.77589 0.03127 0.01097 0.00004 
172	2	0.00008 0.00255 0.05829 0.12556 0.77974 0.01822 0.01523 0.00031 
173	2	0.00001 0.00042 0.04530 0.18604 0.54355 0.22158 0.00310 0.00000 
174	2	0.00011 0.00682 0.05303 0.14433 0.77294 0.01216 0.01057 0.00004 
175	2	0.00000 0.00144 0.00499 0.08576 0.57089 0.32094 0.01597 0.00000 
176	2	0.00001 0.00016 0.02533 0.09611 0.15019 0.72290 0.00228 0.00302 
177	2	0.00004 0.00266 0.01075 0.11972 0.56006 0.28923 0.01408 0.00347 
178	2	0.00001 0.00036 0.11978 0.19510 0.45559 0.22337 0.00578 0.00000 
179	2	0.00000 0.00006 0.00222 0.13718 0.61558 0.22289 0.01610 0.00596 
180	2	0.00000 0.00006 0.01155 0.13497 0.22091 0.61425 0.01035 0.00791 
181	2	0.00002 0.00102 0.12248 0.21747 0.49458 0.15031 0.01410 0.00001 
182	2	0.00004 0.00429 0.17912 0.21467 0.42032 0.17752 0.00403 0.00002 
183	2	0.00000 0.00102 0.00434 0.11991 0.62053 0.22862 0.01324 0.01234 
184	2	0.00013 0.00026 0.03888 0.18113 0.76175 0.00380 0.01404 0.00000 
185	2	0.00000 0.00016 0.07324 0.18898 0.51950 0.21287 0.00519 0.00006 
186	2	0.00018 0.00224 0.06618 0.18151 0.74099 0.00307 0.00576 0.00007 
187	2	0.00001 0.00013 0.00152 0.09890 0.70551 0.18191 0.01200 0.00002 
188	2	0.00014 0.00285 0.07969 0.15981 0.74495 0.00716 0.00536 0.00004 
189	2	0.00006 0.00312 0.08871 0.15994 0.37767 0.35591 0.00413 0.01048 
190	2	0.00001 0.00083 0.10432 0.17889 0.45652 0.24432 0.01509 0.00002 
191	2	0.00000 0.00085 0.11848 0.20427 0.41932 0.24386 0.01320 0.00001 
192	2	0.00001 0.00085 0.00774 0.10693 0.70588 0.16958 0.00269 0.00631 
193	2	0.00004 0.00205 0.06978 0.18303 0.72528 0.00665 0.01311 0.00007 
194	2	0.00000 0.00001 0.00441 0.08855 0.68897 0.21093 0.00291 0.00422 
195	2	0.00000 0.00020 0.05799 0.12777 0.37085 0.43066 0.01166 0.00087 
196	2	0.00001 0.00558 0.01766 0.10199 0.71863 0.12388 0.02818 0.00405 
197	2	0.00004 0.00131 0.01512 0.05322 0.66827 0.22303 0.03380 0.00522 
198	2	0.00053 0.00558 0.02317 0.07215 0.61574 0.23776 0.03911 0.00596 
199	2	0.00000 0.00005 0.00043 0.03148 0.28042 0.39606 0.28386 0.00771 
200	3	0.00000 0.00161 0.00384 0.02448 0.19700 0.05768 0.71334 0.00205 
201	3	0.00013 0.00217 0.01973 0.05650 0.10502 0.05362 0.75852 0.00431 
202	3	0.00101 0.00346 0.03118 0.06220 0.13754 0.10153 0.66069 0.00238 
203	3	0.00051 0.00208 0.01595 0.09214 0.14670 0.05633 0.67965 0.00663 
204	3	0.00001 0.00113 0.00340 0.02444 0.16695 0.11028 0.69212 0.00167 
205	3	0.00028 0.00250 0.02895 0.06563 0.09063 0.05248 0.75687 0.00265 
206	3	0.00174 0.00403 0.02439 0.08006 0.10872 0.13515 0.63248 0.01343 
207	3	0.00000 0.00170 0.00627 0.03531 0.18657 0.11317 0.65402 0.00297 
208	3	0.00001 0.00145 0.00855 0.02955 0.17519 0.10821 0.66016 0.01689 
209	3	0.00045 0.00540 0.03417 0.05027 0.11461 0.08739 0.69498 0.01272 
210	3	0.00028 0.00411 0.02560 0.07668 0.13094 0.12313 0.63532 0.00394 
211	3	0.00000 0.00118 0.00359 0.02921 0.20563 0.12693 0.62964 0.00383 
212	3	0.00112 0.00378 0.02587 0.06257 0.10368 0.15163 0.64492 0.00643 
213	3	0.00000 0.00128 0.00550 0.04322 0.20970 0.10947 0.61917 0.01166 
214	3	0.00031 0.00379 0.03037 0.06028 0.13151 0.09011 0.67667 0.00697 
215	3	0.00001 0.00126 0.00511 0.03512 0.20973 0.10316 0.64264 0.00298 
216	3	0.00032 0.00330 0.02942 0.08208 0.09362 0.09484 0.67969 0.01672 
217	3	0.00001 0.00087 0.00505 0.02906 0.16852 0.11508 0.66668 0.01473 
218	3	0.00114 0.00616 0.02719 0.07508 0.10860 0.14456 0.63174 0.00554 
219	3	0.00001 0.00191 0.00698 0.04667 0.23390 0.09166 0.59124 0.02762 
220	3	0.00003 0.00250 0.00856 0.04505 0.18584 0.10136 0.65174 0.00492 
221	3	0.00014 0.00205 0.02113 0.07582 0.08859 0.05649 0.74894 0.00684 
222	3	0.00038 0.00342 0.02089 0.06888 0.09952 0.05473 0.74524 0.00695 
223	3	0.00003 0.00093 0.00825 0.02672 0.13600 0.04311 0.76394 0.02102 
224	3	0.00047 0.00129 0.01478 0.06724 0.08189 0.04070 0.76643 0.02719 
225	3	0.00071 0.00237 0.00990 0.06487 0.08851 0.04648 0.77679 0.01038 
226	3	0.00009 0.00364 0.01830 0.06337 0.07304 0.03882 0.78928 0.01346 
227	3	0.00007 0.00097 0.01141 0.04925 0.08532 0.04606 0.78017 0.02674 
228	3	0.00000 0.00010 0.00113 0.00963 0.10932 0.04583 0.82027 0.01372 
229	3	0.00000 0.00074 0.00592 0.01109 0.15715 0.07637 0.74095 0.00779 
230	3	0.00012 0.00165 0.02236 0.07877 0.11439 0.05830 0.71312 0.01128 
231	3	0.00000 0.00059 0.00318 0.01839 0.20539 0.04839 0.70940 0.01466 
232	3	0.00042 0.00237 0.02376 0.06487 0.13141 0.07598 0.68845 0.01275 
233	3	0.00067 0.00339 0.03849 0.05536 0.11885 0.06345 0.69960 0.02019 
234	3	0.00058 0.00288 0.03386 0.05437 0.07688 0.06257 0.75382 0.01505 
235	3	0.00003 0.00071 0.02267 0.07815 0.10130 0.05604 0.72292 0.01817 
236	3	0.00056 0.00110 0.01394 0.06542 0.09260 0.05608 0.75527 0.01504 
237	3	0.00001 0.00009 0.00456 0.03003 0.10507 0.08248 0.60730 0.17046 
238	3	0.00003 0.00060 0.00919 0.03433 0.10263 0.09163 0.71432 0.04725 
239	3	0.00000 0.00004 0.00051 0.01330 0.17071 0.06503 0.72039 0.03002 
240	3	0.00041 0.00181 0.02156 0.06622 0.09734 0.05946 0.73286 0.02034 
241	3	0.00004 0.00120 0.01187 0.04913 0.10914 0.06432 0.74768 0.01661 
242	3	0.00001 0.00066 0.00272 0.01470 0.11942 0.06297 0.78295 0.01657 
243	3	0.00001 0.00060 0.00230 0.01393 0.16261 0.05610 0.74946 0.01499 
244	3	0.00011 0.00174 0.01782 0.05500 0.08231 0.06690 0.77059 0.00552 
245	3	0.00003 0.00088 0.01534 0.04427 0.11513 0.06371 0.73995 0.02070 
246	3	0.00225 0.00319 0.01294 0.05486 0.10504 0.05349 0.75039 0.01783 
247	3	0.00005 0.00199 0.01629 0.06903 0.10379 0.05658 0.69688 0.05539 
248	3	0.00004 0.00326 0.01294 0.06287 0.10542 0.05409 0.75294 0.00844 
249	3	0.00017 0.00093 0.01143 0.08340 0.10697 0.05159 0.73998 0.00553 
250	3	0.00008 0.00117 0.01266 0.05106 0.10952 0.07239 0.73672 0.01642 
251	3	0.00046 0.00171 0.01079 0.04931 0.08932 0.07800 0.74752 0.02289 
252	3	0.00000 0.00006 0.00122 0.01474 0.15728 0.05926 0.74244 0.02500 
253	3	0.00014 0.00204 0.01197 0.04553 0.08751 0.06388 0.77824 0.01068 
254	3	0.00008 0.00096 0.01270 0.05802 0.11119 0.05573 0.73771 0.02361 
255	3	0.00022 0.00123 0.01362 0.05538 0.09818 0.05200 0.75052 0.02886 
256	3	0.00046 0.00167 0.01623 0.06591 0.08862 0.05305 0.76768 0.00638 
257	3	0.00065 0.00269 0.00926 0.05966 0.11205 0.06536 0.74089 0.00945 
258	3	0.00013 0.00194 0.00738 0.04426 0.11278 0.05425 0.76519 0.01406 
259	3	0.00017 0.00124 0.00929 0.06865 0.14290 0.05742 0.69621 0.02413 
260	3	0.00054 0.00192 0.01020 0.05730 0.12985 0.03633 0.73593 0.02793 
261	3	0.00005 0.00054 0.00851 0.03363 0.08153 0.06233 0.51059 0.30282 
262	3	0.00000 0.00004 0.00189 0.00864 0.11223 0.07464 0.79052 0.01204 
263	3	0.00001 0.00084 0.01418 0.05131 0.09703 0.06680 0.75271 0.01714 
264	3	0.00004 0.00115 0.01215 0.03942 0.09524 0.07376 0.75167 0.02656 
265	3	0.00001 0.00046 0.00289 0.01877 0.16529 0.05508 0.73855 0.01894 
266	3	0.00003 0.00072 0.00899 0.03384 0.09429 0.08238 0.74525 0.03448 
267	3	0.00001 0.00028 0.01096 0.04142 0.08703 0.07263 0.75772 0.02996 
268	3	0.00001 0.00030 0.00737 0.02989 0.09132 0.07463 0.75975 0.03674 
269	3	0.00001 0.00017 0.00589 0.03025 0.09983 0.07762 0.73068 0.05556 
270	3	0.00000 0.00286 0.02073 0.00000 0.10465 0.06648 0.42937 0.37591 
271	3	0.00003 0.00251 0.02336 0.00000 0.10144 0.08368 0.57854 0.21044 
272	3	0.00161 0.00933 0.00000 0.04565 0.11096 0.00000 0.21051 0.62195 
273	3	0.00001 0.00375 0.01101 0.00000 0.08776 0.08969 0.27374 0.53403 
274	3	0.00000 0.00002 0.00341 0.00861 0.06679 0.11188 0.22513 0.58416 
275	3	0.00001 0.00270 0.00838 0.00000 0.05737 0.09912 0.24649 0.58593 
276	3	0.00001 0.00014 0.00341 0.00909 0.07163 0.09559 0.27661 0.54352 
277	3	0.00000 0.00252 0.01479 0.00000 0.07400 0.10506 0.31222 0.49141 
278	3	0.00005 0.00374 0.01109 0.00000 0.06575 0.10482 0.26369 0.55086 
279	3	0.00000 0.00011 0.00508 0.01492 0.07825 0.10369 0.25912 0.53883 
280	3	0.00000 0.00332 0.01160 0.00000 0.07818 0.10895 0.21712 0.58082 
281	3	0.00001 0.00026 0.00657 0.01392 0.06756 0.08042 0.29580 0.53546 
282	3	0.00011 0.00502 0.01921 0.00000 0.06679 0.10758 0.31587 0.48541 
283	3	0.00001 0.00247 0.01006 0.00000 0.07852 0.11088 0.35716 0.44090 
284	3	0.00005 0.00021 0.00455 0.02305 0.07617 0.08542 0.46999 0.34054 
285	3	0.00001 0.00023 0.00539 0.02163 0.11177 0.08089 0.43321 0.34686 
286	3	0.00008 0.00403 0.01938 0.00000 0.08566 0.10003 0.35006 0.44075 
287	3	0.00003 0.00062 0.00771 0.02216 0.08559 0.08975 0.75277 0.04138 
288	3	0.00027 0.00959 0.05252 0.00000 0.08405 0.06502 0.73572 0.05284 
289	3	0.00002 0.00382 0.03616 0.00000 0.11148 0.07526 0.72925 0.04401 
290	3	0.00006 0.00270 0.02659 0.00000 0.07293 0.13059 0.51234 0.25478 
291	3	0.00002 0.00474 0.01354 0.00000 0.08192 0.09244 0.29188 0.51546 
292	3	0.00000 0.00172 0.01868 0.00000 0.10819 0.08188 0.34446 0.44506 
293	3	0.00001 0.00250 0.02524 0.00000 0.08965 0.07724 0.70454 0.10083 
294	3	0.00006 0.00796 0.03422 0.00000 0.09871 0.09248 0.74516 0.02141 
295	3	0.00001 0.00060 0.00624 0.03764 0.10431 0.08230 0.73739 0.03151 
296	3	0.00004 0.00032 0.00801 0.05446 0.10230 0.07432 0.72747 0.03307 
297	3	0.00002 0.00030 0.01812 0.09527 0.09293 0.06559 0.71264 0.01513 
298	3	0.00018 0.00114 0.01199 0.04652 0.08975 0.06598 0.72552 0.05890 
299	3	0.00067 0.00947 0.04574 0.00000 0.09885 0.06493 0.73128 0.04906 
300	4	0.00001 0.00026 0.00042 0.01502 0.06703 0.01613 0.08326 0.81787 
301	4	0.00001 0.00053 0.00649 0.01804 0.00928 0.00593 0.05574 0.90398 
302	4	0.00001 0.00002 0.00313 0.04699 0.06535 0.06159 0.06878 0.75414 
303	4	0.00000 0.00014 0.00069 0.02931 0.08537 0.01841 0.08805 0.77803 
304	4	0.00014 0.03455 0.04010 0.00000 0.02762 0.02112 0.11281 0.76366 
305	4	0.00038 0.03369 0.05637 0.00000 0.03234 0.02496 0.07008 0.78216 
306	4	0.00000 0.00040 0.00025 0.02374 0.07497 0.01546 0.05935 0.82583 
307	4	0.00078 0.00185 0.02780 0.04154 0.02825 0.02106 0.16977 0.70894 
308	4	0.00093 0.04003 0.06206 0.00000 0.03649 0.02401 0.21719 0.61929 
309	4	0.00000 0.00001 0.00075 0.02105 0.04510 0.04216 0.05028 0.84065 
310	4	0.00001 0.00021 0.00627 0.01239 0.00694 0.00547 0.04109 0.92763 
311	4	0.00008 0.00633 0.01230 0.00000 0.00821 0.00373 0.04193 0.92742 
312	4	0.00024 0.00064 0.00378 0.02051 0.00881 0.00582 0.04356 0.91664 
313	4	0.00002 0.00017 0.02443 0.03232 0.02502 0.01188 0.04951 0.85663 
314	4	0.00001 0.01982 0.02927 0.00000 0.02487 0.01371 0.05067 0.86166 
315	4	0.00004 0.00186 0.03579 0.04203 0.02952 0.01403 0.05301 0.82372 
316	4	0.00001 0.00005 0.02097 0.03323 0.02748 0.01961 0.08267 0.81598 
317	4	0.00000 0.00013 0.00030 0.01186 0.08320 0.01382 0.05447 0.83621 
318	4	0.00002 0.00010 0.01234 0.05169 0.02520 0.01435 0.05178 0.84452 
319	4	0.00000 0.00093 0.00153 0.03955 0.08389 0.01795 0.12060 0.73555 
320	4	0.00001 0.00003 0.00148 0.03457 0.05382 0.04623 0.05279 0.81107 
321	4	0.00010 0.00059 0.02940 0.06317 0.03145 0.01849 0.05992 0.79687 
322	4	0.00128 0.00957 0.06916 0.08427 0.03861 0.01646 0.06226 0.71840 
323	4	0.00014 0.00018 0.01393 0.08767 0.06815 0.06167 0.09537 0.67289 
324	4	0.00055 0.03326 0.04132 0.00000 0.03209 0.01636 0.07607 0.80034 
325	4	0.00000 0.00052 0.03242 0.05901 0.02693 0.01664 0.08492 0.77957 
326	4	0.00000 0.00001 0.00042 0.01759 0.05854 0.03965 0.05043 0.83336 
327	4	0.00027 0.00146 0.03571 0.06232 0.04007 0.02306 0.06446 0.77263 
328	4	0.00000 0.00078 0.00171 0.02958 0.06935 0.01334 0.04660 0.83865 
329	4	0.00058 0.00313 0.06580 0.09823 0.04554 0.02669 0.09511 0.66491 
330	4	0.00003 0.00011 0.00577 0.04395 0.03837 0.05891 0.64656 0.20631 
331	4	0.00082 0.00487 0.04262 0.07270 0.05613 0.04141 0.60627 0.17519 
332	4	0.00024 0.00230 0.02770 0.04801 0.04150 0.04117 0.59332 0.24576 
333	4	0.00000 0.00003 0.00669 0.04862 0.06642 0.07716 0.57002 0.23105 
334	4	0.00015 0.00017 0.01743 0.07605 0.07022 0.10545 0.52648 0.20405 
335	4	0.00000 0.00115 0.00463 0.05757 0.11655 0.05753 0.56007 0.20249 
336	4	0.00000 0.00070 0.00568 0.04628 0.15199 0.23488 0.39954 0.16094 
337	4	0.00012 0.00305 0.03534 0.05441 0.06757 0.16027 0.48892 0.19033 
338	4	0.00002 0.00087 0.03595 0.05680 0.06509 0.14521 0.47202 0.22403 
339	4	0.00086 0.00291 0.04652 0.05203 0.08709 0.18048 0.44871 0.18141 
340	4	0.00106 0.00520 0.04312 0.06446 0.07083 0.08106 0.53796 0.19630 
341	4	0.00001 0.00010 0.00781 0.05309 0.05719 0.17999 0.54159 0.16022 
342	4	0.00001 0.00108 0.00965 0.06588 0.18938 0.09814 0.46167 0.17419 
343	4	0.00008 0.01093 0.02144 0.00000 0.06667 0.18016 0.50651 0.21421 
344	4	0.00000 0.00137 0.00443 0.04412 0.13862 0.12689 0.47081 0.21376 
345	4	0.00002 0.00028 0.02202 0.04759 0.05851 0.20399 0.47014 0.19745 
346	4	0.00002 0.00005 0.00126 0.02672 0.02922 0.20836 0.54579 0.18859 
347	4	0.00021 0.00407 0.02503 0.06677 0.06041 0.06234 0.53105 0.25012 
348	4	0.00078 0.02876 0.04873 0.00000 0.05412 0.12437 0.48836 0.25488 
349	4	0.00001 0.00085 0.03486 0.04655 0.05946 0.16047 0.51287 0.18493 
350	4	0.00002 0.00002 0.00806 0.06762 0.09754 0.13312 0.48512 0.20851 
351	4	0.00000 0.00077 0.00621 0.05915 0.14146 0.08453 0.47939 0.22849 
352	4	0.00001 0.00041 0.00128 0.02692 0.11595 0.16404 0.41729 0.27411 
353	4	0.00026 0.00055 0.01234 0.02801 0.03200 0.10379 0.47478 0.34828 
354	4	0.00001 0.00047 0.02671 0.04066 0.05590 0.19045 0.46925 0.21655 
355	4	0.00739 0.00750 0.00000 0.02044 0.12747 0.00000 0.55293 0.28428 
356	4	0.00018 0.00360 0.03759 0.09951 0.04309 0.02701 0.28004 0.50897 
357	4	0.00004 0.00276 0.03376 0.09581 0.06687 0.05632 0.59399 0.15046 
358	4	0.00027 0.00111 0.02597 0.06390 0.04325 0.03625 0.58680 0.24244 
359	4	0.00020 0.00036 0.01764 0.06955 0.04175 0.03413 0.54160 0.29477 
360	4	0.00002 0.00221 0.02552 0.06510 0.04933 0.04358 0.53111 0.28313 
361	4	0.00022 0.00103 0.04391 0.05860 0.06468 0.18138 0.55438 0.09580 
362	4	0.00003 0.00031 0.02083 0.07303 0.04315 0.02912 0.43734 0.39619 
363	4	0.00006 0.00127 0.03789 0.05152 0.03595 0.02924 0.47085 0.37321 
364	4	0.00006 0.00192 0.01349 0.08392 0.03500 0.02804 0.39667 0.44090 
365	4	0.00004 0.00094 0.00259 0.02345 0.09561 0.02633 0.44952 0.40151 
366	4	0.00018 0.00046 0.03403 0.05559 0.03824 0.03105 0.39567 0.44479 
367	4	0.00001 0.00033 0.00204 0.02406 0.09420 0.02693 0.43201 0.42043 
368	4	0.00015 0.00145 0.02787 0.08280 0.03999 0.04232 0.44352 0.36189 
369	4	0.00000 0.00083 0.02151 0.07808 0.04011 0.03338 0.41724 0.40885 
370	4	0.00015 0.00053 0.01252 0.08165 0.03917 0.03158 0.46007 0.37433 
371	4	0.00008 0.00528 0.02629 0.00000 0.05123 0.07982 0.49401 0.34330 
372	4	0.00007 0.00015 0.01035 0.02290 0.04728 0.07963 0.47146 0.36816 
373	4	0.00871 0.02339 0.00000 0.04732 0.08994 0.00000 0.47679 0.35385 
374	4	0.00704 0.02244 0.00000 0.03624 0.07803 0.00000 0.42826 0.42799 
375	4	0.00781 0.02420 0.00000 0.04645 0.08560 0.00000 0.44998 0.38597 
376	4	0.00000 0.00010 0.00027 0.00461 0.06133 0.07167 0.49096 0.37105 
377	4	0.00235 0.02672 0.00000 0.03105 0.07782 0.00000 0.45829 0.40377 
378	4	0.00021 0.00063 0.01936 0.04034 0.05764 0.06721 0.55791 0.25670 
379	4	0.00001 0.01363 0.02271 0.00000 0.06458 0.09389 0.50127 0.30391 
380	4	0.00000 0.00004 0.02263 0.06714 0.07838 0.11513 0.44277 0.27390 
381	4	0.00001 0.02717 0.06215 0.00000 0.05875 0.06140 0.53506 0.25547 
382	4	0.00001 0.00010 0.02282 0.05666 0.04760 0.06197 0.51912 0.29172 
383	4	0.00000 0.02061 0.05654 0.00000 0.05304 0.07198 0.47908 0.31876 
384	4	0.00002 0.00002 0.01134 0.04842 0.04379 0.05832 0.51055 0.32755 
385	4	0.00000 0.00049 0.00286 0.03836 0.13159 0.09478 0.50930 0.22260 
386	4	0.00000 0.00101 0.00382 0.04953 0.09744 0.12012 0.38573 0.34234 
387	4	0.00000 0.00003 0.00418 0.07006 0.07715 0.15260 0.50287 0.19310 
388	4	0.00001 0.00004 0.00234 0.04059 0.05322 0.08965 0.43602 0.37811 
389	4	0.00003 0.00013 0.00676 0.02033 0.02239 0.06755 0.37149 0.51131 
390	4	0.00197 0.00746 0.08160 0.04717 0.07576 0.20894 0.44068 0.13641 
391	4	0.00000 0.00006 0.01122 0.02023 0.04215 0.15586 0.44544 0.32504 
392	4	0.00075 0.00279 0.04212 0.06162 0.07186 0.22378 0.33678 0.26029 
393	4	0.00002 0.00633 0.02288 0.00000 0.03771 0.22849 0.43682 0.26774 
394	4	0.00202 0.00505 0.05974 0.07071 0.05957 0.21773 0.38634 0.19884 
395	4	0.00005 0.00415 0.00804 0.07431 0.17709 0.28999 0.33061 0.11576 
396	4	0.00000 0.00015 0.00062 0.00264 0.14149 0.18232 0.55982 0.11296 
397	4	0.00001 0.00095 0.00960 0.09220 0.18571 0.15305 0.36137 0.19711 
398	4	0.00000 0.00028 0.00112 0.04064 0.13032 0.04872 0.27229 0.50662 
399	4	0.00000 0.00627 0.01890 0.00000 0.01440 0.01377 0.18366 0.76300 
400	5	0.00003 0.00752 0.03154 0.04480 0.07653 0.04034 0.32027 0.47897 
401	5	0.00005 0.00346 0.02209 0.06227 0.06704 0.03727 0.35489 0.45293 
402	5	0.00000 0.00018 0.04127 0.07464 0.07674 0.09332 0.39514 0.31870 
403	5	0.00006 0.01475 0.05568 0.04887 0.08282 0.02644 0.57609 0.19529 
404	5	0.00024 0.01404 0.04332 0.08095 0.09693 0.05944 0.58535 0.11973 
405	5	0.00003 0.00773 0.10070 0.03938 0.03717 0.07281 0.52645 0.21572 
406	5	0.00000 0.00001 0.03800 0.01339 0.01248 0.05058 0.45737 0.42817 
407	5	0.00000 0.00004 0.02553 0.01534 0.02039 0.05243 0.51060 0.37566 
408	5	0.00002 0.01206 0.01399 0.01643 0.04236 0.03659 0.61503 0.26353 
409	5	0.00003 0.02016 0.01115 0.01436 0.04836 0.07496 0.83058 0.00039 
410	5	0.00001 0.00505 0.12273 0.07258 0.06960 0.43185 0.29659 0.00159 
411	5	0.00009 0.02099 0.01235 0.01445 0.05607 0.38232 0.51371 0.00001 
412	5	0.00001 0.00643 0.05396 0.04663 0.09135 0.03755 0.76254 0.00153 
413	5	0.00000 0.00106 0.03194 0.01663 0.02345 0.39865 0.52822 0.00005 
414	5	0.00020 0.02507 0.02370 0.04308 0.09311 0.30179 0.51100 0.00206 
415	5	0.00001 0.00105 0.04688 0.03525 0.02818 0.42763 0.46023 0.00077 
416	5	0.00000 0.00008 0.01624 0.01273 0.03657 0.02891 0.90504 0.00043 
417	5	0.00001 0.00031 0.07655 0.03900 0.02817 0.16200 0.28841 0.40555 
418	5	0.00006 0.01517 0.06729 0.05854 0.07866 0.04551 0.73442 0.00035 
419	5	0.00067 0.02573 0.01058 0.01066 0.04799 0.27974 0.62443 0.00020 
420	5	0.00072 0.02608 0.01115 0.01590 0.05922 0.23553 0.65139 0.00002 
421	5	0.00000 0.00375 0.03068 0.03535 0.06879 0.03085 0.82999 0.00058 
422	5	0.00009 0.00335 0.06605 0.04083 0.02627 0.33691 0.52561 0.00090 
423	5	0.00006 0.01044 0.02665 0.04237 0.11090 0.03994 0.76937 0.00027 
424	5	0.00000 0.00126 0.00789 0.03939 0.05357 0.34296 0.55491 0.00001 
425	5	0.00000 0.00015 0.01223 0.01850 0.05115 0.02979 0.88774 0.00044 
426	5	0.00116 0.02053 0.02084 0.00990 0.05570 0.26653 0.62472 0.00062 
427	5	0.00000 0.00038 0.02130 0.01223 0.04211 0.03217 0.89069 0.00111 
428	5	0.00000 0.00263 0.01050 0.09212 0.08695 0.03936 0.76777 0.00067 
429	5	0.00001 0.00018 0.02598 0.02723 0.02444 0.36913 0.55252 0.00050 
430	5	0.00006 0.02281 0.00851 0.01653 0.06195 0.31431 0.57581 0.00002 
431	5	0.00006 0.00058 0.05044 0.03401 0.04482 0.26585 0.60395 0.00029 
432	5	0.00003 0.00150 0.06591 0.03120 0.04171 0.25021 0.60861 0.00083 
433	5	0.00007 0.00363 0.06134 0.07106 0.05894 0.18083 0.62383 0.00031 
434	5	0.00302 0.01015 0.03510 0.01767 0.03140 0.06964 0.81637 0.01665 
435	5	0.00160 0.03547 0.02108 0.00000 0.03254 0.10932 0.78844 0.01153 
436	5	0.00001 0.00001 0.00286 0.03471 0.02119 0.11389 0.82431 0.00300 
437	5	0.00001 0.00002 0.03906 0.08026 0.05050 0.15142 0.66336 0.01537 
438	5	0.00298 0.03415 0.02164 0.00000 0.03138 0.07388 0.80759 0.02838 
439	5	0.00001 0.00967 0.01999 0.01093 0.03907 0.04329 0.86897 0.00808 
440	5	0.00130 0.03366 0.05235 0.03092 0.04442 0.08726 0.73788 0.01221 
441	5	0.00017 0.00073 0.03129 0.07665 0.05524 0.14780 0.67498 0.01313 
442	5	0.00003 0.00141 0.03483 0.03937 0.05229 0.03653 0.83099 0.00455 
443	5	0.00007 0.00013 0.02531 0.01811 0.01437 0.11274 0.81559 0.01369 
444	5	0.00013 0.00872 0.04593 0.05580 0.15442 0.03937 0.69075 0.00488 
445	5	0.00001 0.00016 0.00438 0.04277 0.04252 0.07883 0.83027 0.00106 
446	5	0.00011 0.00386 0.02459 0.02939 0.02644 0.09261 0.82044 0.00257 
447	5	0.00331 0.01926 0.02042 0.02217 0.02378 0.06178 0.83612 0.01316 
448	5	0.00003 0.00235 0.06962 0.08356 0.07220 0.14200 0.62403 0.00621 
449	5	0.00001 0.00022 0.04456 0.09145 0.06218 0.18258 0.61672 0.00228 
450	5	0.00000 0.00595 0.01393 0.06515 0.09698 0.03453 0.77802 0.00544 
451	5	0.00003 0.00163 0.02581 0.05461 0.07183 0.08857 0.74637 0.01114 
452	5	0.00100 0.01741 0.02768 0.01963 0.02343 0.09238 0.80885 0.00962 
453	5	0.00012 0.02315 0.02204 0.04050 0.06019 0.13589 0.71593 0.00218 
454	5	0.00005 0.00280 0.02791 0.01570 0.04543 0.09178 0.81431 0.00202 
455	5	0.00003 0.00184 0.08767 0.04350 0.05351 0.14680 0.66361 0.00304 
456	5	0.00003 0.00267 0.01391 0.04100 0.11713 0.03505 0.78709 0.00313 
457	5	0.00000 0.00027 0.05939 0.02498 0.03185 0.07254 0.80710 0.00387 
458	5	0.00001 0.00323 0.04633 0.03593 0.02178 0.12555 0.76565 0.00153 
459	5	0.00009 0.00508 0.01415 0.06349 0.06448 0.07207 0.77803 0.00260 
460	5	0.00004 0.00489 0.03072 0.05167 0.07253 0.08670 0.74929 0.00416 
461	5	0.00102 0.00305 0.03118 0.01721 0.01508 0.01497 0.33669 0.58079 
462	5	0.00004 0.00213 0.00846 0.05861 0.07975 0.02785 0.45518 0.36797 
463	5	0.00005 0.00056 0.06147 0.05857 0.04537 0.07064 0.45660 0.30675 
464	5	0.01100 0.01235 0.01618 0.01443 0.01475 0.01748 0.35269 0.56111 
465	5	0.00000 0.00021 0.02101 0.08748 0.04033 0.07134 0.40208 0.37755 
466	5	0.00040 0.00335 0.04257 0.08849 0.04176 0.08520 0.36272 0.37550 
467	5	0.00000 0.00252 0.02614 0.04343 0.11751 0.03552 0.31312 0.46176 
468	5	0.00565 0.03186 0.01765 0.00000 0.01592 0.01375 0.25858 0.65657 
469	5	0.00017 0.01924 0.06391 0.03485 0.03782 0.02765 0.28705 0.52932 
470	5	0.00402 0.03439 0.01937 0.00000 0.01824 0.01523 0.24889 0.65986 
471	5	0.00000 0.00040 0.00903 0.02166 0.03830 0.01804 0.27811 0.63446 
472	5	0.00000 0.00041 0.01959 0.04399 0.04840 0.05789 0.33122 0.49850 
473	5	0.00006 0.00854 0.03283 0.07382 0.09406 0.03529 0.44102 0.31438 
474	5	0.00023 0.00076 0.05165 0.06565 0.04856 0.06575 0.45878 0.30862 
475	5	0.00137 0.01736 0.02446 0.01214 0.01753 0.01557 0.38163 0.52994 
476	5	0.00020 0.00531 0.03793 0.01961 0.01789 0.01587 0.42356 0.47962 
477	5	0.00000 0.00021 0.01569 0.02622 0.03810 0.01861 0.53081 0.37035 
478	5	0.00003 0.01710 0.00966 0.01322 0.03198 0.01634 0.37555 0.53613 
479	5	0.00018 0.00137 0.04977 0.05702 0.05250 0.06732 0.33919 0.43265 
480	5	0.00065 0.00029 0.03132 0.05785 0.03073 0.04265 0.34922 0.48728 
481	5	0.00095 0.00187 0.07442 0.06712 0.05054 0.06745 0.28657 0.45107 
482	5	0.00001 0.00097 0.01990 0.07905 0.09998 0.04008 0.14074 0.61927 
483	5	0.00001 0.00733 0.03463 0.01263 0.01910 0.01297 0.10761 0.80572 
484	5	0.00001 0.00104 0.04822 0.04337 0.03122 0.02627 0.15130 0.69859 
485	5	0.00046 0.00128 0.02230 0.02933 0.02234 0.01673 0.17324 0.73432 
486	5	0.00021 0.01587 0.05119 0.02807 0.02074 0.02040 0.11011 0.75341 
487	5	0.00018 0.00393 0.04196 0.05305 0.03466 0.03289 0.12830 0.70504 
488	5	0.00008 0.01261 0.01580 0.09424 0.09077 0.02677 0.21069 0.54904 
489	5	0.00000 0.00003 0.01673 0.05054 0.03513 0.06256 0.15536 0.67964 
490	5	0.00011 0.00933 0.03659 0.01014 0.01455 0.01716 0.09088 0.82126 
491	5	0.00002 0.00882 0.04693 0.03540 0.06676 0.02228 0.18992 0.62988 
492	5	0.00000 0.00071 0.03335 0.06429 0.04688 0.06966 0.26029 0.52482 
493	5	0.00070 0.02735 0.07469 0.05308 0.04730 0.03247 0.15616 0.60825 
494	5	0.00012 0.01336 0.03953 0.05480 0.09584 0.03552 0.32457 0.43626 
495	5	0.00032 0.00024 0.00787 0.04144 0.04370 0.06773 0.33996 0.49875 
496	5	0.01092 0.01143 0.04474 0.03460 0.02432 0.02713 0.29537 0.55149 
497	5	0.00050 0.00302 0.16534 0.12420 0.08271 0.11253 0.35013 0.16158 
498	5	0.00001 0.00606 0.06262 0.08877 0.18682 0.06278 0.40084 0.19210 
499	5	0.00096 0.02224 0.06824 0.09456 0.11779 0.03318 0.31067 0.35238 
500	6	0.00001 0.00014 0.00173 0.01594 0.18028 0.37625 0.42560 0.00004 
501	6	0.00000 0.00105 0.01236 0.05029 0.12167 0.34581 0.46879 0.00004 
502	6	0.00008 0.00084 0.06103 0.04442 0.05873 0.82521 0.00965 0.00003 
503	6	0.00000 0.00140 0.02112 0.04635 0.14152 0.30498 0.48461 0.00002 
504	6	0.00003 0.00782 0.03482 0.00000 0.09280 0.16676 0.42190 0.27586 
505	6	0.00001 0.00019 0.00120 0.02977 0.13070 0.12215 0.61217 0.10382 
506	6	0.00015 0.00162 0.01723 0.05607 0.17793 0.12930 0.50650 0.11121 
507	6	0.00003 0.00406 0.00559 0.11626 0.30978 0.52918 0.03510 0.00000 
508	6	0.00000 0.00295 0.00573 0.11923 0.31006 0.45226 0.10973 0.00004 
509	6	0.00000 0.00049 0.00114 0.02822 0.20421 0.69302 0.07291 0.00001 
510	6	0.00000 0.00018 0.00051 0.01111 0.20228 0.21900 0.56675 0.00017 
511	6	0.00001 0.00005 0.00657 0.02473 0.11573 0.31845 0.53404 0.00042 
512	6	0.00002 0.00012 0.01411 0.07559 0.09027 0.22893 0.55303 0.03794 
513	6	0.00002 0.00005 0.07357 0.06387 0.20010 0.66239 0.00000 0.00000 
514	6	0.00001 0.00005 0.00033 0.00134 0.21450 0.07055 0.68573 0.02747 
515	6	0.00001 0.00078 0.00120 0.02553 0.17337 0.65111 0.14799 0.00001 
516	6	0.00017 0.00056 0.00409 0.04089 0.11202 0.14070 0.69908 0.00249 
517	6	0.00000 0.00000 0.00171 0.01153 0.08195 0.37835 0.47811 0.04835 
518	6	0.00002 0.00028 0.00077 0.00810 0.14210 0.16419 0.54596 0.13859 
519	6	0.00000 0.00013 0.00085 0.01095 0.19178 0.16469 0.63111 0.00048 
520	6	0.00000 0.00058 0.00596 0.05014 0.27919 0.52457 0.13953 0.00003 
521	6	0.00002 0.00115 0.00918 0.04865 0.29765 0.43798 0.20535 0.00003 
522	6	0.00001 0.00254 0.00380 0.11093 0.35353 0.44487 0.08430 0.00002 
523	6	0.00000 0.00021 0.00056 0.00570 0.32501 0.61915 0.04935 0.00002 
524	6	0.00001 0.00151 0.00396 0.09199 0.35178 0.40945 0.14130 0.00001 
525	6	0.00000 0.00020 0.00378 0.06187 0.06325 0.86290 0.00799 0.00000 
526	6	0.00002 0.00032 0.00024 0.02633 0.21811 0.72574 0.02923 0.00000 
527	6	0.00001 0.00012 0.00020 0.00025 0.06579 0.18645 0.74163 0.00555 
528	6	0.00000 0.00002 0.00074 0.00241 0.08659 0.12810 0.38890 0.39324 
529	6	0.00000 0.00002 0.00011 0.00096 0.02953 0.22350 0.40055 0.34533 
530	6	0.00001 0.00027 0.00082 0.00438 0.20375 0.10456 0.56523 0.12099 
531	6	0.00001 0.00189 0.00835 0.05490 0.19038 0.44222 0.30223 0.00004 
532	6	0.00000 0.00003 0.00034 0.00063 0.06113 0.08741 0.75166 0.09878 
533	6	0.00003 0.00007 0.00625 0.01204 0.07339 0.20985 0.46831 0.23005 
534	6	0.00001 0.00026 0.00296 0.00448 0.11154 0.14427 0.65842 0.07806 
535	6	0.00001 0.00003 0.00099 0.00786 0.09024 0.24604 0.36972 0.28511 
536	6	0.00001 0.00008 0.00054 0.00112 0.09660 0.11584 0.65816 0.12765 
537	6	0.00001 0.00005 0.00014 0.00172 0.11913 0.07638 0.64112 0.16146 
538	6	0.00001 0.00011 0.00526 0.01608 0.08733 0.21306 0.35133 0.32683 
539	6	0.00007 0.00017 0.00054 0.00110 0.04818 0.20860 0.43101 0.31034 
540	6	0.00003 0.00026 0.00010 0.00018 0.01744 0.05095 0.61599 0.31505 
541	6	0.00003 0.00010 0.00067 0.00217 0.10088 0.52715 0.36898 0.00002 
542	6	0.00004 0.00030 0.00106 0.01474 0.28403 0.06884 0.63099 0.00000 
543	6	0.00002 0.00026 0.00053 0.00103 0.10972 0.20775 0.65353 0.02717 
544	6	0.00003 0.00013 0.00013 0.00024 0.03070 0.06439 0.89778 0.00660 
545	6	0.00005 0.00034 0.00063 0.00295 0.25777 0.57984 0.15842 0.00001 
546	6	0.00001 0.00164 0.01946 0.08911 0.26316 0.42930 0.19731 0.00000 
547	6	0.00003 0.00037 0.00231 0.02248 0.23060 0.07895 0.50569 0.15956 
548	6	0.00000 0.00007 0.00012 0.00640 0.17708 0.13038 0.68595 0.00000 
549	6	0.00000 0.00030 0.00076 0.05285 0.20896 0.44592 0.29119 0.00003 
550	6	0.00002 0.00070 0.00632 0.07543 0.27388 0.53519 0.10846 0.00001 
551	6	0.00000 0.00188 0.00510 0.09282 0.23794 0.49051 0.17173 0.00002 
552	6	0.00007 0.00078 0.09678 0.18790 0.12088 0.59353 0.00001 0.00004 
553	6	0.00002 0.00040 0.00121 0.01639 0.31146 0.10124 0.43452 0.13476 
554	6	0.00000 0.00024 0.00057 0.00586 0.14895 0.14465 0.69972 0.00000 
555	6	0.00000 0.00001 0.00037 0.00080 0.07259 0.05233 0.66129 0.21261 
556	6	0.00000 0.00002 0.00116 0.01018 0.07216 0.26800 0.55963 0.08885 
557	6	0.00001 0.00036 0.00318 0.02508 0.09276 0.63233 0.24627 0.00000 
558	6	0.00001 0.00003 0.02329 0.04164 0.15439 0.78056 0.00002 0.00006 
559	6	0.00000 0.00036 0.00054 0.02534 0.17183 0.56644 0.23548 0.00002 
560	6	0.00000 0.00061 0.01289 0.05774 0.39913 0.52937 0.00021 0.00004 
561	6	0.00001 0.00016 0.00931 0.06257 0.17414 0.10376 0.56381 0.08623 
562	6	0.00015 0.00082 0.10163 0.17845 0.15064 0.56826 0.00001 0.00003 
563	6	0.00001 0.00092 0.01579 0.09923 0.32483 0.43677 0.12244 0.00001 
