1400	14	16
0	1	0.00000 0.00714 0.02262 0.00000 0.35627 0.12279 0.45835 0.00019 0.00000 0.00159 0.00416 0.00000 0.01100 0.01021 0.00560 0.00006 
1	1	0.00000 0.00000 0.00099 0.03031 0.05810 0.52402 0.32399 0.00000 0.00000 0.00006 0.00226 0.00943 0.01752 0.02153 0.01178 0.00000 
2	1	0.00000 0.00022 0.00109 0.02944 0.05172 0.45948 0.39506 0.00000 0.00002 0.00046 0.00296 0.01003 0.01673 0.02060 0.01218 0.00002 
3	1	0.00000 0.00028 0.00008 0.01774 0.52831 0.08336 0.29343 0.00000 0.00004 0.00124 0.00084 0.00477 0.02548 0.02644 0.01799 0.00001 
4	1	0.00000 0.00015 0.00000 0.00904 0.04478 0.55495 0.07380 0.24360 0.00003 0.00103 0.00059 0.00342 0.00743 0.02292 0.02331 0.01496 
5	1	0.00000 0.00010 0.00002 0.01681 0.39053 0.08631 0.43912 0.00000 0.00006 0.00132 0.00112 0.00943 0.02687 0.01832 0.00997 0.00002 
6	1	0.00000 0.00000 0.00029 0.00000 0.11095 0.48066 0.06164 0.29619 0.00001 0.00023 0.00136 0.00088 0.00762 0.01811 0.01421 0.00784 
7	1	0.00000 0.00000 0.00082 0.01744 0.04227 0.50095 0.38326 0.00000 0.00001 0.00008 0.00222 0.00864 0.01546 0.01912 0.00971 0.00003 
8	1	0.00000 0.00001 0.00047 0.00021 0.11122 0.46300 0.38292 0.00000 0.00000 0.00023 0.00178 0.00164 0.00877 0.01814 0.01160 0.00002 
9	1	0.00000 0.00000 0.00237 0.02397 0.03731 0.53682 0.33974 0.00001 0.00000 0.00004 0.00267 0.01004 0.01513 0.02046 0.01141 0.00002 
10	1	0.00000 0.00022 0.00006 0.00039 0.08059 0.31646 0.55721 0.00024 0.00001 0.00015 0.00078 0.00161 0.01011 0.01947 0.01253 0.00017 
11	1	0.00009 0.02785 0.00000 0.06207 0.43112 0.00000 0.07523 0.35801 0.00010 0.00481 0.00000 0.01091 0.01487 0.00000 0.00971 0.00522 
12	1	0.00000 0.01972 0.05915 0.00000 0.41886 0.07771 0.38224 0.00001 0.00004 0.00377 0.00954 0.00000 0.01401 0.00931 0.00563 0.00002 
13	1	0.00543 0.00000 0.03446 0.00000 0.44828 0.08463 0.00000 0.39693 0.00098 0.00000 0.00370 0.00000 0.00999 0.00945 0.00000 0.00615 
14	1	0.00000 0.03067 0.05175 0.00000 0.49072 0.07260 0.30636 0.00006 0.00000 0.00557 0.01108 0.00000 0.01461 0.01034 0.00620 0.00004 
15	1	0.00005 0.00032 0.02094 0.06797 0.51640 0.07950 0.26961 0.00001 0.00012 0.00040 0.00461 0.01121 0.01537 0.00883 0.00463 0.00002 
16	1	0.00016 0.00041 0.02524 0.00000 0.06754 0.52959 0.08177 0.25007 0.00014 0.00047 0.00489 0.00000 0.01012 0.01449 0.00983 0.00528 
17	1	0.00000 0.00022 0.00012 0.02119 0.05052 0.46628 0.08539 0.32849 0.00001 0.00010 0.00023 0.00486 0.01022 0.01498 0.01137 0.00601 
18	1	0.00000 0.00013 0.00004 0.00857 0.04055 0.43471 0.10145 0.34618 0.00001 0.00086 0.00104 0.00490 0.01052 0.02136 0.01968 0.01000 
19	1	0.00000 0.00008 0.00000 0.01401 0.62366 0.07481 0.24000 0.00001 0.00002 0.00064 0.00040 0.00473 0.01670 0.01526 0.00962 0.00006 
20	1	0.00000 0.00000 0.00055 0.01081 0.02681 0.50571 0.40796 0.00002 0.00001 0.00006 0.00151 0.00616 0.01207 0.01816 0.01012 0.00006 
21	1	0.00000 0.00011 0.00002 0.01521 0.56441 0.06288 0.30677 0.00000 0.00006 0.00129 0.00095 0.00681 0.01945 0.01369 0.00831 0.00003 
22	1	0.00000 0.00037 0.00009 0.02906 0.50946 0.08045 0.30504 0.00000 0.00007 0.00222 0.00190 0.01252 0.03037 0.01966 0.00879 0.00002 
23	1	0.00000 0.00000 0.00117 0.03162 0.08667 0.54471 0.25958 0.00000 0.00002 0.00016 0.00286 0.01348 0.02419 0.02503 0.01051 0.00001 
24	1	0.00000 0.00000 0.00055 0.01409 0.03770 0.51165 0.38576 0.00000 0.00000 0.00012 0.00216 0.00739 0.01337 0.01772 0.00947 0.00000 
25	1	0.00000 0.00000 0.00012 0.00015 0.12010 0.52739 0.07638 0.21416 0.00001 0.00005 0.00116 0.00141 0.00907 0.02207 0.01819 0.00974 
26	1	0.00000 0.00004 0.00100 0.00046 0.10234 0.49448 0.34907 0.00000 0.00000 0.00023 0.00180 0.00216 0.01250 0.02312 0.01275 0.00005 
27	1	0.00000 0.00039 0.00014 0.02618 0.47606 0.09431 0.32237 0.00006 0.00002 0.00164 0.00235 0.01242 0.03047 0.02141 0.01210 0.00008 
28	1	0.00000 0.00010 0.00002 0.01831 0.07502 0.44048 0.06952 0.35313 0.00000 0.00006 0.00014 0.00390 0.00937 0.01351 0.00996 0.00647 
29	1	0.00000 0.00000 0.00087 0.03528 0.06288 0.63253 0.20598 0.00001 0.00001 0.00021 0.00291 0.01171 0.01846 0.02008 0.00901 0.00006 
30	1	0.00000 0.00003 0.00044 0.00040 0.04514 0.48850 0.05408 0.34803 0.00001 0.00017 0.00179 0.00157 0.01105 0.02337 0.01527 0.01015 
31	1	0.00000 0.00001 0.00001 0.00962 0.53903 0.06493 0.33970 0.00001 0.00001 0.00047 0.00033 0.00337 0.01555 0.01624 0.01067 0.00006 
32	1	0.00000 0.00000 0.00001 0.00000 0.03009 0.64179 0.08233 0.20188 0.00000 0.00002 0.00046 0.00025 0.00247 0.01526 0.01648 0.00896 
33	1	0.00000 0.00007 0.00000 0.01353 0.44420 0.06826 0.42695 0.00003 0.00003 0.00077 0.00045 0.00418 0.01682 0.01476 0.00991 0.00004 
34	1	0.00000 0.00000 0.00058 0.02288 0.04218 0.50852 0.37331 0.00000 0.00000 0.00005 0.00179 0.00880 0.01467 0.01754 0.00958 0.00008 
35	1	0.00000 0.00002 0.00002 0.01420 0.53714 0.06896 0.32832 0.00000 0.00005 0.00088 0.00074 0.00557 0.01834 0.01574 0.01002 0.00001 
36	1	0.00000 0.00000 0.00026 0.01689 0.03564 0.61045 0.28534 0.00001 0.00000 0.00005 0.00117 0.00712 0.01234 0.01893 0.01177 0.00003 
37	1	0.00000 0.00000 0.00299 0.04633 0.04070 0.61848 0.09597 0.01040 0.00000 0.00001 0.00297 0.01104 0.01301 0.08596 0.06972 0.00242 
38	1	0.00000 0.00000 0.00142 0.04678 0.08437 0.56210 0.14872 0.01425 0.00000 0.00000 0.00184 0.01052 0.01819 0.06219 0.04751 0.00209 
39	1	0.00000 0.00002 0.00038 0.00362 0.11660 0.25397 0.53054 0.00673 0.00001 0.00018 0.00058 0.00342 0.01127 0.03673 0.03425 0.00170 
40	1	0.00000 0.00077 0.02572 0.01497 0.19459 0.49011 0.02246 0.00068 0.00004 0.00112 0.00503 0.00708 0.07991 0.13342 0.02381 0.00028 
41	1	0.00000 0.00000 0.00023 0.05362 0.52773 0.19732 0.03971 0.00386 0.00000 0.00005 0.00087 0.00677 0.07219 0.08236 0.01354 0.00175 
42	1	0.00000 0.00249 0.12868 0.12675 0.29104 0.25430 0.05320 0.00585 0.00007 0.00506 0.01761 0.01965 0.03431 0.04406 0.01523 0.00171 
43	1	0.00000 0.00406 0.05863 0.04678 0.27161 0.30926 0.04852 0.00707 0.00005 0.00181 0.01210 0.01445 0.08416 0.11699 0.02233 0.00218 
44	1	0.00000 0.00008 0.00132 0.03136 0.34379 0.23457 0.02435 0.00272 0.00002 0.00012 0.00128 0.00466 0.15965 0.18201 0.01350 0.00057 
45	1	0.00000 0.00010 0.01014 0.04326 0.11934 0.69868 0.04256 0.00458 0.00003 0.00055 0.00586 0.01150 0.01611 0.03085 0.01480 0.00163 
46	1	0.00000 0.00003 0.00396 0.04906 0.37024 0.30017 0.06723 0.00728 0.00002 0.00018 0.00326 0.01079 0.06197 0.09492 0.02875 0.00213 
47	1	0.00000 0.00000 0.00122 0.04361 0.03494 0.63105 0.12783 0.02002 0.00001 0.00002 0.00153 0.00756 0.01429 0.06536 0.05025 0.00232 
48	1	0.00000 0.00064 0.03323 0.03651 0.35423 0.26326 0.06575 0.01134 0.00003 0.00066 0.00639 0.01207 0.03813 0.10949 0.06638 0.00188 
49	1	0.00000 0.00000 0.00303 0.04797 0.29024 0.18450 0.23511 0.02825 0.00001 0.00026 0.00351 0.01330 0.04076 0.08630 0.06190 0.00487 
50	1	0.00000 0.00001 0.00283 0.04046 0.05495 0.50203 0.17810 0.01747 0.00001 0.00008 0.00289 0.01000 0.01580 0.08907 0.08439 0.00191 
51	1	0.00004 0.00499 0.03491 0.02834 0.42821 0.11684 0.11383 0.00875 0.00024 0.00279 0.00918 0.01488 0.05534 0.10302 0.07618 0.00246 
52	1	0.00000 0.00000 0.00360 0.06575 0.07540 0.61818 0.05373 0.01688 0.00001 0.00001 0.00306 0.01266 0.01913 0.08106 0.04804 0.00250 
53	1	0.00000 0.00002 0.00005 0.00777 0.08945 0.19933 0.60830 0.01075 0.00001 0.00017 0.00053 0.00286 0.01213 0.03562 0.03076 0.00227 
54	1	0.00000 0.00004 0.02164 0.02637 0.34880 0.27607 0.03931 0.00581 0.00000 0.00026 0.00290 0.00942 0.11368 0.13589 0.01898 0.00082 
55	1	0.00001 0.01241 0.00702 0.00000 0.47297 0.28186 0.02704 0.00607 0.00016 0.00237 0.00434 0.00000 0.05011 0.09566 0.03902 0.00095 
56	1	0.00000 0.00000 0.00033 0.03629 0.42454 0.22231 0.16638 0.00495 0.00001 0.00003 0.00080 0.00593 0.02589 0.06398 0.04728 0.00128 
57	1	0.00000 0.00021 0.00411 0.00351 0.06601 0.11820 0.62403 0.00561 0.00004 0.00019 0.00136 0.00292 0.01659 0.07026 0.08602 0.00096 
58	1	0.00000 0.00000 0.00804 0.04567 0.01484 0.39988 0.40370 0.02689 0.00000 0.00000 0.00191 0.00945 0.01098 0.03913 0.03728 0.00223 
59	1	0.00004 0.00958 0.05776 0.01556 0.12331 0.14214 0.45642 0.01258 0.00019 0.00196 0.00794 0.00922 0.01894 0.06403 0.07733 0.00301 
60	1	0.00000 0.00006 0.00031 0.01724 0.23765 0.30482 0.17838 0.00803 0.00001 0.00013 0.00102 0.00466 0.04915 0.11811 0.07852 0.00192 
61	1	0.00004 0.01488 0.00279 0.00000 0.20738 0.13353 0.24065 0.00964 0.00007 0.00080 0.00186 0.00000 0.07601 0.16895 0.14263 0.00078 
62	1	0.00000 0.00011 0.01196 0.00735 0.14361 0.09563 0.60379 0.00622 0.00003 0.00027 0.00332 0.00605 0.01780 0.04857 0.05362 0.00168 
63	1	0.00000 0.00000 0.00041 0.02615 0.01904 0.32607 0.51733 0.01576 0.00000 0.00007 0.00082 0.00592 0.00898 0.03569 0.04214 0.00163 
64	1	0.00000 0.00025 0.02904 0.02013 0.19272 0.31929 0.27146 0.00591 0.00002 0.00062 0.00571 0.01073 0.03437 0.06698 0.04111 0.00166 
65	1	0.00000 0.00002 0.00326 0.02889 0.39961 0.12768 0.20717 0.02070 0.00001 0.00019 0.00173 0.00681 0.04363 0.08534 0.07279 0.00218 
66	1	0.00000 0.00003 0.00053 0.02864 0.40970 0.19670 0.07825 0.00679 0.00002 0.00015 0.00153 0.00647 0.04749 0.13750 0.08508 0.00112 
67	1	0.00000 0.00000 0.00070 0.03756 0.01568 0.48958 0.30862 0.00959 0.00000 0.00001 0.00213 0.00891 0.00742 0.05702 0.06116 0.00163 
68	1	0.00000 0.00000 0.00010 0.00551 0.01778 0.31724 0.48039 0.00858 0.00000 0.00000 0.00025 0.00198 0.00530 0.07170 0.08933 0.00186 
69	1	0.00000 0.00097 0.00374 0.03197 0.27359 0.28441 0.20544 0.01235 0.00001 0.00056 0.00344 0.00926 0.04348 0.08292 0.04572 0.00214 
70	1	0.00000 0.00000 0.00004 0.02776 0.27514 0.11524 0.43502 0.02428 0.00000 0.00003 0.00049 0.00669 0.01973 0.04229 0.04968 0.00361 
71	1	0.00000 0.00000 0.00017 0.03983 0.31057 0.18745 0.26815 0.01700 0.00000 0.00002 0.00080 0.00565 0.03558 0.07407 0.05913 0.00156 
72	1	0.00000 0.00000 0.01522 0.06858 0.04379 0.54845 0.12248 0.00822 0.00001 0.00010 0.00938 0.01978 0.01603 0.07600 0.07054 0.00143 
73	1	0.00000 0.00000 0.00157 0.03031 0.37774 0.13464 0.21773 0.02135 0.00002 0.00009 0.00199 0.00794 0.03782 0.09078 0.07510 0.00291 
74	1	0.00000 0.00000 0.00235 0.05675 0.03014 0.49324 0.22631 0.01831 0.00000 0.00001 0.00275 0.00904 0.01204 0.06964 0.07666 0.00278 
75	1	0.00000 0.01802 0.00889 0.00000 0.15483 0.18036 0.42670 0.00391 0.00007 0.00233 0.00592 0.00000 0.04420 0.08809 0.06595 0.00072 
76	1	0.00000 0.00000 0.00132 0.03247 0.02610 0.50443 0.25684 0.01767 0.00000 0.00000 0.00146 0.00599 0.00900 0.06739 0.07474 0.00258 
77	1	0.00000 0.00000 0.00178 0.04122 0.01527 0.54661 0.21337 0.01674 0.00000 0.00000 0.00183 0.00587 0.00781 0.07039 0.07686 0.00225 
78	1	0.00000 0.00000 0.00215 0.04290 0.04159 0.60444 0.14990 0.02492 0.00000 0.00001 0.00189 0.00923 0.01456 0.05659 0.04855 0.00326 
79	1	0.00000 0.00000 0.00051 0.05580 0.06536 0.71497 0.07365 0.01401 0.00000 0.00001 0.00136 0.00872 0.01731 0.03006 0.01547 0.00277 
80	1	0.00000 0.00000 0.00207 0.04273 0.29355 0.20337 0.20468 0.01732 0.00001 0.00003 0.00133 0.00687 0.03432 0.10383 0.08789 0.00200 
81	1	0.00000 0.00000 0.00816 0.05642 0.03968 0.54377 0.21104 0.01334 0.00001 0.00001 0.00270 0.01078 0.01576 0.04913 0.04746 0.00173 
82	1	0.00000 0.00150 0.03102 0.02294 0.27061 0.23361 0.18595 0.02176 0.00015 0.00207 0.00827 0.01286 0.05286 0.09370 0.05838 0.00432 
83	1	0.00000 0.00000 0.00116 0.01947 0.25884 0.21180 0.26979 0.00780 0.00000 0.00001 0.00137 0.00387 0.02681 0.10020 0.09778 0.00111 
84	1	0.00000 0.00014 0.01179 0.01090 0.11992 0.21631 0.46385 0.01503 0.00002 0.00045 0.00425 0.00653 0.02701 0.06580 0.05524 0.00276 
85	1	0.00000 0.00000 0.00019 0.01776 0.02492 0.41338 0.30882 0.00652 0.00001 0.00001 0.00074 0.00718 0.01216 0.09096 0.11578 0.00157 
86	1	0.00000 0.00002 0.00002 0.00014 0.05759 0.28420 0.51898 0.02426 0.00000 0.00011 0.00013 0.00065 0.00962 0.04876 0.05282 0.00271 
87	1	0.00000 0.00000 0.01492 0.08760 0.08650 0.33456 0.29765 0.01689 0.00000 0.00001 0.00612 0.01780 0.01992 0.05646 0.05871 0.00284 
88	1	0.00000 0.00001 0.01161 0.06934 0.38178 0.12531 0.26808 0.01429 0.00002 0.00012 0.00422 0.01382 0.02612 0.04024 0.04178 0.00327 
89	1	0.00000 0.00000 0.00462 0.05142 0.02678 0.51670 0.25671 0.02162 0.00000 0.00011 0.00221 0.00699 0.01066 0.04671 0.05347 0.00199 
90	1	0.00000 0.00001 0.01432 0.00504 0.14366 0.23123 0.32324 0.00672 0.00001 0.00009 0.00323 0.00585 0.02896 0.11818 0.11773 0.00175 
91	1	0.00000 0.00003 0.00761 0.04952 0.40821 0.17729 0.17941 0.00978 0.00002 0.00020 0.00381 0.01069 0.04454 0.07172 0.03456 0.00263 
92	1	0.00000 0.00004 0.00062 0.03543 0.53670 0.15108 0.14374 0.02127 0.00004 0.00012 0.00143 0.00589 0.04433 0.04188 0.01458 0.00284 
93	1	0.00000 0.00000 0.00738 0.05795 0.05581 0.41838 0.31266 0.02172 0.00001 0.00005 0.00491 0.01708 0.02111 0.04244 0.03748 0.00302 
94	1	0.00000 0.00000 0.00633 0.05009 0.02620 0.53716 0.26163 0.01553 0.00001 0.00003 0.00349 0.01034 0.01304 0.03903 0.03449 0.00263 
95	1	0.00000 0.00000 0.00634 0.07496 0.30607 0.18740 0.27073 0.01555 0.00001 0.00017 0.00554 0.01421 0.03094 0.05175 0.03365 0.00267 
96	1	0.00000 0.00000 0.00454 0.09237 0.02558 0.55620 0.19608 0.00689 0.00001 0.00004 0.00382 0.01623 0.01733 0.04514 0.03396 0.00181 
97	1	0.00000 0.00000 0.00481 0.06270 0.03600 0.50187 0.29010 0.01629 0.00002 0.00004 0.00371 0.01164 0.01166 0.03283 0.02629 0.00205 
98	1	0.00000 0.00192 0.04023 0.03962 0.24911 0.20266 0.28788 0.02426 0.00004 0.00219 0.01025 0.01332 0.02511 0.04788 0.05239 0.00313 
99	1	0.00000 0.00000 0.01251 0.10162 0.03903 0.44828 0.24150 0.01911 0.00002 0.00011 0.00565 0.01538 0.01557 0.04960 0.04904 0.00260 
100	2	0.00000 0.00038 0.00393 0.04746 0.22327 0.38941 0.06322 0.00491 0.00000 0.00038 0.00499 0.01234 0.07087 0.12556 0.05226 0.00100 
101	2	0.00000 0.00005 0.02385 0.10647 0.16496 0.57483 0.00321 0.00000 0.00008 0.00122 0.02117 0.03404 0.03814 0.03060 0.00136 0.00001 
102	2	0.00001 0.00014 0.03067 0.10073 0.20379 0.53693 0.00153 0.00001 0.00004 0.00108 0.02375 0.03922 0.03620 0.02503 0.00086 0.00002 
103	2	0.00000 0.00004 0.00782 0.00952 0.09089 0.47643 0.18727 0.00474 0.00000 0.00013 0.00347 0.01266 0.02517 0.09523 0.08462 0.00200 
104	2	0.00000 0.00300 0.00397 0.05570 0.49512 0.30318 0.01265 0.00054 0.00011 0.00142 0.00754 0.01556 0.04985 0.04812 0.00285 0.00038 
105	2	0.00000 0.00026 0.00459 0.09386 0.62231 0.16834 0.01251 0.00054 0.00001 0.00075 0.00767 0.01811 0.03758 0.03128 0.00206 0.00012 
106	2	0.00000 0.00254 0.01213 0.15910 0.38123 0.28085 0.00707 0.00000 0.00013 0.00243 0.01719 0.03856 0.05601 0.04072 0.00203 0.00001 
107	2	0.00000 0.00002 0.02579 0.14550 0.12162 0.54846 0.00776 0.00014 0.00000 0.00048 0.01710 0.03455 0.04974 0.04703 0.00164 0.00015 
108	2	0.00000 0.00002 0.01092 0.07979 0.12815 0.66548 0.00747 0.00014 0.00002 0.00039 0.01169 0.02301 0.03553 0.03464 0.00256 0.00017 
109	2	0.00000 0.00026 0.02207 0.07088 0.09563 0.69225 0.00566 0.00000 0.00001 0.00158 0.01623 0.02395 0.03439 0.03549 0.00159 0.00001 
110	2	0.00000 0.00026 0.00870 0.01284 0.29794 0.11661 0.42156 0.00252 0.00001 0.00121 0.00454 0.01733 0.03652 0.04413 0.03535 0.00049 
111	2	0.00000 0.00245 0.00904 0.13766 0.44716 0.24873 0.01905 0.00019 0.00003 0.00084 0.01445 0.03028 0.04927 0.03684 0.00375 0.00026 
112	2	0.00005 0.00157 0.11101 0.03744 0.31688 0.29340 0.02496 0.00014 0.00020 0.00456 0.01646 0.02914 0.08560 0.06862 0.00979 0.00019 
113	2	0.00000 0.00200 0.01613 0.11278 0.33938 0.36294 0.01066 0.00054 0.00007 0.00116 0.01625 0.02961 0.05421 0.04998 0.00392 0.00035 
114	2	0.00000 0.00068 0.00284 0.11749 0.53067 0.20985 0.01266 0.00048 0.00005 0.00081 0.00384 0.01621 0.05678 0.04323 0.00419 0.00021 
115	2	0.00001 0.00291 0.01558 0.12145 0.32160 0.39448 0.01636 0.00029 0.00016 0.00182 0.01270 0.02794 0.04629 0.03503 0.00313 0.00025 
116	2	0.00000 0.00003 0.02691 0.14660 0.07983 0.58456 0.02034 0.00068 0.00000 0.00030 0.02375 0.03990 0.03777 0.03596 0.00291 0.00045 
117	2	0.00000 0.00040 0.00537 0.07587 0.56284 0.18586 0.01780 0.00087 0.00000 0.00048 0.00630 0.01617 0.06924 0.05614 0.00228 0.00038 
118	2	0.00000 0.00000 0.02578 0.14146 0.06144 0.63164 0.02343 0.00041 0.00000 0.00031 0.01174 0.03061 0.03415 0.03431 0.00438 0.00033 
119	2	0.00000 0.00007 0.01604 0.09955 0.07462 0.67331 0.00763 0.00011 0.00003 0.00091 0.01533 0.03237 0.04063 0.03662 0.00264 0.00014 
120	2	0.00002 0.00374 0.01034 0.11211 0.31823 0.38589 0.02343 0.00055 0.00047 0.00329 0.01643 0.02914 0.04199 0.04467 0.00918 0.00052 
121	2	0.00000 0.00010 0.02081 0.13455 0.04629 0.60568 0.04609 0.00006 0.00000 0.00052 0.01915 0.03244 0.02700 0.04568 0.02158 0.00005 
122	2	0.00000 0.00008 0.02966 0.14173 0.08604 0.59694 0.00696 0.00021 0.00000 0.00053 0.02382 0.04071 0.03800 0.03315 0.00199 0.00017 
123	2	0.00000 0.00017 0.03852 0.08967 0.05479 0.66115 0.01285 0.00002 0.00004 0.00113 0.02406 0.03677 0.02981 0.03920 0.01174 0.00008 
124	2	0.00000 0.00005 0.00319 0.01264 0.14060 0.11116 0.58808 0.00000 0.00000 0.00061 0.00279 0.01626 0.03728 0.05003 0.03729 0.00001 
125	2	0.00000 0.00009 0.02533 0.14454 0.07121 0.60669 0.00855 0.00001 0.00001 0.00055 0.02148 0.03906 0.03716 0.03931 0.00596 0.00008 
126	2	0.00000 0.00203 0.00544 0.13837 0.08712 0.20791 0.34137 0.01665 0.00012 0.00142 0.00815 0.02378 0.03981 0.06954 0.05092 0.00734 
127	2	0.00000 0.00286 0.00831 0.16253 0.16141 0.15692 0.26324 0.00329 0.00012 0.00241 0.01030 0.02809 0.04954 0.07796 0.06485 0.00818 
128	2	0.00000 0.00767 0.01743 0.19459 0.09380 0.19386 0.18936 0.06956 0.00028 0.00428 0.01653 0.03503 0.04041 0.06234 0.05663 0.01821 
129	2	0.00000 0.00002 0.00617 0.01068 0.27038 0.23499 0.22463 0.03987 0.00000 0.00032 0.00443 0.01296 0.04488 0.07326 0.06103 0.01639 
130	2	0.00000 0.00001 0.00429 0.01459 0.36081 0.17165 0.21200 0.00928 0.00000 0.00050 0.00278 0.02070 0.06602 0.07427 0.05283 0.01028 
131	2	0.00000 0.00009 0.00926 0.01598 0.28478 0.19018 0.25390 0.01053 0.00001 0.00112 0.00584 0.02022 0.05357 0.07954 0.06722 0.00774 
132	2	0.00000 0.00077 0.00550 0.09275 0.11019 0.33245 0.15885 0.03561 0.00002 0.00077 0.00516 0.01679 0.04565 0.09503 0.07957 0.02089 
133	2	0.00000 0.00004 0.00578 0.01289 0.27600 0.18579 0.28667 0.00170 0.00000 0.00051 0.00505 0.01858 0.05480 0.07856 0.06601 0.00762 
134	2	0.00001 0.00000 0.00195 0.00692 0.30550 0.15942 0.26085 0.02542 0.00008 0.00014 0.00178 0.01466 0.05283 0.07446 0.07342 0.02254 
135	2	0.00002 0.00412 0.01442 0.21503 0.11938 0.25328 0.11701 0.00727 0.00036 0.00285 0.01708 0.03708 0.04540 0.09000 0.06588 0.01081 
136	2	0.00000 0.00030 0.00424 0.15154 0.16106 0.23897 0.16427 0.01514 0.00001 0.00114 0.01155 0.03608 0.06326 0.08151 0.05535 0.01559 
137	2	0.00000 0.00000 0.00028 0.00613 0.26780 0.15093 0.33707 0.01464 0.00000 0.00007 0.00046 0.01023 0.05264 0.07344 0.06614 0.02016 
138	2	0.00000 0.00000 0.00176 0.01213 0.36413 0.26007 0.13355 0.00269 0.00000 0.00009 0.00152 0.01245 0.05088 0.09548 0.06448 0.00076 
139	2	0.00000 0.00005 0.06048 0.01781 0.04745 0.14585 0.30966 0.31152 0.00003 0.00053 0.00747 0.01104 0.01803 0.01960 0.02802 0.02247 
140	2	0.00000 0.00011 0.01059 0.02847 0.49269 0.25161 0.02266 0.02302 0.00001 0.00113 0.00625 0.03283 0.07409 0.04553 0.00850 0.00251 
141	2	0.00000 0.00010 0.00079 0.00253 0.20603 0.40486 0.25473 0.01230 0.00000 0.00024 0.00223 0.00366 0.02022 0.05376 0.03677 0.00179 
142	2	0.00000 0.00021 0.00692 0.03629 0.60129 0.12070 0.03752 0.02154 0.00001 0.00098 0.00459 0.04103 0.07888 0.03841 0.00919 0.00247 
143	2	0.00000 0.00052 0.06912 0.12321 0.28212 0.30308 0.01863 0.00001 0.00001 0.00272 0.05187 0.06132 0.04763 0.03629 0.00345 0.00002 
144	2	0.00000 0.00081 0.02038 0.02881 0.11601 0.64418 0.03741 0.02081 0.00004 0.00069 0.00491 0.03485 0.04896 0.02807 0.01053 0.00355 
145	2	0.00000 0.00010 0.03169 0.03205 0.12284 0.64496 0.01888 0.00970 0.00000 0.00083 0.00780 0.03681 0.05370 0.03329 0.00568 0.00166 
146	2	0.00000 0.00245 0.05405 0.00000 0.53014 0.22458 0.03034 0.01753 0.00006 0.00458 0.01577 0.00000 0.05288 0.04897 0.01327 0.00537 
147	2	0.00000 0.00001 0.00902 0.01824 0.13235 0.66433 0.02493 0.01511 0.00000 0.00014 0.00332 0.02650 0.04709 0.03716 0.01608 0.00573 
148	2	0.00003 0.00728 0.03843 0.18114 0.40897 0.12250 0.02295 0.00213 0.00061 0.00411 0.02893 0.06438 0.07482 0.03968 0.00352 0.00053 
149	2	0.00000 0.00002 0.00702 0.04099 0.17929 0.56196 0.01755 0.00685 0.00000 0.00020 0.00439 0.03969 0.07806 0.05494 0.00707 0.00197 
150	2	0.00000 0.00000 0.02081 0.05046 0.19452 0.51056 0.02967 0.00545 0.00000 0.00000 0.01019 0.04990 0.07192 0.04412 0.00907 0.00332 
151	2	0.00001 0.00048 0.03018 0.05915 0.73543 0.02155 0.00138 0.00077 0.00005 0.00347 0.01727 0.06233 0.05852 0.00608 0.00231 0.00102 
152	2	0.00000 0.00022 0.00003 0.00430 0.19282 0.61013 0.06898 0.00281 0.00000 0.00036 0.00056 0.00351 0.03179 0.05802 0.02400 0.00246 
153	2	0.00001 0.00246 0.01622 0.13222 0.56930 0.06765 0.01499 0.00258 0.00021 0.00284 0.01846 0.04550 0.07063 0.04627 0.00840 0.00226 
154	2	0.00000 0.00050 0.00153 0.15974 0.52225 0.11659 0.00715 0.00253 0.00000 0.00075 0.00357 0.03476 0.08184 0.05991 0.00663 0.00225 
155	2	0.00003 0.00363 0.01080 0.14141 0.60367 0.08827 0.00644 0.00121 0.00041 0.00309 0.01493 0.04463 0.05341 0.02223 0.00430 0.00152 
156	2	0.00002 0.01253 0.02018 0.23939 0.49865 0.04571 0.00667 0.00037 0.00068 0.00763 0.03065 0.06772 0.05282 0.01357 0.00268 0.00072 
157	2	0.00000 0.00000 0.02082 0.04883 0.20635 0.43969 0.01715 0.00059 0.00001 0.00005 0.00948 0.06662 0.11634 0.06836 0.00490 0.00081 
158	2	0.00000 0.00000 0.01552 0.04695 0.15885 0.55875 0.02274 0.00069 0.00000 0.00007 0.00712 0.04631 0.08599 0.05196 0.00419 0.00086 
159	2	0.00000 0.00000 0.00796 0.02029 0.20911 0.58797 0.01096 0.00033 0.00000 0.00003 0.00358 0.03543 0.07706 0.04348 0.00317 0.00063 
160	2	0.00000 0.00103 0.01431 0.15981 0.50810 0.08875 0.00400 0.00009 0.00001 0.00170 0.02150 0.05849 0.09128 0.04911 0.00148 0.00034 
161	2	0.00000 0.00113 0.00649 0.16934 0.53996 0.09012 0.00721 0.00005 0.00000 0.00144 0.01736 0.05934 0.07435 0.03055 0.00241 0.00024 
162	2	0.00000 0.00014 0.02936 0.02743 0.75025 0.04204 0.02559 0.00002 0.00004 0.00157 0.01133 0.04147 0.05571 0.01029 0.00459 0.00018 
163	2	0.00000 0.00021 0.03452 0.07880 0.65649 0.04251 0.01665 0.00013 0.00001 0.00246 0.01547 0.06474 0.07238 0.01100 0.00440 0.00023 
164	2	0.00000 0.00012 0.02831 0.05377 0.72872 0.03042 0.01423 0.00000 0.00004 0.00118 0.01601 0.06119 0.05895 0.00496 0.00209 0.00002 
165	2	0.00000 0.00001 0.01844 0.02999 0.71177 0.06676 0.01428 0.00000 0.00006 0.00069 0.00794 0.03929 0.07620 0.03172 0.00283 0.00001 
166	2	0.00000 0.00003 0.00002 0.02352 0.50664 0.22112 0.03704 0.00622 0.00000 0.00031 0.00091 0.01430 0.09209 0.08133 0.01521 0.00125 
167	2	0.00000 0.00000 0.05021 0.07476 0.27522 0.30932 0.01327 0.00000 0.00000 0.00014 0.01847 0.07615 0.11874 0.06109 0.00263 0.00001 
168	2	0.00000 0.00008 0.00932 0.04563 0.78731 0.02092 0.01009 0.00000 0.00001 0.00095 0.00809 0.04910 0.05763 0.00816 0.00272 0.00000 
169	2	0.00000 0.00001 0.07202 0.09139 0.28071 0.26811 0.01864 0.00000 0.00000 0.00026 0.01871 0.07237 0.11445 0.06041 0.00290 0.00002 
170	2	0.00000 0.00000 0.02847 0.03756 0.78327 0.02616 0.01205 0.00000 0.00002 0.00056 0.00909 0.03936 0.04883 0.01250 0.00212 0.00001 
171	2	0.00005 0.00041 0.02210 0.06963 0.70399 0.02109 0.00929 0.00002 0.00035 0.00362 0.01759 0.06808 0.07190 0.01018 0.00168 0.00002 
172	2	0.00000 0.00006 0.03606 0.06494 0.72612 0.01301 0.01300 0.00011 0.00008 0.00249 0.02223 0.06063 0.05362 0.00522 0.00223 0.00021 
173	2	0.00000 0.00006 0.03106 0.10838 0.39032 0.13991 0.00236 0.00000 0.00001 0.00036 0.01424 0.07766 0.15324 0.08167 0.00074 0.00000 
174	2	0.00000 0.00078 0.02988 0.07641 0.70767 0.00793 0.00864 0.00001 0.00011 0.00604 0.02315 0.06792 0.06527 0.00423 0.00193 0.00003 
175	2	0.00000 0.00039 0.00038 0.05356 0.46593 0.23717 0.01374 0.00000 0.00000 0.00106 0.00461 0.03220 0.10496 0.08377 0.00223 0.00000 
176	2	0.00000 0.00000 0.00960 0.04567 0.07339 0.66508 0.00060 0.00181 0.00001 0.00016 0.01573 0.05044 0.07681 0.05782 0.00168 0.00120 
177	2	0.00000 0.00063 0.00127 0.07380 0.41863 0.17929 0.00969 0.00236 0.00004 0.00202 0.00948 0.04591 0.14142 0.10994 0.00440 0.00111 
178	2	0.00000 0.00004 0.09091 0.10568 0.31007 0.14849 0.00412 0.00000 0.00001 0.00032 0.02887 0.08942 0.14552 0.07488 0.00166 0.00000 
179	2	0.00000 0.00000 0.00005 0.09424 0.48812 0.13557 0.00841 0.00394 0.00000 0.00006 0.00217 0.04294 0.12746 0.08732 0.00769 0.00202 
180	2	0.00000 0.00000 0.00341 0.09159 0.12942 0.54535 0.00530 0.00640 0.00000 0.00006 0.00815 0.04338 0.09149 0.06890 0.00505 0.00151 
181	2	0.00000 0.00020 0.08418 0.12047 0.34164 0.07583 0.01191 0.00000 0.00002 0.00082 0.03830 0.09700 0.15295 0.07448 0.00219 0.00001 
182	2	0.00000 0.00144 0.12718 0.11384 0.24797 0.08039 0.00285 0.00000 0.00004 0.00285 0.05194 0.10083 0.17236 0.09712 0.00118 0.00002 
183	2	0.00000 0.00005 0.00024 0.08235 0.48830 0.13483 0.00592 0.00856 0.00000 0.00097 0.00410 0.03756 0.13223 0.09379 0.00732 0.00378 
184	2	0.00001 0.00001 0.01574 0.10218 0.69229 0.00094 0.01241 0.00000 0.00012 0.00025 0.02314 0.07895 0.06947 0.00287 0.00163 0.00000 
185	2	0.00000 0.00001 0.04719 0.10672 0.37935 0.14339 0.00437 0.00002 0.00000 0.00015 0.02605 0.08226 0.14015 0.06948 0.00082 0.00003 
186	2	0.00001 0.00017 0.04288 0.10143 0.66615 0.00086 0.00464 0.00002 0.00017 0.00207 0.02331 0.08008 0.07484 0.00221 0.00111 0.00004 
187	2	0.00000 0.00000 0.00036 0.06686 0.57853 0.10273 0.00905 0.00000 0.00001 0.00012 0.00116 0.03204 0.12698 0.07918 0.00295 0.00002 
188	2	0.00001 0.00028 0.05060 0.08223 0.68040 0.00375 0.00410 0.00001 0.00013 0.00257 0.02909 0.07758 0.06455 0.00341 0.00125 0.00003 
189	2	0.00000 0.00021 0.06179 0.08955 0.24524 0.26788 0.00098 0.00876 0.00006 0.00291 0.02692 0.07039 0.13243 0.08802 0.00315 0.00172 
190	2	0.00000 0.00015 0.07746 0.10450 0.31759 0.15463 0.01246 0.00000 0.00001 0.00068 0.02686 0.07439 0.13893 0.08969 0.00263 0.00002 
191	2	0.00000 0.00012 0.09089 0.10877 0.25626 0.14770 0.01179 0.00000 0.00000 0.00073 0.02759 0.09551 0.16306 0.09616 0.00141 0.00001 
192	2	0.00000 0.00017 0.00087 0.05547 0.60561 0.12190 0.00058 0.00502 0.00001 0.00069 0.00687 0.05146 0.10027 0.04769 0.00212 0.00128 
193	2	0.00000 0.00010 0.04023 0.09317 0.64272 0.00201 0.01080 0.00002 0.00004 0.00195 0.02955 0.08986 0.08256 0.00463 0.00231 0.00005 
194	2	0.00000 0.00000 0.00038 0.04852 0.55355 0.12317 0.00086 0.00341 0.00000 0.00001 0.00403 0.04003 0.13542 0.08776 0.00205 0.00082 
195	2	0.00000 0.00003 0.04153 0.07411 0.24469 0.33497 0.00936 0.00061 0.00000 0.00017 0.01647 0.05366 0.12615 0.09569 0.00231 0.00026 
196	2	0.00000 0.00152 0.00826 0.05938 0.63097 0.07499 0.02434 0.00342 0.00001 0.00407 0.00941 0.04262 0.08767 0.04889 0.00384 0.00064 
197	2	0.00001 0.00018 0.00895 0.02841 0.57466 0.14995 0.02901 0.00446 0.00003 0.00114 0.00617 0.02481 0.09361 0.07307 0.00479 0.00076 
198	2	0.00011 0.00122 0.01233 0.03861 0.52371 0.17230 0.03350 0.00477 0.00042 0.00436 0.01084 0.03354 0.09203 0.06546 0.00561 0.00119 
199	2	0.00000 0.00000 0.00012 0.02137 0.25548 0.33187 0.22871 0.00623 0.00000 0.00005 0.00031 0.01010 0.02494 0.06418 0.05515 0.00148 
200	3	0.00000 0.00117 0.00197 0.01619 0.17810 0.03949 0.69968 0.00110 0.00000 0.00044 0.00186 0.00829 0.01890 0.01819 0.01366 0.00095 
201	3	0.00001 0.00072 0.01255 0.03977 0.08329 0.03526 0.74310 0.00249 0.00012 0.00146 0.00718 0.01673 0.02173 0.01836 0.01542 0.00182 
202	3	0.00034 0.00106 0.01885 0.04023 0.11051 0.07412 0.64235 0.00083 0.00067 0.00240 0.01234 0.02197 0.02702 0.02741 0.01835 0.00155 
203	3	0.00033 0.00099 0.00748 0.07075 0.12322 0.03700 0.66189 0.00437 0.00019 0.00109 0.00846 0.02139 0.02348 0.01934 0.01777 0.00227 
204	3	0.00000 0.00063 0.00152 0.01362 0.14410 0.08102 0.66976 0.00092 0.00001 0.00051 0.00188 0.01082 0.02284 0.02926 0.02236 0.00075 
205	3	0.00010 0.00102 0.01853 0.04299 0.06815 0.03216 0.73749 0.00093 0.00018 0.00149 0.01042 0.02265 0.02248 0.02033 0.01939 0.00173 
206	3	0.00105 0.00192 0.01354 0.05862 0.08545 0.10566 0.61069 0.01129 0.00069 0.00211 0.01085 0.02144 0.02327 0.02950 0.02180 0.00213 
207	3	0.00000 0.00084 0.00250 0.02089 0.16115 0.07906 0.62569 0.00169 0.00000 0.00086 0.00376 0.01441 0.02541 0.03411 0.02833 0.00128 
208	3	0.00000 0.00081 0.00469 0.01775 0.15559 0.07730 0.63334 0.01427 0.00001 0.00063 0.00386 0.01179 0.01959 0.03091 0.02682 0.00261 
209	3	0.00023 0.00224 0.02322 0.03427 0.09496 0.05309 0.66154 0.00857 0.00022 0.00316 0.01095 0.01600 0.01965 0.03430 0.03344 0.00416 
210	3	0.00007 0.00236 0.01461 0.05229 0.10260 0.08564 0.60438 0.00207 0.00021 0.00175 0.01099 0.02439 0.02834 0.03749 0.03095 0.00186 
211	3	0.00000 0.00061 0.00098 0.01858 0.17706 0.08813 0.60410 0.00216 0.00000 0.00057 0.00261 0.01063 0.02857 0.03880 0.02554 0.00167 
212	3	0.00021 0.00113 0.01428 0.03707 0.07118 0.10927 0.61144 0.00249 0.00092 0.00265 0.01159 0.02549 0.03249 0.04236 0.03348 0.00393 
213	3	0.00000 0.00056 0.00216 0.02578 0.17396 0.06741 0.58169 0.00724 0.00000 0.00071 0.00333 0.01744 0.03574 0.04206 0.03749 0.00442 
214	3	0.00009 0.00185 0.01997 0.03951 0.10436 0.05744 0.64830 0.00359 0.00023 0.00194 0.01040 0.02077 0.02714 0.03267 0.02837 0.00338 
215	3	0.00000 0.00060 0.00197 0.02215 0.18271 0.07114 0.61893 0.00205 0.00001 0.00066 0.00313 0.01298 0.02702 0.03202 0.02371 0.00092 
216	3	0.00006 0.00114 0.01649 0.05718 0.06910 0.06588 0.65374 0.01285 0.00025 0.00216 0.01293 0.02490 0.02452 0.02897 0.02596 0.00386 
217	3	0.00000 0.00029 0.00165 0.01729 0.14334 0.08254 0.64049 0.01118 0.00001 0.00057 0.00340 0.01177 0.02517 0.03255 0.02619 0.00355 
218	3	0.00063 0.00337 0.01738 0.05473 0.08297 0.10694 0.60050 0.00342 0.00051 0.00279 0.00982 0.02034 0.02563 0.03762 0.03124 0.00212 
219	3	0.00000 0.00085 0.00271 0.02912 0.20350 0.05966 0.56029 0.02352 0.00001 0.00107 0.00427 0.01755 0.03040 0.03200 0.03095 0.00410 
220	3	0.00000 0.00104 0.00319 0.02671 0.15668 0.06634 0.62138 0.00356 0.00003 0.00146 0.00538 0.01833 0.02917 0.03502 0.03036 0.00136 
221	3	0.00003 0.00064 0.01227 0.05252 0.06496 0.03721 0.72952 0.00412 0.00011 0.00140 0.00885 0.02330 0.02363 0.01928 0.01942 0.00272 
222	3	0.00009 0.00152 0.01141 0.04543 0.07091 0.03199 0.72576 0.00459 0.00029 0.00190 0.00949 0.02344 0.02861 0.02274 0.01948 0.00236 
223	3	0.00000 0.00035 0.00451 0.01527 0.11294 0.02062 0.73846 0.01602 0.00003 0.00058 0.00374 0.01145 0.02306 0.02250 0.02547 0.00500 
224	3	0.00015 0.00026 0.00773 0.04667 0.05843 0.02528 0.75212 0.02396 0.00032 0.00103 0.00705 0.02057 0.02345 0.01542 0.01431 0.00323 
225	3	0.00042 0.00084 0.00432 0.04612 0.06432 0.03110 0.76238 0.00676 0.00029 0.00153 0.00557 0.01874 0.02419 0.01537 0.01441 0.00361 
226	3	0.00000 0.00139 0.00970 0.04450 0.05161 0.02383 0.77400 0.00947 0.00009 0.00225 0.00860 0.01887 0.02143 0.01499 0.01528 0.00399 
227	3	0.00002 0.00016 0.00568 0.03234 0.06236 0.03068 0.76198 0.02045 0.00006 0.00081 0.00573 0.01691 0.02296 0.01538 0.01819 0.00629 
228	3	0.00000 0.00003 0.00042 0.00465 0.09242 0.02929 0.80193 0.00871 0.00000 0.00006 0.00071 0.00497 0.01691 0.01654 0.01834 0.00501 
229	3	0.00000 0.00024 0.00342 0.00469 0.13617 0.05322 0.72306 0.00460 0.00000 0.00050 0.00250 0.00641 0.02097 0.02314 0.01789 0.00319 
230	3	0.00001 0.00051 0.01379 0.05643 0.08899 0.03907 0.69090 0.00651 0.00011 0.00114 0.00857 0.02234 0.02541 0.01923 0.02222 0.00477 
231	3	0.00000 0.00025 0.00162 0.01080 0.18475 0.02886 0.69041 0.00999 0.00000 0.00034 0.00156 0.00759 0.02064 0.01954 0.01899 0.00467 
232	3	0.00011 0.00077 0.01569 0.04558 0.10278 0.04959 0.66428 0.00842 0.00031 0.00160 0.00807 0.01928 0.02863 0.02639 0.02417 0.00433 
233	3	0.00029 0.00141 0.02718 0.03406 0.09302 0.04176 0.67653 0.01478 0.00038 0.00198 0.01131 0.02129 0.02583 0.02170 0.02308 0.00541 
234	3	0.00017 0.00092 0.02444 0.03588 0.05379 0.04183 0.73235 0.01011 0.00041 0.00196 0.00942 0.01849 0.02308 0.02074 0.02148 0.00493 
235	3	0.00000 0.00012 0.01413 0.05656 0.07649 0.03967 0.70696 0.01409 0.00003 0.00059 0.00854 0.02159 0.02481 0.01637 0.01596 0.00408 
236	3	0.00032 0.00020 0.00793 0.04682 0.06842 0.03818 0.73735 0.01032 0.00023 0.00090 0.00601 0.01859 0.02418 0.01790 0.01792 0.00471 
237	3	0.00000 0.00000 0.00148 0.01591 0.07349 0.05298 0.53488 0.11415 0.00001 0.00009 0.00308 0.01412 0.03158 0.02950 0.07242 0.05631 
238	3	0.00000 0.00010 0.00509 0.02188 0.07711 0.06698 0.67731 0.02988 0.00003 0.00050 0.00410 0.01245 0.02553 0.02465 0.03701 0.01737 
239	3	0.00000 0.00001 0.00011 0.00693 0.14964 0.04415 0.69541 0.02254 0.00000 0.00004 0.00040 0.00637 0.02107 0.02088 0.02498 0.00747 
240	3	0.00009 0.00066 0.01452 0.04544 0.06880 0.03918 0.71115 0.01335 0.00033 0.00115 0.00704 0.02078 0.02854 0.02028 0.02172 0.00699 
241	3	0.00000 0.00049 0.00691 0.03262 0.08453 0.04403 0.72961 0.01233 0.00004 0.00071 0.00496 0.01651 0.02461 0.02029 0.01807 0.00428 
242	3	0.00000 0.00027 0.00071 0.00822 0.10045 0.04148 0.76461 0.01230 0.00001 0.00039 0.00201 0.00647 0.01896 0.02149 0.01834 0.00428 
243	3	0.00000 0.00024 0.00120 0.00691 0.14249 0.03691 0.73128 0.01084 0.00001 0.00036 0.00110 0.00702 0.02012 0.01919 0.01818 0.00415 
244	3	0.00001 0.00044 0.01000 0.03341 0.05477 0.04211 0.75057 0.00282 0.00011 0.00130 0.00783 0.02158 0.02754 0.02479 0.02001 0.00271 
245	3	0.00000 0.00031 0.01040 0.02755 0.08991 0.04369 0.72068 0.01514 0.00003 0.00057 0.00494 0.01672 0.02521 0.02001 0.01928 0.00557 
246	3	0.00166 0.00114 0.00764 0.03841 0.08157 0.03717 0.73338 0.01311 0.00059 0.00205 0.00530 0.01645 0.02347 0.01633 0.01701 0.00472 
247	3	0.00000 0.00089 0.01006 0.04739 0.07744 0.03845 0.68005 0.05145 0.00005 0.00110 0.00623 0.02164 0.02635 0.01813 0.01683 0.00394 
248	3	0.00000 0.00203 0.00760 0.04208 0.08022 0.03789 0.73860 0.00672 0.00004 0.00122 0.00534 0.02079 0.02520 0.01620 0.01434 0.00172 
249	3	0.00002 0.00021 0.00528 0.05866 0.07461 0.03077 0.72240 0.00307 0.00015 0.00072 0.00615 0.02474 0.03236 0.02082 0.01758 0.00246 
250	3	0.00001 0.00036 0.00742 0.03162 0.07743 0.04809 0.71721 0.01116 0.00006 0.00081 0.00524 0.01944 0.03209 0.02430 0.01950 0.00526 
251	3	0.00006 0.00045 0.00584 0.03238 0.06351 0.05616 0.72644 0.01511 0.00040 0.00126 0.00495 0.01693 0.02581 0.02184 0.02109 0.00778 
252	3	0.00000 0.00000 0.00024 0.00734 0.13604 0.03943 0.72363 0.01854 0.00000 0.00006 0.00098 0.00740 0.02124 0.01983 0.01882 0.00645 
253	3	0.00002 0.00058 0.00609 0.03029 0.06514 0.04508 0.76170 0.00709 0.00012 0.00146 0.00588 0.01524 0.02237 0.01880 0.01654 0.00360 
254	3	0.00001 0.00015 0.00631 0.03727 0.08511 0.03700 0.72015 0.01916 0.00008 0.00081 0.00639 0.02075 0.02608 0.01873 0.01756 0.00445 
255	3	0.00007 0.00017 0.00602 0.03364 0.07085 0.03168 0.73243 0.02270 0.00015 0.00106 0.00759 0.02174 0.02733 0.02032 0.01810 0.00616 
256	3	0.00005 0.00036 0.00904 0.04619 0.06337 0.03243 0.74809 0.00254 0.00041 0.00131 0.00719 0.01972 0.02525 0.02063 0.01959 0.00384 
257	3	0.00020 0.00114 0.00375 0.03482 0.07730 0.04109 0.71960 0.00561 0.00046 0.00156 0.00551 0.02483 0.03475 0.02427 0.02129 0.00384 
258	3	0.00001 0.00120 0.00356 0.02749 0.08689 0.03515 0.74460 0.00945 0.00012 0.00073 0.00382 0.01677 0.02589 0.01911 0.02059 0.00462 
259	3	0.00002 0.00028 0.00436 0.04546 0.11194 0.03911 0.67496 0.01870 0.00015 0.00096 0.00493 0.02318 0.03096 0.01831 0.02126 0.00543 
260	3	0.00018 0.00051 0.00542 0.03640 0.10015 0.02192 0.70937 0.01695 0.00036 0.00141 0.00478 0.02090 0.02970 0.01441 0.02656 0.01098 
261	3	0.00000 0.00011 0.00530 0.01973 0.05652 0.04254 0.42413 0.22234 0.00005 0.00043 0.00321 0.01390 0.02501 0.01978 0.08647 0.08048 
262	3	0.00000 0.00001 0.00114 0.00552 0.09515 0.05435 0.77115 0.00668 0.00000 0.00003 0.00075 0.00312 0.01708 0.02029 0.01937 0.00537 
263	3	0.00000 0.00015 0.00943 0.03545 0.07171 0.04554 0.73291 0.01248 0.00001 0.00069 0.00476 0.01586 0.02532 0.02125 0.01980 0.00465 
264	3	0.00001 0.00023 0.00525 0.02371 0.06931 0.04969 0.73170 0.02074 0.00003 0.00092 0.00690 0.01571 0.02592 0.02407 0.01997 0.00582 
265	3	0.00000 0.00014 0.00082 0.01015 0.14365 0.03658 0.72115 0.01330 0.00001 0.00033 0.00207 0.00863 0.02164 0.01850 0.01740 0.00564 
266	3	0.00000 0.00017 0.00440 0.02112 0.06954 0.05786 0.71944 0.02574 0.00003 0.00056 0.00460 0.01272 0.02474 0.02453 0.02582 0.00874 
267	3	0.00000 0.00004 0.00646 0.02626 0.06448 0.05290 0.73652 0.02328 0.00001 0.00024 0.00450 0.01515 0.02255 0.01973 0.02120 0.00668 
268	3	0.00000 0.00006 0.00391 0.01761 0.06929 0.05646 0.73498 0.02789 0.00001 0.00024 0.00346 0.01228 0.02203 0.01817 0.02477 0.00885 
269	3	0.00000 0.00000 0.00309 0.01862 0.07407 0.05308 0.69909 0.04054 0.00001 0.00017 0.00279 0.01163 0.02576 0.02453 0.03159 0.01503 
270	3	0.00000 0.00169 0.01284 0.00000 0.08116 0.04513 0.37838 0.32436 0.00000 0.00116 0.00790 0.00000 0.02348 0.02135 0.05099 0.05155 
271	3	0.00000 0.00132 0.01543 0.00000 0.07801 0.06309 0.52667 0.16669 0.00003 0.00119 0.00793 0.00000 0.02342 0.02058 0.05187 0.04375 
272	3	0.00053 0.00539 0.00000 0.03080 0.08574 0.00000 0.18796 0.61179 0.00108 0.00394 0.00000 0.01485 0.02521 0.00000 0.02255 0.01016 
273	3	0.00000 0.00217 0.00645 0.00000 0.06647 0.06581 0.25746 0.52479 0.00001 0.00158 0.00456 0.00000 0.02129 0.02388 0.01628 0.00925 
274	3	0.00000 0.00000 0.00199 0.00441 0.04534 0.08190 0.20512 0.57431 0.00000 0.00002 0.00142 0.00420 0.02144 0.02999 0.02000 0.00984 
275	3	0.00000 0.00140 0.00412 0.00000 0.04050 0.07465 0.22350 0.57501 0.00001 0.00129 0.00426 0.00000 0.01687 0.02447 0.02298 0.01093 
276	3	0.00000 0.00001 0.00224 0.00541 0.05508 0.07398 0.25672 0.53257 0.00001 0.00013 0.00117 0.00368 0.01655 0.02160 0.01989 0.01095 
277	3	0.00000 0.00129 0.00890 0.00000 0.05243 0.08001 0.29386 0.48221 0.00000 0.00122 0.00589 0.00000 0.02157 0.02505 0.01836 0.00920 
278	3	0.00000 0.00247 0.00578 0.00000 0.04946 0.08201 0.24121 0.54000 0.00005 0.00127 0.00531 0.00000 0.01629 0.02281 0.02248 0.01085 
279	3	0.00000 0.00000 0.00299 0.00773 0.05506 0.07350 0.23500 0.52766 0.00000 0.00011 0.00210 0.00719 0.02319 0.03020 0.02412 0.01117 
280	3	0.00000 0.00205 0.00698 0.00000 0.05552 0.07854 0.19794 0.57256 0.00000 0.00127 0.00462 0.00000 0.02266 0.03041 0.01918 0.00827 
281	3	0.00000 0.00003 0.00449 0.00766 0.04865 0.05968 0.27539 0.52374 0.00001 0.00024 0.00208 0.00626 0.01891 0.02074 0.02041 0.01172 
282	3	0.00002 0.00309 0.01287 0.00000 0.04796 0.08275 0.28848 0.46834 0.00009 0.00193 0.00634 0.00000 0.01883 0.02483 0.02739 0.01707 
283	3	0.00000 0.00124 0.00481 0.00000 0.05541 0.08025 0.32925 0.42415 0.00001 0.00123 0.00525 0.00000 0.02311 0.03063 0.02791 0.01675 
284	3	0.00001 0.00002 0.00242 0.01330 0.05302 0.06366 0.42609 0.30392 0.00005 0.00019 0.00213 0.00975 0.02315 0.02176 0.04390 0.03662 
285	3	0.00000 0.00004 0.00311 0.01207 0.08327 0.05386 0.39254 0.31210 0.00001 0.00020 0.00228 0.00956 0.02851 0.02703 0.04067 0.03477 
286	3	0.00000 0.00214 0.01017 0.00000 0.05886 0.07034 0.31871 0.41690 0.00008 0.00189 0.00921 0.00000 0.02680 0.02969 0.03135 0.02384 
287	3	0.00000 0.00008 0.00408 0.01205 0.06232 0.06593 0.72681 0.03241 0.00003 0.00054 0.00363 0.01010 0.02327 0.02382 0.02596 0.00897 
288	3	0.00004 0.00569 0.03712 0.00000 0.05942 0.04403 0.71443 0.04650 0.00023 0.00390 0.01540 0.00000 0.02463 0.02099 0.02128 0.00634 
289	3	0.00000 0.00201 0.02438 0.00000 0.08605 0.05182 0.70113 0.03294 0.00002 0.00182 0.01177 0.00000 0.02544 0.02344 0.02812 0.01107 
290	3	0.00000 0.00076 0.01617 0.00000 0.04910 0.10286 0.47813 0.22641 0.00005 0.00194 0.01043 0.00000 0.02383 0.02773 0.03422 0.02837 
291	3	0.00000 0.00266 0.00745 0.00000 0.06014 0.06649 0.27086 0.50447 0.00002 0.00207 0.00609 0.00000 0.02178 0.02595 0.02103 0.01099 
292	3	0.00000 0.00084 0.00968 0.00000 0.08253 0.05536 0.31181 0.42164 0.00000 0.00089 0.00901 0.00000 0.02566 0.02653 0.03265 0.02342 
293	3	0.00000 0.00082 0.01553 0.00000 0.06472 0.05178 0.65607 0.07317 0.00001 0.00168 0.00970 0.00000 0.02494 0.02546 0.04847 0.02766 
294	3	0.00000 0.00476 0.02144 0.00000 0.07297 0.06910 0.72402 0.01501 0.00006 0.00321 0.01278 0.00000 0.02575 0.02338 0.02113 0.00640 
295	3	0.00000 0.00013 0.00315 0.02419 0.07749 0.05539 0.71144 0.02375 0.00001 0.00047 0.00308 0.01345 0.02683 0.02690 0.02595 0.00775 
296	3	0.00000 0.00003 0.00401 0.03696 0.07462 0.05250 0.70616 0.02612 0.00004 0.00029 0.00401 0.01750 0.02768 0.02182 0.02132 0.00695 
