1400	14	8
0	1	0.00006 0.01205 0.03772 0.07959 0.47801 0.39159 0.00078 0.00020 
1	1	0.00033 0.00395 0.03920 0.10169 0.36336 0.43715 0.05432 0.00000 
2	1	0.00105 0.00389 0.03119 0.10395 0.30923 0.44952 0.10113 0.00002 
3	1	0.00030 0.00267 0.02449 0.05609 0.33718 0.54341 0.03583 0.00003 
4	1	0.00015 0.00190 0.00822 0.04408 0.22443 0.47755 0.24363 0.00004 
5	1	0.00042 0.00341 0.03611 0.11439 0.27706 0.45270 0.11587 0.00004 
6	1	0.00014 0.00201 0.00907 0.07615 0.11495 0.42697 0.35518 0.01553 
7	1	0.00022 0.00333 0.02443 0.10087 0.31899 0.51017 0.04196 0.00002 
8	1	0.00020 0.00367 0.02729 0.10520 0.31461 0.42251 0.12648 0.00005 
9	1	0.00071 0.00512 0.04512 0.11009 0.44711 0.39153 0.00032 0.00001 
10	1	0.00035 0.00231 0.02230 0.11701 0.35144 0.50492 0.00157 0.00009 
11	1	0.00023 0.00359 0.04630 0.08344 0.11051 0.34470 0.37022 0.04100 
12	1	0.00085 0.01651 0.07726 0.11139 0.36862 0.38943 0.03576 0.00018 
13	1	0.00028 0.00946 0.03112 0.03010 0.17040 0.34295 0.32950 0.08618 
14	1	0.00061 0.03848 0.08521 0.16629 0.41102 0.29713 0.00114 0.00013 
15	1	0.00041 0.00310 0.04678 0.15067 0.39827 0.39813 0.00241 0.00023 
16	1	0.00021 0.00238 0.03102 0.09000 0.35959 0.29396 0.22255 0.00029 
17	1	0.00022 0.00101 0.02380 0.09694 0.28292 0.40233 0.19201 0.00078 
18	1	0.00032 0.00238 0.01111 0.06221 0.16844 0.49659 0.25893 0.00002 
19	1	0.00018 0.00249 0.03290 0.09418 0.56486 0.30499 0.00038 0.00003 
20	1	0.00006 0.00244 0.02228 0.09881 0.46796 0.40812 0.00031 0.00001 
21	1	0.00026 0.00289 0.02985 0.09347 0.45092 0.41696 0.00563 0.00002 
22	1	0.00093 0.00563 0.05939 0.16132 0.41773 0.35452 0.00046 0.00001 
23	1	0.00013 0.00355 0.02442 0.15110 0.31503 0.43118 0.07454 0.00005 
24	1	0.00027 0.00301 0.01416 0.08705 0.24192 0.50414 0.14941 0.00003 
25	1	0.00003 0.00230 0.02711 0.09335 0.27114 0.47490 0.13111 0.00005 
26	1	0.00015 0.00458 0.01683 0.13403 0.40932 0.42975 0.00529 0.00004 
27	1	0.00054 0.00601 0.06564 0.13684 0.41821 0.37122 0.00150 0.00004 
28	1	0.00010 0.00040 0.01425 0.11367 0.19064 0.43541 0.24535 0.00018 
29	1	0.00057 0.00384 0.04974 0.13006 0.50412 0.31117 0.00046 0.00003 
30	1	0.00069 0.00304 0.02018 0.11166 0.13855 0.46755 0.25829 0.00004 
31	1	0.00010 0.00109 0.01837 0.04537 0.51056 0.42418 0.00031 0.00003 
32	1	0.00005 0.00077 0.00773 0.02866 0.31560 0.58139 0.06576 0.00004 
33	1	0.00023 0.00318 0.02777 0.05475 0.48150 0.43227 0.00027 0.00002 
34	1	0.00006 0.00257 0.02607 0.07942 0.32066 0.47611 0.09499 0.00010 
35	1	0.00026 0.00189 0.02395 0.07044 0.39373 0.48986 0.01982 0.00005 
36	1	0.00027 0.00184 0.03711 0.07910 0.54596 0.33547 0.00023 0.00001 
37	1	0.00008 0.01426 0.09480 0.26362 0.49990 0.10259 0.02202 0.00273 
38	1	0.00001 0.01009 0.12317 0.26988 0.46259 0.10331 0.02492 0.00604 
39	1	0.00013 0.00608 0.07088 0.15913 0.39470 0.34444 0.01898 0.00566 
40	1	0.00007 0.00646 0.03991 0.11458 0.80481 0.02853 0.00500 0.00065 
41	1	0.00005 0.01904 0.13945 0.24273 0.53247 0.04857 0.01663 0.00107 
42	1	0.00046 0.09546 0.20140 0.20268 0.41825 0.05597 0.02368 0.00209 
43	1	0.00041 0.04456 0.11049 0.20576 0.57067 0.04706 0.01904 0.00200 
44	1	0.00017 0.01264 0.05532 0.10908 0.76510 0.04614 0.01010 0.00146 
45	1	0.00055 0.01783 0.08582 0.31798 0.49099 0.06332 0.02223 0.00128 
46	1	0.00012 0.01176 0.10602 0.22080 0.54920 0.08396 0.02644 0.00171 
47	1	0.00005 0.00437 0.06648 0.18592 0.54752 0.15929 0.02652 0.00985 
48	1	0.00007 0.02313 0.08071 0.30600 0.53604 0.03320 0.01771 0.00314 
49	1	0.00018 0.01970 0.10862 0.19126 0.53348 0.09760 0.04424 0.00491 
50	1	0.00013 0.00794 0.07108 0.24434 0.51388 0.13118 0.02552 0.00593 
51	1	0.00131 0.02664 0.08108 0.42055 0.38515 0.06490 0.01917 0.00120 
52	1	0.00012 0.01714 0.11935 0.33399 0.44451 0.05685 0.02376 0.00428 
53	1	0.00016 0.01074 0.06122 0.15435 0.26097 0.46702 0.04176 0.00378 
54	1	0.00001 0.01043 0.06242 0.26002 0.63091 0.02548 0.00860 0.00212 
55	1	0.00040 0.01537 0.04285 0.51070 0.40899 0.01224 0.00749 0.00196 
56	1	0.00004 0.00428 0.07358 0.27072 0.55010 0.08913 0.01054 0.00161 
57	1	0.00010 0.00092 0.01705 0.04362 0.79962 0.12577 0.01101 0.00192 
58	1	0.00122 0.01951 0.07734 0.17595 0.54273 0.14298 0.03272 0.00755 
59	1	0.00280 0.02399 0.07722 0.10701 0.43550 0.32164 0.02807 0.00377 
60	1	0.00009 0.00395 0.03041 0.09149 0.76716 0.08792 0.01664 0.00234 
61	1	0.00110 0.01550 0.02460 0.27222 0.64274 0.02829 0.01194 0.00360 
62	1	0.00001 0.00254 0.03103 0.12017 0.37654 0.45302 0.01484 0.00185 
63	1	0.00025 0.00286 0.04967 0.13016 0.40798 0.38436 0.01854 0.00616 
64	1	0.00005 0.00415 0.06646 0.21667 0.61721 0.07287 0.02187 0.00071 
65	1	0.00019 0.01255 0.05490 0.23782 0.53855 0.12228 0.02494 0.00878 
66	1	0.00010 0.00595 0.04043 0.14836 0.60609 0.17793 0.01660 0.00454 
67	1	0.00003 0.01540 0.04863 0.14967 0.57346 0.19640 0.01288 0.00354 
68	1	0.00001 0.00063 0.01347 0.08254 0.51664 0.36654 0.01705 0.00313 
69	1	0.00021 0.01603 0.06754 0.17839 0.59700 0.11060 0.02650 0.00371 
70	1	0.00003 0.00710 0.05651 0.23112 0.45785 0.20260 0.03656 0.00824 
71	1	0.00003 0.00877 0.09903 0.26859 0.50870 0.08811 0.01898 0.00778 
72	1	0.00012 0.03372 0.09282 0.20100 0.42103 0.22420 0.02187 0.00525 
73	1	0.00004 0.00539 0.05668 0.22376 0.46738 0.20578 0.03064 0.01034 
74	1	0.00016 0.02202 0.08141 0.24813 0.47810 0.13471 0.03003 0.00544 
75	1	0.00006 0.01657 0.04053 0.15030 0.70439 0.07889 0.00753 0.00172 
76	1	0.00001 0.00826 0.05511 0.19744 0.55596 0.14894 0.02682 0.00746 
77	1	0.00008 0.00795 0.05593 0.14412 0.54771 0.21144 0.02454 0.00822 
78	1	0.00008 0.01208 0.07887 0.32583 0.40417 0.13480 0.03751 0.00666 
79	1	0.00002 0.00298 0.09165 0.29153 0.48268 0.09083 0.03649 0.00384 
80	1	0.00006 0.01776 0.06481 0.16394 0.58807 0.13415 0.02471 0.00648 
81	1	0.00023 0.01950 0.09486 0.25265 0.44135 0.16694 0.02017 0.00429 
82	1	0.00031 0.02236 0.07596 0.25470 0.48772 0.11425 0.03933 0.00537 
83	1	0.00005 0.01598 0.02360 0.17482 0.66268 0.10580 0.01444 0.00263 
84	1	0.00011 0.00434 0.03485 0.10802 0.67128 0.14944 0.02734 0.00461 
85	1	0.00003 0.00133 0.04190 0.10833 0.60650 0.22225 0.01708 0.00258 
86	1	0.00012 0.00138 0.03659 0.15394 0.55760 0.21118 0.02846 0.01073 
87	1	0.00031 0.05345 0.18052 0.12617 0.32466 0.27810 0.02954 0.00724 
88	1	0.00065 0.04228 0.11834 0.31274 0.28307 0.20650 0.03370 0.00271 
89	1	0.00030 0.01148 0.07244 0.21453 0.42857 0.23792 0.02477 0.00999 
90	1	0.00001 0.00145 0.03589 0.11234 0.77288 0.06171 0.01470 0.00101 
91	1	0.00005 0.01754 0.09220 0.21371 0.45367 0.19406 0.02724 0.00153 
92	1	0.00025 0.00608 0.10381 0.24527 0.50616 0.10185 0.02888 0.00770 
93	1	0.00005 0.01837 0.10410 0.23443 0.26285 0.33634 0.03474 0.00912 
94	1	0.00010 0.01355 0.07213 0.23762 0.40870 0.22621 0.03704 0.00465 
95	1	0.00051 0.05536 0.10170 0.24219 0.36375 0.20491 0.02660 0.00498 
96	1	0.00015 0.01824 0.12186 0.14690 0.41842 0.25775 0.03330 0.00337 
97	1	0.00008 0.01248 0.09697 0.18030 0.38307 0.29471 0.02502 0.00738 
98	1	0.00039 0.02991 0.10035 0.23407 0.49858 0.09636 0.03193 0.00842 
99	1	0.00016 0.03391 0.11863 0.21158 0.34185 0.25321 0.03476 0.00591 
100	2	0.00215 0.03988 0.05739 0.44931 0.42456 0.02100 0.00525 0.00046 
101	2	0.00089 0.04509 0.14841 0.22848 0.46248 0.11050 0.00400 0.00014 
102	2	0.00218 0.05520 0.15112 0.26475 0.38607 0.13857 0.00201 0.00011 
103	2	0.00054 0.02918 0.10623 0.18684 0.26180 0.40365 0.01115 0.00060 
104	2	0.00039 0.03602 0.10207 0.39541 0.44426 0.01837 0.00331 0.00017 
105	2	0.00058 0.05577 0.10619 0.40945 0.39728 0.02216 0.00795 0.00063 
106	2	0.00124 0.07389 0.18849 0.23289 0.29254 0.20260 0.00770 0.00065 
107	2	0.00193 0.08417 0.16813 0.30279 0.41589 0.02090 0.00592 0.00026 
108	2	0.00110 0.02608 0.11339 0.23053 0.44418 0.17730 0.00678 0.00063 
109	2	0.00263 0.04000 0.09358 0.12581 0.29150 0.43806 0.00755 0.00087 
110	2	0.00056 0.03088 0.14427 0.12767 0.14754 0.46144 0.08570 0.00194 
111	2	0.00064 0.06369 0.16389 0.33212 0.40023 0.02911 0.01017 0.00015 
112	2	0.00009 0.05677 0.10604 0.15544 0.53452 0.12707 0.01846 0.00161 
113	2	0.00109 0.08260 0.13526 0.25437 0.49850 0.02233 0.00559 0.00025 
114	2	0.00085 0.02863 0.14690 0.28134 0.47331 0.05940 0.00888 0.00069 
115	2	0.00146 0.06388 0.14542 0.15916 0.44447 0.17198 0.01294 0.00069 
116	2	0.00154 0.10653 0.16825 0.24815 0.43122 0.03313 0.01092 0.00026 
117	2	0.00176 0.05250 0.08657 0.32834 0.48672 0.02964 0.01338 0.00107 
118	2	0.00185 0.05707 0.17751 0.16169 0.38915 0.19328 0.01813 0.00132 
119	2	0.00186 0.03931 0.14127 0.13385 0.30966 0.36642 0.00692 0.00071 
120	2	0.00252 0.06572 0.13584 0.18346 0.42283 0.17488 0.01369 0.00105 
121	2	0.00108 0.05172 0.16827 0.10130 0.28799 0.37334 0.01578 0.00052 
122	2	0.00214 0.08187 0.18505 0.19023 0.38777 0.14815 0.00450 0.00029 
123	2	0.00062 0.04742 0.14270 0.10461 0.27808 0.41582 0.01003 0.00072 
124	2	0.00062 0.03864 0.12013 0.10939 0.31841 0.40647 0.00630 0.00004 
125	2	0.00128 0.06243 0.18592 0.14332 0.40505 0.19396 0.00772 0.00033 
126	2	0.00034 0.02853 0.15630 0.14416 0.33343 0.31443 0.02233 0.00049 
127	2	0.00028 0.02186 0.15805 0.15714 0.23244 0.38089 0.04919 0.00016 
128	2	0.00057 0.06014 0.20950 0.16014 0.29204 0.19116 0.08536 0.00109 
129	2	0.00128 0.04946 0.16404 0.15728 0.36110 0.21893 0.04756 0.00036 
130	2	0.00177 0.05112 0.19088 0.20877 0.34505 0.18250 0.01929 0.00061 
131	2	0.00175 0.05048 0.18795 0.14983 0.37329 0.21892 0.01729 0.00050 
132	2	0.00122 0.03151 0.10687 0.19424 0.40517 0.21341 0.04750 0.00009 
133	2	0.00042 0.03258 0.13482 0.12100 0.21714 0.38945 0.10359 0.00100 
134	2	0.00029 0.02377 0.17001 0.16238 0.27863 0.29579 0.06912 0.00001 
135	2	0.00123 0.04764 0.22775 0.17060 0.36716 0.16495 0.02037 0.00031 
136	2	0.00015 0.04845 0.17061 0.20095 0.33251 0.19929 0.04675 0.00129 
137	2	0.00004 0.01315 0.12990 0.15577 0.30279 0.33920 0.05874 0.00042 
138	2	0.00045 0.05002 0.18934 0.24955 0.39234 0.11447 0.00364 0.00020 
139	2	0.00012 0.05656 0.05558 0.12837 0.10907 0.26965 0.19132 0.18933 
140	2	0.00181 0.08173 0.21253 0.30416 0.35731 0.01788 0.02175 0.00283 
141	2	0.00119 0.02951 0.18063 0.41086 0.34180 0.02215 0.01231 0.00156 
142	2	0.00155 0.10815 0.24293 0.38566 0.20964 0.02803 0.02237 0.00167 
143	2	0.00513 0.13488 0.20730 0.29439 0.30683 0.03385 0.01738 0.00024 
144	2	0.00263 0.05453 0.17183 0.25444 0.43990 0.04538 0.02896 0.00232 
145	2	0.00478 0.08041 0.18196 0.29021 0.40971 0.01905 0.01236 0.00151 
146	2	0.00016 0.03865 0.13260 0.49300 0.27775 0.03141 0.02558 0.00085 
147	2	0.00046 0.03418 0.16581 0.38112 0.30875 0.07550 0.03184 0.00234 
148	2	0.00139 0.08593 0.17267 0.41547 0.30000 0.01696 0.00661 0.00097 
149	2	0.00079 0.07314 0.26413 0.38723 0.24594 0.01874 0.00995 0.00007 
150	2	0.00024 0.08231 0.23561 0.41094 0.21831 0.02883 0.02309 0.00065 
151	2	0.00074 0.08823 0.27361 0.42318 0.18438 0.01351 0.01569 0.00066 
152	2	0.00043 0.01445 0.11871 0.41779 0.38557 0.03920 0.02335 0.00049 
153	2	0.00019 0.04144 0.16049 0.46551 0.27458 0.04062 0.01686 0.00031 
154	2	0.00026 0.03857 0.21676 0.52260 0.17789 0.03872 0.00514 0.00006 
155	2	0.00075 0.02345 0.13224 0.32757 0.42301 0.06923 0.02307 0.00067 
156	2	0.00163 0.06255 0.23774 0.36363 0.28385 0.03415 0.01627 0.00017 
157	2	0.00046 0.07318 0.32333 0.40653 0.16287 0.02898 0.00460 0.00005 
158	2	0.00043 0.06658 0.19889 0.41469 0.26901 0.02911 0.02017 0.00112 
159	2	0.00001 0.01648 0.20750 0.32225 0.41392 0.02332 0.01622 0.00030 
160	2	0.00046 0.08917 0.18279 0.38937 0.28713 0.04314 0.00783 0.00010 
161	2	0.00003 0.02636 0.16126 0.32454 0.40201 0.06651 0.01875 0.00054 
162	2	0.00166 0.07315 0.24408 0.46487 0.15143 0.04245 0.02138 0.00099 
163	2	0.00560 0.17577 0.33624 0.33119 0.10540 0.04057 0.00502 0.00021 
164	2	0.00124 0.11438 0.18109 0.37458 0.28174 0.03149 0.01508 0.00042 
165	2	0.00157 0.05840 0.19591 0.35733 0.30994 0.06480 0.01194 0.00011 
166	2	0.00047 0.03567 0.25359 0.42178 0.22241 0.04905 0.01692 0.00012 
167	2	0.00172 0.10216 0.26026 0.35038 0.21162 0.05845 0.01472 0.00070 
168	2	0.00051 0.04246 0.20722 0.48165 0.22507 0.03608 0.00658 0.00043 
169	2	0.00068 0.11180 0.28016 0.41189 0.14830 0.03801 0.00899 0.00016 
170	2	0.00127 0.05395 0.18791 0.55150 0.16037 0.03881 0.00592 0.00027 
171	2	0.00130 0.06239 0.26761 0.55109 0.08766 0.02689 0.00287 0.00020 
172	2	0.00211 0.11592 0.33599 0.48002 0.03947 0.02120 0.00468 0.00060 
173	2	0.00053 0.04950 0.28443 0.53065 0.10203 0.03087 0.00197 0.00003 
174	2	0.00108 0.10668 0.33620 0.50279 0.03562 0.01554 0.00197 0.00014 
175	2	0.00031 0.06326 0.27723 0.40001 0.23973 0.01576 0.00360 0.00011 
176	2	0.00138 0.08139 0.24604 0.30371 0.35866 0.00613 0.00261 0.00009 
177	2	0.00079 0.08219 0.23720 0.27968 0.36738 0.02614 0.00630 0.00032 
178	2	0.00053 0.11537 0.35846 0.43329 0.07229 0.01832 0.00173 0.00001 
179	2	0.00085 0.15538 0.29273 0.39493 0.12077 0.03085 0.00444 0.00005 
180	2	0.00053 0.07497 0.29401 0.36177 0.23178 0.02700 0.00925 0.00070 
181	2	0.00193 0.13746 0.31548 0.48286 0.03797 0.01786 0.00623 0.00022 
182	2	0.00183 0.14507 0.31541 0.49384 0.03493 0.00740 0.00146 0.00005 
183	2	0.00150 0.09881 0.30327 0.43389 0.12137 0.02858 0.01222 0.00036 
184	2	0.00018 0.08367 0.27288 0.47801 0.14551 0.00909 0.00965 0.00102 
185	2	0.00020 0.09603 0.39194 0.43499 0.06983 0.00565 0.00128 0.00009 
186	2	0.00217 0.11178 0.34611 0.49866 0.03390 0.00579 0.00146 0.00013 
187	2	0.00060 0.07301 0.30463 0.56046 0.04930 0.01044 0.00149 0.00007 
188	2	0.00120 0.11144 0.32467 0.51539 0.03802 0.00806 0.00116 0.00007 
189	2	0.00268 0.11938 0.28385 0.46735 0.11107 0.01139 0.00396 0.00032 
190	2	0.00193 0.13367 0.28710 0.48952 0.06620 0.01445 0.00662 0.00050 
191	2	0.00136 0.12282 0.34308 0.46833 0.04729 0.01020 0.00679 0.00013 
192	2	0.00210 0.13335 0.41766 0.35591 0.07890 0.00857 0.00330 0.00020 
193	2	0.00193 0.14967 0.35847 0.42760 0.04587 0.01189 0.00433 0.00025 
194	2	0.00124 0.13838 0.25908 0.48456 0.10545 0.00825 0.00271 0.00033 
195	2	0.00247 0.12997 0.29153 0.52671 0.03862 0.00774 0.00262 0.00033 
196	2	0.00289 0.15109 0.14674 0.55544 0.12699 0.01195 0.00449 0.00041 
197	2	0.00139 0.09292 0.12222 0.64438 0.12104 0.01322 0.00405 0.00077 
198	2	0.00484 0.11467 0.12244 0.48828 0.24241 0.01953 0.00721 0.00060 
199	2	0.00039 0.10292 0.18010 0.34944 0.32595 0.02877 0.01167 0.00075 
200	3	0.00138 0.02056 0.08963 0.07218 0.23738 0.57618 0.00199 0.00069 
201	3	0.00125 0.03125 0.08559 0.07708 0.27013 0.53022 0.00250 0.00198 
202	3	0.00044 0.03195 0.09143 0.07112 0.30669 0.49525 0.00298 0.00014 
203	3	0.00053 0.02664 0.10977 0.08583 0.29586 0.47509 0.00567 0.00062 
204	3	0.00077 0.01876 0.10510 0.04829 0.26396 0.56126 0.00163 0.00022 
205	3	0.00058 0.02446 0.09524 0.06697 0.26626 0.54420 0.00202 0.00027 
206	3	0.00282 0.04086 0.10466 0.06961 0.34670 0.42487 0.00980 0.00068 
207	3	0.00104 0.04213 0.09133 0.07563 0.25690 0.53056 0.00194 0.00046 
208	3	0.00041 0.02816 0.08363 0.05612 0.21808 0.59619 0.00521 0.01220 
209	3	0.00043 0.04005 0.06906 0.07546 0.25722 0.54502 0.00537 0.00739 
210	3	0.00140 0.03400 0.10243 0.07020 0.34018 0.44871 0.00133 0.00176 
211	3	0.00009 0.01917 0.07641 0.07390 0.27495 0.54995 0.00455 0.00099 
212	3	0.00131 0.02726 0.10005 0.07415 0.35324 0.43752 0.00489 0.00158 
213	3	0.00033 0.02478 0.10812 0.06935 0.32731 0.46022 0.00717 0.00272 
214	3	0.00072 0.03109 0.09254 0.06183 0.27382 0.53162 0.00592 0.00245 
215	3	0.00121 0.03274 0.08665 0.07959 0.28727 0.50974 0.00216 0.00064 
216	3	0.00093 0.04025 0.10968 0.06090 0.32386 0.45021 0.00735 0.00683 
217	3	0.00018 0.02984 0.08089 0.06015 0.30245 0.51273 0.00713 0.00664 
218	3	0.00196 0.03330 0.09774 0.06446 0.34959 0.44687 0.00356 0.00253 
219	3	0.00047 0.04189 0.12289 0.08457 0.26791 0.44241 0.03674 0.00313 
220	3	0.00046 0.03721 0.10941 0.05708 0.28427 0.50640 0.00385 0.00133 
221	3	0.00059 0.03809 0.10790 0.06163 0.29279 0.49360 0.00342 0.00197 
222	3	0.00083 0.03246 0.10286 0.07340 0.31282 0.47120 0.00517 0.00127 
223	3	0.00074 0.02292 0.08035 0.04819 0.23268 0.58942 0.01864 0.00704 
224	3	0.00078 0.02043 0.10014 0.06297 0.25465 0.53471 0.02161 0.00471 
225	3	0.00147 0.01774 0.10679 0.06683 0.08057 0.65007 0.07488 0.00165 
226	3	0.00066 0.02981 0.09317 0.05480 0.10750 0.63226 0.08079 0.00101 
227	3	0.00023 0.01455 0.08552 0.07141 0.13050 0.54452 0.15022 0.00305 
228	3	0.00027 0.01381 0.06829 0.06187 0.05115 0.38538 0.41406 0.00518 
229	3	0.00027 0.01669 0.07544 0.09217 0.12297 0.68237 0.00853 0.00156 
230	3	0.00057 0.02845 0.12268 0.07831 0.17580 0.58327 0.00899 0.00193 
231	3	0.00205 0.02718 0.12885 0.08447 0.15679 0.58704 0.01004 0.00357 
232	3	0.00093 0.03106 0.10733 0.09951 0.20102 0.54942 0.00998 0.00074 
233	3	0.00170 0.03906 0.09582 0.09411 0.20854 0.54191 0.01767 0.00120 
234	3	0.00127 0.04025 0.08947 0.06365 0.15549 0.63516 0.00904 0.00566 
235	3	0.00074 0.05422 0.10092 0.07716 0.15568 0.59517 0.01579 0.00032 
236	3	0.00085 0.02282 0.09586 0.08000 0.12148 0.66383 0.01107 0.00409 
237	3	0.00016 0.01519 0.08127 0.09501 0.06827 0.30779 0.42597 0.00635 
238	3	0.00091 0.02119 0.09399 0.10112 0.10512 0.49125 0.18461 0.00181 
239	3	0.00003 0.01176 0.10431 0.09280 0.12174 0.45366 0.21433 0.00138 
240	3	0.00079 0.03287 0.12508 0.06540 0.11360 0.60537 0.05420 0.00269 
241	3	0.00139 0.02452 0.10561 0.08405 0.13702 0.63242 0.01488 0.00010 
242	3	0.00034 0.01692 0.06277 0.08157 0.11871 0.69819 0.02030 0.00120 
243	3	0.00022 0.00826 0.09186 0.08526 0.17416 0.61602 0.02353 0.00069 
244	3	0.00030 0.02012 0.09416 0.06438 0.23358 0.57875 0.00825 0.00046 
245	3	0.00060 0.01899 0.10632 0.08075 0.12354 0.64702 0.02093 0.00185 
246	3	0.00126 0.01589 0.09921 0.08320 0.10523 0.67242 0.02052 0.00228 
247	3	0.00084 0.02731 0.11465 0.07088 0.20696 0.51448 0.06149 0.00339 
248	3	0.00197 0.02271 0.11285 0.07157 0.20137 0.57904 0.00713 0.00337 
249	3	0.00069 0.03079 0.13107 0.06920 0.15512 0.60589 0.00685 0.00039 
250	3	0.00039 0.01414 0.10807 0.09221 0.14142 0.62655 0.01514 0.00208 
251	3	0.00135 0.02050 0.09516 0.08626 0.12576 0.65196 0.01681 0.00219 
252	3	0.00009 0.01457 0.09747 0.08686 0.14989 0.62468 0.02324 0.00320 
253	3	0.00052 0.02402 0.08923 0.06746 0.10649 0.70050 0.00868 0.00311 
254	3	0.00027 0.02790 0.10645 0.05654 0.14123 0.63503 0.03088 0.00172 
255	3	0.00047 0.03246 0.09797 0.05461 0.08503 0.69545 0.02361 0.01039 
256	3	0.00054 0.03748 0.08730 0.05695 0.19274 0.61146 0.01196 0.00158 
257	3	0.00071 0.02051 0.10279 0.07959 0.09076 0.68090 0.02412 0.00064 
258	3	0.00073 0.01519 0.09708 0.07002 0.14076 0.62399 0.04955 0.00268 
259	3	0.00151 0.01914 0.13316 0.09163 0.09159 0.62174 0.03793 0.00329 
260	3	0.00047 0.01299 0.10775 0.08529 0.09798 0.43034 0.25826 0.00693 
261	3	0.00083 0.02182 0.06494 0.06763 0.05407 0.24665 0.53911 0.00495 
262	3	0.00011 0.00901 0.05562 0.09300 0.11735 0.60319 0.12019 0.00153 
263	3	0.00091 0.02845 0.09638 0.08126 0.15532 0.61904 0.01613 0.00251 
264	3	0.00027 0.01525 0.07089 0.09437 0.15264 0.61316 0.05265 0.00077 
265	3	0.00011 0.01391 0.10095 0.09198 0.14910 0.59767 0.04432 0.00196 
266	3	0.00040 0.01532 0.06771 0.10836 0.10365 0.63602 0.06595 0.00259 
267	3	0.00008 0.01581 0.08200 0.08062 0.10001 0.66290 0.05673 0.00186 
268	3	0.00038 0.01606 0.07308 0.09038 0.12176 0.61636 0.08125 0.00072 
269	3	0.00015 0.00924 0.07590 0.09526 0.08135 0.41190 0.31939 0.00681 
270	3	0.00071 0.01580 0.09185 0.07238 0.04615 0.24540 0.52468 0.00304 
271	3	0.00026 0.01330 0.07604 0.10420 0.05391 0.25678 0.49506 0.00045 
272	3	0.00082 0.00871 0.03854 0.08847 0.06738 0.13296 0.66014 0.00298 
273	3	0.00045 0.00911 0.04232 0.10279 0.06505 0.13182 0.64226 0.00619 
274	3	0.00002 0.00513 0.02183 0.11327 0.07199 0.06510 0.72087 0.00180 
275	3	0.00052 0.00663 0.03487 0.07784 0.08407 0.13164 0.65711 0.00733 
276	3	0.00011 0.00565 0.03018 0.08770 0.07598 0.09201 0.70280 0.00556 
277	3	0.00063 0.01009 0.05890 0.09568 0.06348 0.20201 0.56757 0.00162 
278	3	0.00039 0.00621 0.03586 0.08958 0.08841 0.12935 0.64731 0.00290 
279	3	0.00007 0.00628 0.02344 0.10629 0.09569 0.08346 0.68237 0.00241 
280	3	0.00062 0.00761 0.03939 0.12001 0.07014 0.10850 0.65247 0.00126 
281	3	0.00046 0.00955 0.03712 0.07392 0.06680 0.18058 0.61566 0.01592 
282	3	0.00094 0.01121 0.05781 0.09209 0.06537 0.17112 0.59978 0.00168 
283	3	0.00051 0.00542 0.05535 0.11179 0.08352 0.20409 0.53842 0.00092 
284	3	0.00025 0.00622 0.05241 0.09528 0.07076 0.17888 0.59375 0.00246 
285	3	0.00044 0.00852 0.08314 0.09743 0.05670 0.24621 0.50078 0.00679 
286	3	0.00035 0.01075 0.06211 0.10720 0.06289 0.16689 0.58550 0.00431 
287	3	0.00013 0.01079 0.05964 0.10042 0.06798 0.50776 0.25033 0.00297 
288	3	0.00051 0.03239 0.08956 0.06771 0.10940 0.57373 0.11306 0.01364 
289	3	0.00039 0.02324 0.10027 0.08162 0.08293 0.63339 0.07313 0.00503 
290	3	0.00003 0.00581 0.04983 0.11147 0.09244 0.35644 0.38020 0.00379 
291	3	0.00074 0.01240 0.05816 0.09256 0.05901 0.15549 0.61784 0.00379 
292	3	0.00081 0.02673 0.08648 0.06897 0.06113 0.22200 0.52753 0.00634 
293	3	0.00015 0.01334 0.07771 0.07891 0.05638 0.36641 0.38397 0.02313 
294	3	0.00129 0.02604 0.08976 0.09386 0.08661 0.68153 0.02001 0.00091 
295	3	0.00012 0.01033 0.08939 0.09082 0.09002 0.63989 0.06991 0.00952 
296	3	0.00009 0.01427 0.09560 0.09748 0.07492 0.63842 0.07330 0.00593 
297	3	0.00042 0.06635 0.11849 0.06461 0.18942 0.54700 0.01255 0.00116 
298	3	0.00087 0.01906 0.08802 0.08486 0.06275 0.39711 0.34647 0.00085 
299	3	0.00149 0.02664 0.09556 0.07862 0.05370 0.53080 0.21241 0.00078 
300	4	0.00014 0.00320 0.04535 0.02901 0.02289 0.02930 0.86015 0.00996 
301	4	0.00033 0.00387 0.02140 0.00889 0.00724 0.03406 0.91605 0.00815 
302	4	0.00018 0.00664 0.08571 0.05593 0.03004 0.02815 0.66970 0.12366 
303	4	0.00012 0.01199 0.06519 0.03390 0.02417 0.03955 0.77575 0.04934 
304	4	0.00054 0.04103 0.04023 0.02420 0.02776 0.08695 0.74680 0.03249 
305	4	0.00063 0.03256 0.05986 0.03337 0.02692 0.04121 0.68373 0.12170 
306	4	0.00033 0.01015 0.05384 0.03092 0.02158 0.03384 0.64889 0.20046 
307	4	0.00030 0.00490 0.05430 0.03162 0.02905 0.03703 0.83764 0.00516 
308	4	0.00706 0.06074 0.04526 0.03445 0.02697 0.14551 0.67478 0.00524 
309	4	0.00004 0.00282 0.04383 0.04288 0.02224 0.02244 0.64666 0.21909 
310	4	0.00013 0.00747 0.01184 0.00675 0.00701 0.02374 0.87537 0.06770 
311	4	0.00058 0.01391 0.00771 0.00607 0.00586 0.03374 0.91632 0.01580 
312	4	0.00024 0.00129 0.02047 0.01002 0.00904 0.02036 0.76081 0.17777 
313	4	0.00004 0.02129 0.04092 0.02267 0.01128 0.02556 0.75873 0.11951 
314	4	0.00004 0.02637 0.03216 0.01976 0.01717 0.03543 0.76263 0.10644 
315	4	0.00224 0.03898 0.04613 0.02618 0.01340 0.03170 0.76638 0.07499 
316	4	0.00044 0.02933 0.03326 0.02551 0.01914 0.04266 0.84580 0.00386 
317	4	0.00012 0.00164 0.05459 0.03421 0.01925 0.02949 0.69728 0.16343 
318	4	0.00005 0.00871 0.05441 0.02759 0.01615 0.03048 0.71054 0.15207 
319	4	0.00048 0.01324 0.06745 0.04114 0.02260 0.03403 0.81018 0.01087 
320	4	0.00019 0.00690 0.06783 0.04080 0.02254 0.02402 0.66901 0.16872 
321	4	0.00004 0.00755 0.07336 0.03820 0.02707 0.02795 0.63293 0.19290 
322	4	0.00272 0.05914 0.09641 0.04329 0.02106 0.03417 0.60831 0.13489 
323	4	0.00054 0.02402 0.11541 0.05865 0.03198 0.03559 0.65366 0.08014 
324	4	0.00371 0.04182 0.04331 0.02477 0.01574 0.03695 0.79367 0.04004 
325	4	0.00089 0.03143 0.06177 0.02751 0.02014 0.03401 0.59130 0.23296 
326	4	0.00005 0.00185 0.05504 0.04007 0.01942 0.02465 0.69651 0.16241 
327	4	0.00019 0.00891 0.07892 0.04536 0.03200 0.02967 0.62035 0.18460 
328	4	0.00037 0.01433 0.05400 0.02786 0.02028 0.02297 0.58022 0.27998 
329	4	0.00058 0.03592 0.11021 0.06126 0.03589 0.04147 0.62218 0.09249 
330	4	0.00017 0.00715 0.04648 0.04190 0.03395 0.02922 0.61926 0.22188 
331	4	0.00069 0.02448 0.07749 0.06089 0.04915 0.16159 0.62521 0.00050 
332	4	0.00007 0.01181 0.04801 0.04149 0.04181 0.04026 0.62623 0.19033 
333	4	0.00027 0.00931 0.07183 0.05826 0.04486 0.03482 0.58026 0.20040 
334	4	0.00035 0.02174 0.08821 0.06522 0.07603 0.02902 0.51505 0.20437 
335	4	0.00021 0.02949 0.05663 0.04742 0.08507 0.03876 0.56452 0.17790 
336	4	0.00034 0.02179 0.05640 0.05826 0.17074 0.15342 0.36136 0.17769 
337	4	0.00041 0.03117 0.04929 0.05539 0.17589 0.08382 0.60362 0.00041 
338	4	0.00150 0.02035 0.06911 0.04929 0.14545 0.05043 0.48325 0.18062 
339	4	0.00039 0.01318 0.07460 0.04910 0.19845 0.08635 0.55738 0.02055 
340	4	0.00063 0.02004 0.06733 0.05224 0.10383 0.04439 0.51974 0.19180 
341	4	0.00025 0.01053 0.06112 0.05904 0.12159 0.06712 0.50489 0.17545 
342	4	0.00061 0.01998 0.09917 0.08223 0.13452 0.05028 0.44238 0.17084 
343	4	0.00052 0.01734 0.02331 0.07196 0.16745 0.13254 0.58574 0.00114 
344	4	0.00020 0.01039 0.06369 0.05694 0.14608 0.05682 0.45084 0.21503 
345	4	0.00016 0.01381 0.04617 0.04353 0.15812 0.10728 0.50856 0.12237 
346	4	0.00014 0.00521 0.03414 0.02556 0.09869 0.11720 0.51963 0.19944 
347	4	0.00004 0.01109 0.05647 0.05461 0.07197 0.04544 0.56743 0.19294 
348	4	0.00088 0.03787 0.03820 0.04233 0.11808 0.05416 0.47897 0.22953 
349	4	0.00003 0.01256 0.06095 0.04313 0.15054 0.07532 0.53132 0.12615 
350	4	0.00010 0.01541 0.09658 0.08011 0.07701 0.05169 0.46008 0.21903 
351	4	0.00041 0.02646 0.08028 0.06814 0.09047 0.04789 0.51499 0.17136 
352	4	0.00016 0.00527 0.04507 0.04787 0.13690 0.10004 0.43765 0.22704 
353	4	0.00049 0.00816 0.02757 0.02915 0.07140 0.08988 0.60980 0.16355 
354	4	0.00092 0.02685 0.03847 0.03820 0.15134 0.10351 0.47733 0.16338 
355	4	0.00149 0.01164 0.00380 0.02278 0.08902 0.09338 0.66431 0.11357 
356	4	0.00018 0.02019 0.10015 0.05812 0.03223 0.06509 0.72143 0.00261 
357	4	0.00117 0.04864 0.08626 0.07200 0.05475 0.27909 0.45736 0.00073 
358	4	0.00016 0.01487 0.06676 0.04961 0.04035 0.14241 0.68534 0.00050 
359	4	0.00020 0.00790 0.06876 0.04780 0.03770 0.12155 0.71431 0.00178 
360	4	0.00171 0.03614 0.06386 0.04835 0.04095 0.24822 0.55820 0.00260 
361	4	0.00026 0.02020 0.07211 0.05492 0.14451 0.18694 0.52027 0.00078 
362	4	0.00009 0.01218 0.07957 0.04535 0.03197 0.09498 0.73455 0.00132 
363	4	0.00056 0.01833 0.06898 0.03627 0.02915 0.04289 0.79319 0.01063 
364	4	0.00025 0.01308 0.08001 0.04180 0.03075 0.09122 0.74079 0.00211 
365	4	0.00048 0.00949 0.05697 0.04828 0.03123 0.06871 0.78384 0.00099 
366	4	0.00020 0.02220 0.06957 0.03927 0.02905 0.07663 0.76119 0.00188 
367	4	0.00011 0.00838 0.05991 0.04236 0.03359 0.04742 0.80666 0.00157 
368	4	0.00027 0.01814 0.08215 0.05359 0.04314 0.07031 0.72925 0.00315 
369	4	0.00182 0.02829 0.07510 0.04281 0.03276 0.14929 0.66851 0.00143 
370	4	0.00017 0.00530 0.08222 0.04613 0.03326 0.07392 0.75837 0.00062 
371	4	0.00043 0.01291 0.02184 0.04712 0.08031 0.04846 0.77179 0.01715 
372	4	0.00019 0.00953 0.02221 0.03875 0.08834 0.07051 0.77006 0.00039 
373	4	0.00302 0.02218 0.02055 0.05397 0.07152 0.04557 0.70827 0.07493 
374	4	0.00088 0.02585 0.02072 0.04760 0.05294 0.05184 0.71124 0.08894 
375	4	0.00011 0.01855 0.02332 0.05180 0.06977 0.04204 0.66775 0.12665 
376	4	0.00006 0.00036 0.01499 0.02748 0.06948 0.04387 0.66536 0.17840 
377	4	0.00147 0.02352 0.02377 0.04807 0.04977 0.08246 0.76908 0.00187 
378	4	0.00011 0.00782 0.03787 0.04081 0.08613 0.03722 0.66315 0.12689 
379	4	0.00151 0.02154 0.02241 0.05883 0.07971 0.06415 0.59625 0.15560 
380	4	0.00025 0.02613 0.06880 0.08800 0.10618 0.12206 0.58808 0.00050 
381	4	0.00190 0.04237 0.05043 0.04856 0.06446 0.03796 0.66919 0.08513 
382	4	0.00021 0.02622 0.04835 0.04558 0.06302 0.03593 0.72914 0.05155 
383	4	0.00081 0.04441 0.04528 0.04571 0.06401 0.04255 0.71258 0.04466 
384	4	0.00002 0.00173 0.04303 0.04264 0.06116 0.03426 0.69896 0.11820 
385	4	0.00025 0.01701 0.06227 0.06055 0.11167 0.04265 0.61009 0.09550 
386	4	0.00057 0.02487 0.06928 0.04372 0.09502 0.28365 0.48260 0.00028 
387	4	0.00030 0.01928 0.10461 0.06504 0.08930 0.28987 0.43118 0.00042 
388	4	0.00031 0.00755 0.06790 0.04414 0.04970 0.21523 0.61433 0.00084 
389	4	0.00008 0.00482 0.02226 0.02463 0.07207 0.21697 0.65842 0.00076 
390	4	0.00123 0.04531 0.08303 0.05976 0.15584 0.30812 0.34634 0.00038 
391	4	0.00010 0.01137 0.02362 0.04174 0.16872 0.22600 0.52824 0.00021 
392	4	0.00065 0.01565 0.06746 0.05656 0.11174 0.18955 0.48400 0.07439 
393	4	0.00101 0.01813 0.02282 0.03728 0.18625 0.18635 0.49398 0.05417 
394	4	0.00107 0.02228 0.08045 0.05679 0.09280 0.18595 0.37312 0.18755 
395	4	0.00121 0.02200 0.09835 0.06403 0.14259 0.23262 0.32183 0.11736 
396	4	0.00015 0.00294 0.06688 0.09333 0.23229 0.18722 0.30396 0.11324 
397	4	0.00020 0.01954 0.13756 0.08390 0.08447 0.15516 0.39371 0.12547 
398	4	0.00002 0.01242 0.06269 0.06717 0.07039 0.12130 0.66469 0.00132 
399	4	0.00010 0.01171 0.01724 0.01276 0.01414 0.05658 0.72540 0.16209 
400	5	0.00636 0.06457 0.04560 0.03911 0.04042 0.25160 0.55136 0.00099 
401	5	0.00352 0.06571 0.04478 0.03808 0.03705 0.30518 0.50155 0.00414 
402	5	0.00116 0.05970 0.09779 0.06229 0.04412 0.31317 0.41944 0.00233 
403	5	0.01190 0.11267 0.05554 0.03860 0.02759 0.32747 0.42593 0.00030 
404	5	0.00675 0.10272 0.06558 0.05272 0.04381 0.39400 0.33431 0.00011 
405	5	0.03392 0.09353 0.04904 0.03385 0.02764 0.39875 0.36189 0.00137 
406	5	0.01245 0.03681 0.01399 0.01805 0.02421 0.38597 0.50800 0.00051 
407	5	0.00107 0.03323 0.01893 0.02154 0.02494 0.30816 0.59114 0.00099 
408	5	0.01201 0.02731 0.01834 0.02316 0.03347 0.33533 0.54993 0.00044 
409	5	0.01345 0.02680 0.01925 0.02396 0.02933 0.38698 0.50016 0.00006 
410	5	0.01430 0.15044 0.07650 0.06368 0.20514 0.48655 0.00277 0.00063 
411	5	0.01090 0.02642 0.01895 0.02367 0.03205 0.42183 0.46580 0.00036 
412	5	0.00912 0.10420 0.06048 0.04716 0.12701 0.62733 0.02406 0.00064 
413	5	0.01135 0.02688 0.02118 0.02656 0.04968 0.55243 0.31191 0.00001 
414	5	0.01084 0.06656 0.04526 0.04854 0.21801 0.58905 0.02084 0.00091 
415	5	0.00414 0.06511 0.03134 0.03851 0.30341 0.55504 0.00222 0.00023 
416	5	0.00153 0.03691 0.02091 0.02334 0.22443 0.67547 0.01720 0.00021 
417	5	0.00568 0.09926 0.04592 0.03816 0.09462 0.20409 0.48410 0.02816 
418	5	0.01341 0.13756 0.05006 0.04318 0.12491 0.56915 0.06159 0.00014 
419	5	0.01967 0.02288 0.01378 0.02408 0.05669 0.50893 0.35390 0.00006 
420	5	0.01768 0.02204 0.02233 0.02738 0.02789 0.25321 0.60257 0.02690 
421	5	0.01164 0.07204 0.03961 0.03020 0.04738 0.52839 0.27067 0.00006 
422	5	0.01645 0.08159 0.03165 0.03836 0.20567 0.61384 0.01212 0.00033 
423	5	0.01280 0.06832 0.07448 0.04685 0.05046 0.38782 0.35921 0.00006 
424	5	0.00044 0.03799 0.02304 0.02058 0.02748 0.32692 0.53246 0.03109 
425	5	0.00060 0.03666 0.02898 0.03321 0.07474 0.66616 0.15959 0.00006 
426	5	0.02336 0.02678 0.02021 0.03039 0.15657 0.70662 0.03600 0.00006 
427	5	0.00045 0.04269 0.02086 0.02955 0.18534 0.67169 0.04899 0.00044 
428	5	0.01006 0.09868 0.05513 0.05052 0.12570 0.60583 0.05391 0.00015 
429	5	0.00066 0.04060 0.02782 0.02737 0.12370 0.65539 0.12439 0.00007 
430	5	0.01059 0.02724 0.01814 0.02150 0.03937 0.33362 0.53290 0.01664 
431	5	0.01642 0.05014 0.04586 0.05002 0.14481 0.62803 0.06462 0.00010 
432	5	0.00370 0.07495 0.04193 0.04327 0.07177 0.46288 0.30125 0.00024 
433	5	0.00721 0.07256 0.07668 0.05221 0.05947 0.19299 0.53884 0.00004 
434	5	0.01576 0.03268 0.01765 0.02939 0.07576 0.61984 0.20861 0.00031 
435	5	0.00108 0.03574 0.02154 0.02570 0.05047 0.38649 0.47893 0.00006 
436	5	0.00020 0.01480 0.03214 0.02611 0.04656 0.46723 0.41261 0.00035 
437	5	0.00020 0.07709 0.07347 0.04830 0.09504 0.44810 0.25671 0.00108 
438	5	0.00661 0.02956 0.02178 0.02943 0.06170 0.46256 0.38761 0.00075 
439	5	0.01641 0.02234 0.01311 0.02220 0.03927 0.65309 0.23313 0.00044 
440	5	0.03138 0.05674 0.03123 0.04413 0.09311 0.52143 0.22025 0.00172 
441	5	0.00140 0.05423 0.08100 0.05339 0.06465 0.44710 0.29692 0.00131 
442	5	0.00172 0.07859 0.02875 0.04032 0.04836 0.50924 0.29262 0.00040 
443	5	0.00035 0.03676 0.01558 0.02116 0.03998 0.57173 0.31364 0.00080 
444	5	0.00670 0.13541 0.09720 0.05009 0.06327 0.49034 0.15645 0.00053 
445	5	0.00005 0.03590 0.03080 0.02105 0.02980 0.62213 0.26012 0.00016 
446	5	0.00015 0.01859 0.03533 0.02888 0.07825 0.68404 0.15434 0.00042 
447	5	0.01231 0.02953 0.01912 0.02498 0.05255 0.58584 0.27533 0.00034 
448	5	0.00665 0.09638 0.09485 0.06335 0.05038 0.63255 0.05516 0.00068 
449	5	0.00294 0.08270 0.09300 0.05616 0.06052 0.37861 0.32589 0.00018 
450	5	0.00772 0.10121 0.05603 0.03950 0.04216 0.46406 0.28904 0.00028 
451	5	0.00434 0.07284 0.03175 0.03901 0.07322 0.60616 0.17199 0.00069 
452	5	0.00902 0.03193 0.02338 0.02268 0.06986 0.58374 0.25924 0.00015 
453	5	0.02024 0.05123 0.03516 0.03359 0.06516 0.65689 0.13740 0.00034 
454	5	0.00845 0.03521 0.01990 0.02581 0.04024 0.73794 0.13222 0.00023 
455	5	0.02277 0.08700 0.05155 0.05078 0.05182 0.54897 0.18669 0.00041 
456	5	0.00360 0.07230 0.07705 0.04425 0.04984 0.57647 0.17583 0.00068 
457	5	0.01481 0.06159 0.02983 0.02957 0.03310 0.64844 0.18225 0.00042 
458	5	0.01303 0.05946 0.02452 0.03335 0.05381 0.57686 0.23888 0.00010 
459	5	0.00254 0.06352 0.03424 0.03671 0.05709 0.62427 0.18106 0.00057 
460	5	0.00108 0.06637 0.04318 0.04004 0.04993 0.63043 0.16810 0.00088 
461	5	0.00294 0.03278 0.01502 0.01712 0.01680 0.16844 0.74643 0.00046 
462	5	0.00102 0.03556 0.06377 0.04475 0.03081 0.13710 0.68683 0.00018 
463	5	0.00460 0.08945 0.05570 0.04709 0.03840 0.16505 0.59929 0.00043 
464	5	0.01369 0.02313 0.01635 0.01607 0.01697 0.15072 0.76268 0.00039 
465	5	0.00147 0.07158 0.06514 0.04687 0.03520 0.13695 0.64235 0.00044 
466	5	0.00834 0.07987 0.07260 0.04668 0.05084 0.06537 0.67613 0.00017 
467	5	0.00511 0.10222 0.06522 0.04106 0.03408 0.07245 0.67822 0.00162 
468	5	0.00602 0.03597 0.01618 0.01614 0.01247 0.09370 0.81928 0.00024 
469	5	0.00634 0.06602 0.04609 0.03729 0.02760 0.05436 0.76217 0.00014 
470	5	0.00522 0.03858 0.01866 0.01779 0.01299 0.09318 0.81355 0.00004 
471	5	0.01028 0.02225 0.01646 0.02166 0.01923 0.09248 0.81752 0.00012 
472	5	0.00235 0.03008 0.05292 0.04763 0.03478 0.06977 0.76211 0.00036 
473	5	0.00419 0.09516 0.04319 0.05703 0.04248 0.09984 0.65761 0.00050 
474	5	0.00573 0.07486 0.06447 0.04777 0.03402 0.11638 0.65601 0.00075 
475	5	0.01227 0.02772 0.01761 0.01627 0.01540 0.14356 0.76708 0.00011 
476	5	0.00120 0.04088 0.02265 0.01693 0.01506 0.20955 0.69366 0.00007 
477	5	0.00253 0.03653 0.01859 0.01725 0.01712 0.04309 0.84464 0.02026 
478	5	0.01517 0.02269 0.01248 0.01804 0.01920 0.14655 0.76487 0.00100 
479	5	0.00704 0.07224 0.06237 0.04771 0.03801 0.08535 0.68655 0.00073 
480	5	0.00305 0.06152 0.04781 0.02692 0.02218 0.08925 0.74880 0.00049 
481	5	0.01320 0.09224 0.06471 0.05433 0.03571 0.07755 0.66104 0.00123 
482	5	0.00805 0.07577 0.06672 0.04836 0.04679 0.05673 0.69556 0.00200 
483	5	0.01360 0.03163 0.01632 0.01522 0.01353 0.06327 0.84513 0.00130 
484	5	0.00405 0.05668 0.04133 0.02904 0.02695 0.08979 0.75041 0.00175 
485	5	0.00037 0.01271 0.04289 0.01740 0.02143 0.05164 0.85297 0.00058 
486	5	0.00734 0.05877 0.02743 0.02710 0.01960 0.04899 0.80898 0.00179 
487	5	0.00284 0.04163 0.05620 0.03605 0.03812 0.06408 0.75924 0.00185 
488	5	0.00575 0.07815 0.08475 0.03923 0.03392 0.06134 0.69308 0.00378 
489	5	0.00033 0.04927 0.04102 0.03644 0.03676 0.04903 0.78209 0.00505 
490	5	0.00448 0.04341 0.00946 0.01403 0.01878 0.04179 0.86497 0.00307 
491	5	0.01242 0.06873 0.03467 0.03603 0.02850 0.07063 0.74628 0.00273 
492	5	0.00589 0.06253 0.06270 0.05105 0.03210 0.14678 0.63436 0.00459 
493	5	0.01481 0.07133 0.06555 0.05242 0.03704 0.08900 0.66782 0.00203 
494	5	0.00617 0.08707 0.05111 0.05511 0.04087 0.09573 0.66252 0.00142 
495	5	0.00089 0.02471 0.04661 0.04420 0.04574 0.17601 0.65779 0.00405 
496	5	0.01425 0.04461 0.03546 0.03327 0.02767 0.15722 0.68577 0.00175 
497	5	0.02960 0.20785 0.10813 0.08656 0.05659 0.14193 0.36236 0.00697 
498	5	0.01466 0.19067 0.10651 0.08576 0.05959 0.14041 0.39424 0.00816 
499	5	0.01078 0.13780 0.07946 0.07076 0.03773 0.13114 0.52899 0.00333 
500	6	0.00030 0.02964 0.09760 0.30343 0.18023 0.32980 0.05900 0.00000 
501	6	0.00013 0.03415 0.06679 0.31519 0.23927 0.34416 0.00031 0.00001 
502	6	0.00032 0.03727 0.06138 0.28865 0.21223 0.38096 0.01918 0.00001 
503	6	0.00075 0.03880 0.05874 0.26542 0.21415 0.38400 0.03812 0.00001 
504	6	0.00021 0.02094 0.02396 0.16705 0.24018 0.20783 0.30811 0.03172 
505	6	0.00037 0.00198 0.02594 0.10762 0.26863 0.27543 0.29381 0.02622 
506	6	0.00205 0.03558 0.05670 0.30069 0.23450 0.36781 0.00263 0.00004 
507	6	0.00308 0.05652 0.20911 0.37249 0.35871 0.00010 0.00000 0.00000 
508	6	0.00363 0.07013 0.22373 0.34835 0.35361 0.00048 0.00006 0.00001 
509	6	0.00026 0.00688 0.05064 0.48356 0.44916 0.00947 0.00002 0.00001 
510	6	0.00021 0.01108 0.05908 0.20485 0.42885 0.29579 0.00012 0.00001 
511	6	0.00075 0.01656 0.09931 0.22717 0.37444 0.28170 0.00006 0.00001 
512	6	0.00003 0.00599 0.06021 0.11122 0.37410 0.40445 0.04398 0.00002 
513	6	0.00003 0.01437 0.06899 0.34857 0.35305 0.21486 0.00010 0.00002 
514	6	0.00002 0.00081 0.01221 0.10344 0.21980 0.33271 0.33090 0.00011 
515	6	0.00068 0.00487 0.03407 0.34256 0.57242 0.04531 0.00008 0.00001 
516	6	0.00013 0.00223 0.02681 0.04618 0.31158 0.54028 0.07277 0.00001 
517	6	0.00026 0.00920 0.09475 0.33064 0.25247 0.31024 0.00243 0.00001 
518	6	0.00030 0.00771 0.05388 0.25868 0.29340 0.37939 0.00663 0.00001 
519	6	0.00019 0.01041 0.06486 0.11479 0.51931 0.29030 0.00011 0.00003 
520	6	0.00021 0.01271 0.09834 0.36271 0.46717 0.05863 0.00022 0.00001 
521	6	0.00042 0.01474 0.06400 0.38556 0.48705 0.04808 0.00012 0.00003 
522	6	0.00191 0.03634 0.18702 0.41350 0.36079 0.00039 0.00004 0.00001 
523	6	0.00039 0.01826 0.19704 0.46865 0.29669 0.01890 0.00006 0.00001 
524	6	0.00077 0.01712 0.11432 0.37857 0.38099 0.10798 0.00025 0.00001 
525	6	0.00032 0.00591 0.06127 0.29974 0.48216 0.15046 0.00013 0.00002 
526	6	0.00025 0.00019 0.02556 0.24480 0.45597 0.27280 0.00036 0.00006 
527	6	0.00025 0.00612 0.06719 0.31625 0.52755 0.08250 0.00013 0.00001 
528	6	0.00011 0.01110 0.05703 0.13569 0.14050 0.23648 0.41887 0.00022 
529	6	0.00008 0.00011 0.02054 0.07299 0.34558 0.30259 0.25808 0.00002 
530	6	0.00038 0.00837 0.07490 0.26448 0.39463 0.24176 0.01546 0.00001 
531	6	0.00163 0.03304 0.08991 0.31476 0.43549 0.12496 0.00018 0.00002 
532	6	0.00004 0.00241 0.03243 0.05237 0.26995 0.28135 0.33507 0.02639 
533	6	0.00072 0.01384 0.06236 0.14075 0.31026 0.39060 0.08141 0.00005 
534	6	0.00113 0.01752 0.08102 0.23672 0.30722 0.35612 0.00025 0.00001 
535	6	0.00009 0.00245 0.04466 0.13095 0.20477 0.22104 0.37707 0.01897 
536	6	0.00020 0.00590 0.07586 0.13376 0.36590 0.38347 0.03489 0.00001 
537	6	0.00008 0.00281 0.07436 0.10778 0.26414 0.38634 0.16445 0.00004 
538	6	0.00172 0.01734 0.07367 0.17954 0.26656 0.37657 0.08459 0.00001 
539	6	0.00029 0.00249 0.02950 0.15041 0.18759 0.21990 0.39754 0.01227 
540	6	0.00035 0.00059 0.00495 0.03185 0.26043 0.29440 0.33783 0.06958 
541	6	0.00028 0.00413 0.04010 0.34873 0.31858 0.28809 0.00008 0.00001 
542	6	0.00052 0.00942 0.10894 0.21030 0.21840 0.40025 0.05217 0.00000 
543	6	0.00040 0.00553 0.08705 0.26167 0.37851 0.26283 0.00399 0.00002 
544	6	0.00022 0.00046 0.00841 0.03187 0.18643 0.38955 0.38131 0.00175 
545	6	0.00045 0.00227 0.06080 0.30555 0.31460 0.31587 0.00039 0.00007 
546	6	0.00022 0.01852 0.12790 0.24902 0.32812 0.27620 0.00002 0.00000 
547	6	0.00016 0.00734 0.07624 0.14424 0.19042 0.28127 0.30019 0.00014 
548	6	0.00015 0.00238 0.03924 0.22792 0.34704 0.38303 0.00024 0.00001 
549	6	0.00043 0.01240 0.06355 0.35562 0.48502 0.08290 0.00006 0.00002 
550	6	0.00050 0.02642 0.09078 0.49428 0.33642 0.05158 0.00002 0.00001 
551	6	0.00157 0.02644 0.08955 0.32773 0.44171 0.11271 0.00027 0.00003 
552	6	0.00013 0.03266 0.18629 0.36216 0.38158 0.03704 0.00013 0.00001 
553	6	0.00013 0.01634 0.11835 0.27440 0.24525 0.31850 0.02700 0.00003 
554	6	0.00005 0.00366 0.04549 0.22047 0.28799 0.44054 0.00177 0.00002 
555	6	0.00009 0.00282 0.04060 0.06709 0.31084 0.28039 0.29815 0.00002 
556	6	0.00009 0.00235 0.03726 0.11311 0.20952 0.21982 0.37180 0.04606 
557	6	0.00038 0.00257 0.02325 0.20550 0.25410 0.45107 0.06313 0.00001 
558	6	0.00009 0.01461 0.11004 0.40877 0.46611 0.00028 0.00009 0.00002 
559	6	0.00025 0.00514 0.03673 0.38968 0.41328 0.15480 0.00010 0.00001 
560	6	0.00037 0.04219 0.31499 0.47969 0.16263 0.00008 0.00005 0.00002 
561	6	0.00014 0.01336 0.04815 0.15741 0.18048 0.21228 0.35942 0.02875 
562	6	0.00020 0.03290 0.15784 0.34505 0.40417 0.05965 0.00016 0.00003 
563	6	0.00038 0.03030 0.11366 0.37332 0.39186 0.09035 0.00012 0.00001 
