1400	14	8
0	1	0.00006 0.01137 0.03733 0.10439 0.49715 0.34860 0.00085 0.00025 
1	1	0.00035 0.00352 0.03561 0.10505 0.41072 0.43014 0.01461 0.00000 
2	1	0.00113 0.00351 0.02438 0.10345 0.34415 0.43792 0.08543 0.00003 
3	1	0.00039 0.00234 0.02347 0.05806 0.41735 0.49683 0.00153 0.00002 
4	1	0.00013 0.00186 0.00712 0.04107 0.30787 0.46927 0.17263 0.00004 
5	1	0.00033 0.00305 0.02417 0.11219 0.29786 0.48750 0.07483 0.00008 
6	1	0.00018 0.00196 0.00434 0.06680 0.11874 0.43102 0.35820 0.01877 
7	1	0.00020 0.00322 0.01319 0.09968 0.34876 0.49444 0.04048 0.00003 
8	1	0.00014 0.00307 0.02074 0.10305 0.34117 0.45551 0.07628 0.00004 
9	1	0.00005 0.00490 0.02340 0.10725 0.44220 0.42169 0.00050 0.00002 
10	1	0.00034 0.00181 0.01461 0.11328 0.35605 0.51211 0.00170 0.00010 
11	1	0.00017 0.00302 0.04606 0.08765 0.16318 0.33998 0.35679 0.00315 
12	1	0.00051 0.01447 0.07343 0.13915 0.38919 0.37492 0.00815 0.00018 
13	1	0.00035 0.01124 0.02831 0.03186 0.21933 0.30490 0.32785 0.07616 
14	1	0.00047 0.03337 0.09039 0.24945 0.36309 0.26187 0.00121 0.00015 
15	1	0.00029 0.00179 0.03533 0.14233 0.42421 0.39183 0.00389 0.00033 
16	1	0.00018 0.00150 0.02272 0.08752 0.39979 0.29826 0.18976 0.00027 
17	1	0.00019 0.00075 0.01605 0.08860 0.31872 0.43246 0.14228 0.00096 
18	1	0.00026 0.00234 0.00889 0.05824 0.22268 0.47930 0.22827 0.00003 
19	1	0.00021 0.00206 0.02727 0.11311 0.59986 0.25705 0.00041 0.00003 
20	1	0.00008 0.00224 0.01700 0.09303 0.48387 0.40339 0.00036 0.00002 
21	1	0.00025 0.00277 0.02227 0.10091 0.48542 0.38750 0.00085 0.00003 
22	1	0.00117 0.00491 0.05280 0.15809 0.44357 0.33887 0.00058 0.00001 
23	1	0.00013 0.00329 0.01728 0.14677 0.34254 0.43265 0.05728 0.00006 
24	1	0.00024 0.00274 0.00957 0.08237 0.30427 0.48915 0.11164 0.00003 
25	1	0.00005 0.00235 0.02131 0.09608 0.31294 0.48335 0.08386 0.00007 
26	1	0.00020 0.00408 0.01125 0.12192 0.44322 0.41538 0.00390 0.00005 
27	1	0.00047 0.00518 0.05213 0.14112 0.45023 0.34908 0.00175 0.00004 
28	1	0.00010 0.00033 0.00915 0.10764 0.24876 0.43496 0.19887 0.00019 
29	1	0.00057 0.00336 0.03498 0.13683 0.52882 0.29477 0.00062 0.00004 
30	1	0.00063 0.00211 0.01070 0.09740 0.19200 0.47910 0.21800 0.00005 
31	1	0.00009 0.00095 0.01634 0.05139 0.53344 0.39745 0.00032 0.00002 
32	1	0.00005 0.00076 0.00656 0.03014 0.38804 0.54781 0.02661 0.00004 
33	1	0.00021 0.00260 0.02370 0.06004 0.49762 0.41548 0.00032 0.00002 
34	1	0.00006 0.00240 0.02224 0.08012 0.38296 0.45932 0.05278 0.00011 
35	1	0.00018 0.00182 0.01787 0.06858 0.42861 0.47291 0.00998 0.00006 
36	1	0.00025 0.00168 0.02687 0.08557 0.55804 0.32727 0.00031 0.00002 
37	1	0.00010 0.01273 0.09964 0.27186 0.48300 0.10662 0.02347 0.00259 
38	1	0.00001 0.00858 0.11707 0.27417 0.45998 0.10723 0.02775 0.00522 
39	1	0.00011 0.00291 0.05551 0.15860 0.31894 0.43361 0.02396 0.00634 
40	1	0.00005 0.00561 0.04247 0.12990 0.79128 0.02441 0.00561 0.00067 
41	1	0.00004 0.00928 0.13966 0.22602 0.54232 0.05965 0.02143 0.00160 
42	1	0.00045 0.09958 0.20720 0.20761 0.39308 0.06275 0.02671 0.00262 
43	1	0.00014 0.03453 0.11824 0.21974 0.54716 0.05693 0.02083 0.00242 
44	1	0.00009 0.00624 0.05080 0.10583 0.75694 0.06552 0.01289 0.00169 
45	1	0.00024 0.00971 0.06453 0.29702 0.49355 0.10570 0.02745 0.00180 
46	1	0.00008 0.00227 0.08583 0.20523 0.54083 0.13118 0.03265 0.00193 
47	1	0.00004 0.00191 0.06245 0.18877 0.54659 0.16228 0.02838 0.00958 
48	1	0.00009 0.02329 0.09471 0.32964 0.49520 0.03614 0.01835 0.00258 
49	1	0.00014 0.02046 0.10604 0.21342 0.51228 0.09747 0.04644 0.00375 
50	1	0.00011 0.00388 0.06314 0.24730 0.48634 0.16542 0.02951 0.00431 
51	1	0.00102 0.02119 0.08031 0.42044 0.37306 0.08152 0.02094 0.00153 
52	1	0.00007 0.01569 0.11829 0.34029 0.42037 0.07484 0.02536 0.00509 
53	1	0.00012 0.00393 0.03463 0.14527 0.26009 0.50206 0.04945 0.00444 
54	1	0.00000 0.00739 0.06701 0.26621 0.61486 0.03358 0.00912 0.00181 
55	1	0.00030 0.01432 0.04899 0.53905 0.37380 0.01404 0.00777 0.00173 
56	1	0.00003 0.00239 0.06704 0.27542 0.53895 0.10211 0.01221 0.00186 
57	1	0.00009 0.00129 0.01871 0.06493 0.83286 0.06891 0.01128 0.00193 
58	1	0.00059 0.01633 0.07581 0.18462 0.53203 0.15010 0.03491 0.00561 
59	1	0.00109 0.01762 0.07580 0.10368 0.35581 0.40909 0.03168 0.00523 
60	1	0.00007 0.00123 0.02564 0.06311 0.72891 0.15817 0.01999 0.00288 
61	1	0.00219 0.01536 0.03396 0.39687 0.50890 0.02702 0.01259 0.00311 
62	1	0.00001 0.00194 0.03136 0.12754 0.39453 0.42723 0.01507 0.00231 
63	1	0.00022 0.00141 0.04007 0.12720 0.37258 0.43298 0.02110 0.00444 
64	1	0.00002 0.00174 0.05008 0.19353 0.62458 0.10214 0.02703 0.00089 
65	1	0.00010 0.00642 0.05138 0.23206 0.52786 0.14694 0.02781 0.00743 
66	1	0.00006 0.00251 0.03674 0.13291 0.58334 0.22115 0.01874 0.00455 
67	1	0.00001 0.00856 0.04916 0.14321 0.56762 0.21356 0.01450 0.00338 
68	1	0.00001 0.00004 0.00784 0.07410 0.46385 0.43182 0.01971 0.00263 
69	1	0.00181 0.01460 0.06678 0.20394 0.58060 0.10182 0.02765 0.00280 
70	1	0.00002 0.00556 0.05929 0.24031 0.43826 0.20964 0.03928 0.00763 
71	1	0.00002 0.00289 0.09581 0.25594 0.49520 0.12242 0.02122 0.00650 
72	1	0.00005 0.01842 0.09363 0.18941 0.39872 0.26768 0.02635 0.00573 
73	1	0.00003 0.00211 0.04376 0.21420 0.44780 0.24657 0.03664 0.00891 
74	1	0.00009 0.02061 0.08607 0.24893 0.47623 0.13236 0.03252 0.00319 
75	1	0.00007 0.01644 0.04370 0.16982 0.65955 0.10035 0.00778 0.00229 
76	1	0.00000 0.00698 0.05573 0.22292 0.53156 0.14780 0.02888 0.00615 
77	1	0.00001 0.00312 0.05418 0.14598 0.54218 0.21976 0.02749 0.00728 
78	1	0.00005 0.01194 0.07814 0.35984 0.36963 0.13553 0.04000 0.00487 
79	1	0.00001 0.00068 0.07232 0.27156 0.50384 0.10551 0.04136 0.00471 
80	1	0.00002 0.01129 0.06481 0.17817 0.56279 0.15048 0.02756 0.00489 
81	1	0.00013 0.01723 0.09073 0.25837 0.43324 0.17501 0.02104 0.00426 
82	1	0.00008 0.01758 0.07913 0.27555 0.44855 0.13439 0.04047 0.00425 
83	1	0.00002 0.01166 0.02474 0.16611 0.63774 0.14192 0.01565 0.00217 
84	1	0.00005 0.00232 0.03192 0.10999 0.69760 0.12594 0.02921 0.00298 
85	1	0.00003 0.00088 0.03591 0.11308 0.60941 0.21930 0.01919 0.00220 
86	1	0.00009 0.00038 0.02530 0.12415 0.55826 0.24856 0.03131 0.01195 
87	1	0.00009 0.04244 0.18590 0.12452 0.30891 0.30045 0.03130 0.00638 
88	1	0.00019 0.03539 0.12219 0.30939 0.25580 0.23746 0.03766 0.00192 
89	1	0.00018 0.00827 0.06426 0.21822 0.41454 0.25913 0.02669 0.00871 
90	1	0.00001 0.00151 0.03655 0.14511 0.74066 0.06068 0.01469 0.00080 
91	1	0.00004 0.01197 0.08218 0.20020 0.46303 0.20760 0.03304 0.00194 
92	1	0.00017 0.00192 0.09282 0.22521 0.52714 0.11218 0.03212 0.00843 
93	1	0.00003 0.00634 0.09102 0.22065 0.27405 0.36167 0.03856 0.00768 
94	1	0.00012 0.00921 0.06927 0.22953 0.39010 0.25667 0.04165 0.00345 
95	1	0.00018 0.04389 0.10627 0.24332 0.33542 0.23843 0.02849 0.00400 
96	1	0.00011 0.01432 0.10847 0.15177 0.42765 0.25468 0.03939 0.00362 
97	1	0.00006 0.00453 0.08155 0.18456 0.37312 0.32006 0.02916 0.00697 
98	1	0.00028 0.03174 0.10516 0.24188 0.48157 0.09905 0.03473 0.00560 
99	1	0.00021 0.02826 0.11300 0.20608 0.33687 0.26984 0.04024 0.00550 
100	2	0.00038 0.01762 0.06701 0.45439 0.43110 0.02161 0.00721 0.00068 
101	2	0.00043 0.02254 0.14099 0.22563 0.45540 0.14765 0.00702 0.00035 
102	2	0.00126 0.02808 0.13570 0.27749 0.39665 0.15689 0.00377 0.00017 
103	2	0.00031 0.01528 0.07490 0.19683 0.28371 0.41310 0.01494 0.00093 
104	2	0.00009 0.01390 0.09483 0.38447 0.47534 0.02405 0.00710 0.00022 
105	2	0.00070 0.03668 0.11423 0.46564 0.34503 0.02453 0.01236 0.00083 
106	2	0.00078 0.03383 0.20455 0.23818 0.32416 0.18754 0.01013 0.00082 
107	2	0.00036 0.03894 0.17578 0.29925 0.44554 0.03078 0.00885 0.00050 
108	2	0.00038 0.00780 0.09260 0.22879 0.44576 0.21259 0.01117 0.00090 
109	2	0.00191 0.02400 0.09288 0.13982 0.30781 0.42164 0.01060 0.00134 
110	2	0.00074 0.02356 0.11733 0.17457 0.14962 0.52331 0.00887 0.00199 
111	2	0.00116 0.02112 0.18449 0.31160 0.43058 0.03451 0.01623 0.00030 
112	2	0.00036 0.04183 0.11704 0.23555 0.50667 0.07423 0.02224 0.00208 
113	2	0.00073 0.03439 0.15342 0.22616 0.54320 0.03282 0.00889 0.00040 
114	2	0.00078 0.01382 0.13820 0.31837 0.45588 0.05949 0.01230 0.00116 
115	2	0.00055 0.02914 0.13612 0.17156 0.42023 0.22283 0.01859 0.00098 
116	2	0.00063 0.03601 0.20211 0.22492 0.46982 0.04792 0.01819 0.00041 
117	2	0.00066 0.02387 0.10227 0.34039 0.48385 0.03077 0.01668 0.00151 
118	2	0.00221 0.03296 0.14698 0.19728 0.39912 0.19287 0.02659 0.00199 
119	2	0.00117 0.01648 0.12190 0.14359 0.30443 0.40130 0.00984 0.00131 
120	2	0.00191 0.03013 0.14294 0.18769 0.44408 0.17377 0.01780 0.00168 
121	2	0.00084 0.03101 0.17280 0.12483 0.32564 0.33077 0.01331 0.00081 
122	2	0.00053 0.03047 0.18394 0.20685 0.38672 0.18374 0.00731 0.00045 
123	2	0.00040 0.02529 0.13525 0.12711 0.29248 0.40578 0.01270 0.00100 
124	2	0.00042 0.01961 0.11528 0.11786 0.32333 0.41621 0.00718 0.00011 
125	2	0.00065 0.03042 0.17485 0.16602 0.43925 0.17680 0.01144 0.00057 
126	2	0.00056 0.01684 0.13556 0.17833 0.39762 0.25029 0.02010 0.00069 
127	2	0.00028 0.01427 0.11858 0.18656 0.25697 0.38355 0.03968 0.00010 
128	2	0.00087 0.04265 0.18301 0.20093 0.32174 0.17596 0.07314 0.00169 
129	2	0.00055 0.02644 0.12386 0.19571 0.36903 0.23741 0.04614 0.00086 
130	2	0.00051 0.01730 0.15943 0.22465 0.37561 0.20777 0.01377 0.00097 
131	2	0.00101 0.02956 0.13729 0.19747 0.37356 0.23894 0.02109 0.00107 
132	2	0.00047 0.01816 0.09654 0.21254 0.46395 0.17971 0.02848 0.00014 
133	2	0.00017 0.02081 0.09289 0.15827 0.23685 0.41258 0.07760 0.00083 
134	2	0.00022 0.00507 0.10512 0.18889 0.26116 0.36042 0.07910 0.00002 
135	2	0.00041 0.01705 0.20012 0.21320 0.38728 0.16507 0.01643 0.00045 
136	2	0.00028 0.03107 0.15336 0.25681 0.35868 0.17400 0.02407 0.00173 
137	2	0.00014 0.00892 0.11245 0.20317 0.35301 0.29384 0.02793 0.00054 
138	2	0.00021 0.02717 0.16053 0.29619 0.42024 0.09027 0.00515 0.00023 
139	2	0.00021 0.02211 0.08112 0.11452 0.12505 0.26138 0.20416 0.19145 
140	2	0.00183 0.04410 0.21947 0.30367 0.37988 0.02392 0.02485 0.00228 
141	2	0.00033 0.01048 0.11697 0.40885 0.39962 0.04484 0.01723 0.00169 
142	2	0.00050 0.02484 0.25305 0.39624 0.25618 0.04080 0.02655 0.00183 
143	2	0.00173 0.04450 0.25596 0.29930 0.33830 0.04128 0.01866 0.00027 
144	2	0.00147 0.02544 0.12478 0.27023 0.39499 0.14431 0.03561 0.00317 
145	2	0.00153 0.04162 0.14996 0.30405 0.40050 0.08466 0.01579 0.00188 
146	2	0.00006 0.01233 0.12852 0.46882 0.32150 0.03708 0.03064 0.00104 
147	2	0.00029 0.01335 0.10723 0.37617 0.36167 0.10419 0.03468 0.00242 
148	2	0.00065 0.03828 0.19583 0.43713 0.29942 0.02015 0.00740 0.00113 
149	2	0.00063 0.02189 0.24816 0.44103 0.25365 0.02547 0.00909 0.00008 
150	2	0.00014 0.03784 0.23479 0.43713 0.22775 0.03871 0.02344 0.00019 
151	2	0.00069 0.05443 0.25249 0.42332 0.23665 0.01550 0.01632 0.00059 
152	2	0.00075 0.00659 0.10899 0.42098 0.39812 0.04832 0.01601 0.00024 
153	2	0.00029 0.02864 0.21171 0.46350 0.24016 0.04554 0.00983 0.00034 
154	2	0.00013 0.01177 0.22022 0.53541 0.19336 0.03687 0.00217 0.00007 
155	2	0.00082 0.01530 0.13824 0.33440 0.41014 0.07664 0.02373 0.00074 
156	2	0.00026 0.02853 0.22935 0.37190 0.31512 0.04049 0.01405 0.00030 
157	2	0.00028 0.03657 0.31718 0.43917 0.16924 0.03311 0.00436 0.00008 
158	2	0.00020 0.02717 0.20975 0.44702 0.26179 0.03642 0.01643 0.00122 
159	2	0.00002 0.00825 0.14427 0.38386 0.41981 0.03127 0.01203 0.00050 
160	2	0.00007 0.02623 0.22558 0.43327 0.27238 0.03913 0.00324 0.00010 
161	2	0.00001 0.00650 0.16451 0.33383 0.41739 0.06511 0.01230 0.00035 
162	2	0.00076 0.04403 0.23416 0.48553 0.16480 0.05156 0.01758 0.00159 
163	2	0.00190 0.07297 0.38906 0.36895 0.11912 0.04253 0.00522 0.00024 
164	2	0.00045 0.04109 0.25252 0.36032 0.29751 0.03660 0.01109 0.00043 
165	2	0.00085 0.02582 0.21896 0.37083 0.31364 0.06315 0.00662 0.00013 
166	2	0.00038 0.01890 0.23295 0.45740 0.22449 0.05429 0.01131 0.00028 
167	2	0.00070 0.04308 0.27346 0.38718 0.22242 0.06147 0.01082 0.00087 
168	2	0.00034 0.02861 0.24939 0.56730 0.11665 0.03207 0.00527 0.00036 
169	2	0.00060 0.06054 0.30450 0.42742 0.15862 0.03788 0.01024 0.00020 
170	2	0.00118 0.03691 0.20598 0.57797 0.14065 0.03029 0.00678 0.00024 
171	2	0.00086 0.03538 0.28904 0.56107 0.08598 0.02339 0.00407 0.00022 
172	2	0.00072 0.05894 0.33494 0.51646 0.06289 0.01877 0.00649 0.00078 
173	2	0.00047 0.02281 0.27303 0.56349 0.11214 0.02580 0.00225 0.00002 
174	2	0.00183 0.06262 0.35521 0.51678 0.04478 0.01591 0.00267 0.00020 
175	2	0.00069 0.03877 0.28124 0.45171 0.20559 0.01735 0.00451 0.00013 
176	2	0.00115 0.04295 0.24275 0.34049 0.36155 0.00771 0.00329 0.00011 
177	2	0.00085 0.05444 0.23458 0.34172 0.33352 0.02877 0.00576 0.00036 
178	2	0.00044 0.07403 0.35431 0.46349 0.08743 0.01741 0.00285 0.00003 
179	2	0.00042 0.08284 0.32242 0.43190 0.12795 0.02761 0.00680 0.00008 
180	2	0.00097 0.04667 0.27844 0.39058 0.24562 0.02549 0.01120 0.00102 
181	2	0.00155 0.06659 0.36642 0.49358 0.04735 0.01592 0.00835 0.00024 
182	2	0.00195 0.08991 0.34243 0.51495 0.04078 0.00752 0.00239 0.00008 
183	2	0.00217 0.06046 0.32196 0.46358 0.10582 0.02995 0.01574 0.00032 
184	2	0.00021 0.02191 0.28545 0.52730 0.14186 0.01104 0.01099 0.00123 
185	2	0.00010 0.03261 0.35722 0.52046 0.07962 0.00779 0.00211 0.00010 
186	2	0.00184 0.06458 0.36309 0.52933 0.03160 0.00714 0.00220 0.00020 
187	2	0.00047 0.03777 0.31207 0.57850 0.05485 0.01435 0.00190 0.00009 
188	2	0.00107 0.07973 0.34746 0.51919 0.03941 0.01161 0.00145 0.00009 
189	2	0.00227 0.09134 0.30685 0.50350 0.07745 0.01331 0.00491 0.00035 
190	2	0.00060 0.05912 0.31319 0.53100 0.06903 0.01881 0.00764 0.00061 
191	2	0.00050 0.07007 0.34851 0.50409 0.05537 0.01255 0.00869 0.00023 
192	2	0.00103 0.05937 0.42828 0.41073 0.08554 0.01048 0.00428 0.00028 
193	2	0.00076 0.08302 0.42657 0.42839 0.04111 0.01483 0.00509 0.00024 
194	2	0.00014 0.05704 0.32105 0.52377 0.08473 0.00968 0.00315 0.00043 
195	2	0.00144 0.07410 0.30769 0.56413 0.04066 0.00833 0.00326 0.00040 
196	2	0.00190 0.07403 0.24761 0.55754 0.09553 0.01703 0.00575 0.00063 
197	2	0.00039 0.04170 0.15302 0.65134 0.12832 0.01876 0.00544 0.00102 
198	2	0.00167 0.04762 0.16574 0.48488 0.26388 0.02541 0.00998 0.00082 
199	2	0.00031 0.03030 0.22242 0.35256 0.34114 0.03500 0.01722 0.00104 
200	3	0.00073 0.01001 0.05756 0.09170 0.19952 0.63657 0.00314 0.00077 
201	3	0.00080 0.01354 0.07545 0.08841 0.26834 0.54804 0.00325 0.00219 
202	3	0.00132 0.01583 0.08472 0.08452 0.33167 0.47866 0.00309 0.00018 
203	3	0.00029 0.00659 0.08370 0.09428 0.28482 0.52147 0.00809 0.00076 
204	3	0.00061 0.00947 0.08009 0.06884 0.26100 0.57707 0.00259 0.00032 
205	3	0.00031 0.01366 0.08096 0.07980 0.27051 0.55151 0.00298 0.00028 
206	3	0.00112 0.01511 0.09049 0.08387 0.35861 0.43850 0.01138 0.00091 
207	3	0.00063 0.01907 0.08640 0.08149 0.27581 0.53356 0.00252 0.00052 
208	3	0.00022 0.01016 0.06283 0.07438 0.22401 0.60876 0.00724 0.01240 
209	3	0.00073 0.02398 0.06804 0.08528 0.28556 0.52285 0.00589 0.00768 
210	3	0.00027 0.01159 0.09044 0.08471 0.35240 0.45684 0.00185 0.00190 
211	3	0.00036 0.01131 0.06551 0.08262 0.29477 0.53860 0.00571 0.00111 
212	3	0.00058 0.01353 0.06965 0.09624 0.36647 0.44370 0.00794 0.00187 
213	3	0.00010 0.01220 0.07669 0.09179 0.30915 0.49638 0.01055 0.00314 
214	3	0.00070 0.01653 0.08313 0.08185 0.30130 0.50561 0.00803 0.00286 
215	3	0.00061 0.01595 0.06832 0.08913 0.28838 0.53308 0.00374 0.00079 
216	3	0.00042 0.01798 0.09832 0.07978 0.32627 0.46178 0.00840 0.00705 
217	3	0.00014 0.00981 0.05681 0.07846 0.30541 0.53274 0.00951 0.00713 
218	3	0.00079 0.01263 0.08289 0.08103 0.35182 0.46259 0.00531 0.00294 
219	3	0.00028 0.01744 0.09818 0.10259 0.27463 0.45539 0.04811 0.00337 
220	3	0.00016 0.01466 0.08627 0.07978 0.26941 0.54265 0.00561 0.00145 
221	3	0.00022 0.01469 0.09816 0.07658 0.29299 0.50998 0.00526 0.00212 
222	3	0.00031 0.01389 0.07917 0.09501 0.32164 0.48266 0.00589 0.00143 
223	3	0.00058 0.01383 0.06488 0.06497 0.22928 0.59789 0.02122 0.00736 
224	3	0.00030 0.00830 0.06714 0.08805 0.23689 0.56866 0.02568 0.00498 
225	3	0.00055 0.00760 0.04783 0.10711 0.07612 0.61412 0.14480 0.00186 
226	3	0.00060 0.01796 0.07321 0.07586 0.10616 0.66639 0.05851 0.00129 
227	3	0.00006 0.00687 0.04436 0.10172 0.10253 0.49704 0.24410 0.00331 
228	3	0.00011 0.00421 0.03984 0.07772 0.05689 0.33087 0.48495 0.00541 
229	3	0.00014 0.00882 0.04450 0.10394 0.12809 0.70327 0.00935 0.00188 
230	3	0.00028 0.01222 0.09972 0.09928 0.18246 0.59295 0.01101 0.00209 
231	3	0.00091 0.01189 0.09577 0.11357 0.15503 0.60577 0.01309 0.00397 
232	3	0.00036 0.01645 0.07008 0.11792 0.21342 0.56836 0.01257 0.00084 
233	3	0.00098 0.02291 0.07713 0.11063 0.21609 0.55214 0.01883 0.00128 
234	3	0.00080 0.01600 0.07641 0.08031 0.15094 0.65753 0.01216 0.00585 
235	3	0.00032 0.02015 0.10235 0.08899 0.16446 0.60798 0.01540 0.00036 
236	3	0.00047 0.00999 0.06371 0.09977 0.11949 0.68092 0.02131 0.00434 
237	3	0.00008 0.00482 0.04349 0.11047 0.07778 0.25721 0.49947 0.00668 
238	3	0.00024 0.00851 0.04423 0.11838 0.11202 0.38753 0.32683 0.00226 
239	3	0.00003 0.00109 0.04231 0.12533 0.10363 0.40777 0.31803 0.00181 
240	3	0.00019 0.01196 0.06501 0.11726 0.11771 0.54727 0.13770 0.00290 
241	3	0.00069 0.01528 0.07455 0.10136 0.13570 0.65706 0.01522 0.00014 
242	3	0.00044 0.01242 0.03300 0.09168 0.12829 0.70787 0.02468 0.00162 
243	3	0.00014 0.00441 0.03323 0.11758 0.17219 0.63001 0.04161 0.00082 
244	3	0.00024 0.01314 0.06619 0.08387 0.23681 0.59007 0.00907 0.00061 
245	3	0.00017 0.01249 0.05242 0.12030 0.12401 0.66668 0.02182 0.00212 
246	3	0.00162 0.00998 0.04676 0.11736 0.11174 0.67765 0.03202 0.00287 
247	3	0.00107 0.01567 0.09639 0.09128 0.21087 0.51320 0.06797 0.00355 
248	3	0.00177 0.01275 0.08413 0.09829 0.20159 0.58896 0.00887 0.00364 
249	3	0.00071 0.01349 0.09992 0.09782 0.15330 0.62468 0.00957 0.00052 
250	3	0.00024 0.00856 0.06739 0.11658 0.15018 0.63817 0.01650 0.00237 
251	3	0.00048 0.01151 0.04702 0.10545 0.12599 0.68613 0.02095 0.00248 
252	3	0.00006 0.00945 0.05161 0.11245 0.15479 0.63787 0.03026 0.00353 
253	3	0.00033 0.01016 0.05508 0.09049 0.11621 0.71187 0.01243 0.00343 
254	3	0.00024 0.01094 0.07835 0.09159 0.12651 0.66365 0.02690 0.00182 
255	3	0.00050 0.01239 0.07603 0.08324 0.08247 0.71327 0.02156 0.01055 
256	3	0.00018 0.00730 0.07248 0.08533 0.14598 0.65891 0.02799 0.00182 
257	3	0.00051 0.00898 0.04823 0.12120 0.09356 0.63618 0.09038 0.00096 
258	3	0.00092 0.00845 0.06207 0.10210 0.12052 0.64670 0.05623 0.00301 
259	3	0.00103 0.01326 0.09192 0.12381 0.09587 0.60041 0.07022 0.00348 
260	3	0.00023 0.00681 0.04028 0.14060 0.08359 0.39782 0.32344 0.00723 
261	3	0.00019 0.00837 0.03387 0.08341 0.07072 0.22914 0.56907 0.00523 
262	3	0.00006 0.00752 0.02017 0.10091 0.11942 0.60026 0.15001 0.00165 
263	3	0.00031 0.01464 0.06739 0.09803 0.15823 0.63282 0.02583 0.00275 
264	3	0.00016 0.01129 0.04521 0.09756 0.15181 0.64192 0.05104 0.00101 
265	3	0.00004 0.00795 0.04298 0.12092 0.15780 0.58697 0.08104 0.00231 
266	3	0.00023 0.00840 0.03829 0.11264 0.10076 0.65154 0.08517 0.00298 
267	3	0.00002 0.00706 0.04152 0.09042 0.09432 0.65832 0.10610 0.00223 
268	3	0.00010 0.00706 0.03583 0.10404 0.10049 0.61944 0.13223 0.00081 
269	3	0.00025 0.00835 0.03610 0.10697 0.09719 0.40587 0.33804 0.00723 
270	3	0.00065 0.01025 0.06039 0.09154 0.04771 0.24506 0.54093 0.00347 
271	3	0.00018 0.00718 0.04420 0.11419 0.07227 0.30834 0.45315 0.00049 
272	3	0.00011 0.00601 0.01596 0.06734 0.09598 0.12831 0.68302 0.00326 
273	3	0.00026 0.00736 0.01399 0.09932 0.08382 0.09510 0.69371 0.00643 
274	3	0.00007 0.00510 0.01199 0.08435 0.09839 0.06604 0.73194 0.00211 
275	3	0.00036 0.00582 0.01858 0.07130 0.09059 0.09678 0.70899 0.00758 
276	3	0.00007 0.00277 0.00862 0.05394 0.11207 0.07777 0.73815 0.00661 
277	3	0.00012 0.00544 0.02059 0.09611 0.08605 0.13049 0.65933 0.00185 
278	3	0.00059 0.00559 0.01683 0.08134 0.10524 0.10275 0.68472 0.00296 
279	3	0.00011 0.00566 0.01418 0.06998 0.12344 0.07839 0.70557 0.00267 
280	3	0.00032 0.00479 0.01629 0.08879 0.11265 0.07179 0.70388 0.00151 
281	3	0.00041 0.00777 0.01392 0.06586 0.08040 0.10959 0.70555 0.01650 
282	3	0.00067 0.00887 0.02592 0.08436 0.09384 0.16730 0.61716 0.00189 
283	3	0.00031 0.00416 0.01954 0.09969 0.10398 0.20353 0.56750 0.00128 
284	3	0.00022 0.00298 0.02365 0.08275 0.09496 0.16285 0.62982 0.00277 
285	3	0.00015 0.00520 0.01975 0.12356 0.08088 0.23308 0.52965 0.00773 
286	3	0.00032 0.00742 0.03130 0.09884 0.09236 0.17293 0.59239 0.00443 
287	3	0.00002 0.00377 0.01908 0.08253 0.10433 0.33895 0.44788 0.00345 
288	3	0.00032 0.01475 0.07261 0.08190 0.11593 0.58021 0.12028 0.01399 
289	3	0.00024 0.00798 0.05744 0.11176 0.09280 0.63291 0.09153 0.00535 
290	3	0.00006 0.00663 0.03536 0.08641 0.11677 0.37148 0.37905 0.00424 
291	3	0.00063 0.00920 0.02566 0.09123 0.08051 0.10049 0.68817 0.00410 
292	3	0.00036 0.00753 0.06028 0.09046 0.06928 0.17757 0.58762 0.00689 
293	3	0.00004 0.00490 0.04040 0.09525 0.06641 0.36033 0.40871 0.02396 
294	3	0.00083 0.01565 0.06165 0.10417 0.10429 0.68790 0.02442 0.00109 
295	3	0.00003 0.00581 0.03552 0.10859 0.10461 0.64055 0.09471 0.01018 
296	3	0.00003 0.00498 0.05080 0.11331 0.08872 0.63752 0.09806 0.00658 
297	3	0.00017 0.01282 0.11788 0.09450 0.17898 0.57481 0.01943 0.00140 
298	3	0.00049 0.00842 0.04574 0.09344 0.09181 0.34822 0.41090 0.00099 
299	3	0.00105 0.01009 0.06524 0.09326 0.07721 0.51261 0.23965 0.00090 
300	4	0.00014 0.00145 0.04433 0.03075 0.02338 0.03186 0.85805 0.01005 
301	4	0.00026 0.00888 0.01750 0.00835 0.00756 0.03880 0.91392 0.00471 
302	4	0.00016 0.00384 0.07856 0.06163 0.03310 0.02987 0.66893 0.12391 
303	4	0.00011 0.01093 0.06597 0.03404 0.02468 0.04584 0.76912 0.04931 
304	4	0.00104 0.05097 0.03239 0.02448 0.02797 0.10062 0.72953 0.03299 
305	4	0.00103 0.05559 0.04288 0.03147 0.02515 0.04822 0.68926 0.10640 
306	4	0.00030 0.00151 0.05594 0.03439 0.02352 0.03370 0.64669 0.20396 
307	4	0.00030 0.00373 0.05451 0.03261 0.02926 0.03937 0.83514 0.00507 
308	4	0.00314 0.07062 0.04257 0.03354 0.02596 0.16226 0.65705 0.00486 
309	4	0.00005 0.00290 0.04143 0.04388 0.02314 0.02411 0.64568 0.21881 
310	4	0.00012 0.00415 0.01431 0.00721 0.00731 0.02574 0.87347 0.06771 
311	4	0.00093 0.01411 0.00744 0.00607 0.00603 0.04014 0.90972 0.01555 
312	4	0.00018 0.00125 0.01855 0.01114 0.00966 0.02176 0.75934 0.17812 
313	4	0.00002 0.00870 0.04809 0.02635 0.01210 0.02819 0.75681 0.11975 
314	4	0.00011 0.02658 0.03318 0.01930 0.01721 0.03836 0.75794 0.10733 
315	4	0.00123 0.03260 0.04915 0.02854 0.01524 0.03162 0.76628 0.07534 
316	4	0.00015 0.01656 0.04335 0.02671 0.02056 0.04459 0.84397 0.00412 
317	4	0.00010 0.00142 0.05545 0.03430 0.01893 0.03181 0.69445 0.16352 
318	4	0.00004 0.00783 0.05534 0.02698 0.01636 0.03415 0.70750 0.15180 
319	4	0.00019 0.00597 0.06762 0.04589 0.02498 0.03402 0.81039 0.01093 
320	4	0.00016 0.00190 0.06045 0.04954 0.02498 0.02477 0.66914 0.16907 
321	4	0.00004 0.00443 0.07350 0.03927 0.02859 0.03102 0.62994 0.19321 
322	4	0.00231 0.05043 0.10101 0.04661 0.02240 0.03410 0.60852 0.13463 
323	4	0.00049 0.01290 0.11406 0.06721 0.03435 0.03643 0.67239 0.06216 
324	4	0.00086 0.04090 0.04822 0.02437 0.01502 0.05635 0.78681 0.02747 
325	4	0.00054 0.03079 0.06349 0.02780 0.01948 0.04067 0.70416 0.11308 
326	4	0.00004 0.00110 0.04995 0.04472 0.02061 0.02471 0.69615 0.16272 
327	4	0.00018 0.00480 0.07726 0.04833 0.03301 0.03109 0.61786 0.18747 
328	4	0.00031 0.00690 0.05498 0.03241 0.02096 0.02433 0.57989 0.28023 
329	4	0.00048 0.01761 0.12301 0.06381 0.03799 0.04799 0.61706 0.09205 
330	4	0.00015 0.00392 0.04306 0.04478 0.03635 0.03056 0.58176 0.25943 
331	4	0.00091 0.02436 0.08188 0.05917 0.04851 0.22497 0.55975 0.00046 
332	4	0.00005 0.00739 0.04551 0.04641 0.04351 0.04440 0.64678 0.16595 
333	4	0.00019 0.00616 0.06874 0.06107 0.04764 0.03804 0.60133 0.17683 
334	4	0.00032 0.01185 0.08101 0.07586 0.07945 0.03194 0.52301 0.19656 
335	4	0.00009 0.01156 0.06256 0.05441 0.08832 0.04250 0.57863 0.16194 
336	4	0.00031 0.01654 0.05851 0.06055 0.16255 0.16253 0.36157 0.17744 
337	4	0.00045 0.03113 0.05198 0.05620 0.17785 0.08605 0.59597 0.00037 
338	4	0.00145 0.02110 0.06875 0.05440 0.14585 0.05249 0.54242 0.11354 
339	4	0.00034 0.01002 0.07254 0.05617 0.20447 0.09385 0.56217 0.00046 
340	4	0.00044 0.01506 0.06708 0.05510 0.10521 0.04834 0.52537 0.18339 
341	4	0.00028 0.00848 0.05920 0.06335 0.12607 0.06973 0.55029 0.12260 
342	4	0.00033 0.01309 0.09989 0.08725 0.13621 0.05009 0.45306 0.16008 
343	4	0.00048 0.01875 0.02803 0.10005 0.14673 0.18538 0.52002 0.00056 
344	4	0.00022 0.01004 0.06202 0.05785 0.14898 0.05748 0.46647 0.19694 
345	4	0.00015 0.01271 0.05038 0.04306 0.16139 0.10356 0.53362 0.09513 
346	4	0.00015 0.00099 0.03051 0.03134 0.09252 0.12553 0.52176 0.19721 
347	4	0.00003 0.00818 0.05717 0.05596 0.06978 0.05272 0.57480 0.18137 
348	4	0.00109 0.03748 0.04111 0.04245 0.12304 0.05327 0.51748 0.18407 
349	4	0.00004 0.02298 0.05343 0.04343 0.14929 0.07900 0.55475 0.09708 
350	4	0.00010 0.00865 0.08335 0.09318 0.08198 0.05369 0.46084 0.21821 
351	4	0.00041 0.01891 0.08530 0.07000 0.09340 0.05090 0.52329 0.15779 
352	4	0.00010 0.00269 0.04170 0.04989 0.12066 0.12058 0.46076 0.20363 
353	4	0.00038 0.00546 0.02792 0.03078 0.06986 0.09287 0.59529 0.17743 
354	4	0.00047 0.02497 0.03898 0.03784 0.15343 0.10391 0.49063 0.14976 
355	4	0.00021 0.01252 0.00484 0.03384 0.09395 0.08581 0.66467 0.10414 
356	4	0.00044 0.02157 0.10494 0.05336 0.03262 0.07356 0.71128 0.00223 
357	4	0.00115 0.03829 0.09484 0.07221 0.05945 0.28733 0.44589 0.00084 
358	4	0.00015 0.01006 0.07131 0.04736 0.04237 0.15763 0.67056 0.00057 
359	4	0.00017 0.00422 0.06770 0.05021 0.03945 0.12640 0.71000 0.00185 
360	4	0.00144 0.02527 0.07216 0.05098 0.04367 0.25178 0.55206 0.00265 
361	4	0.00018 0.01010 0.07944 0.05770 0.15844 0.17688 0.51618 0.00108 
362	4	0.00008 0.01381 0.08337 0.04256 0.03176 0.14402 0.68312 0.00128 
363	4	0.00019 0.01177 0.07178 0.03888 0.03111 0.05552 0.79051 0.00025 
364	4	0.00021 0.01046 0.08164 0.04165 0.03181 0.11787 0.71440 0.00195 
365	4	0.00036 0.00468 0.05366 0.05353 0.03335 0.06892 0.78444 0.00107 
366	4	0.00017 0.00493 0.07304 0.04866 0.03222 0.08343 0.75538 0.00217 
367	4	0.00007 0.00371 0.05562 0.04915 0.03624 0.05502 0.79912 0.00105 
368	4	0.00041 0.01729 0.08726 0.05206 0.04308 0.11538 0.68177 0.00276 
369	4	0.00027 0.02489 0.07868 0.04437 0.03451 0.19590 0.62022 0.00115 
370	4	0.00013 0.00311 0.07711 0.05107 0.03545 0.08246 0.75014 0.00053 
371	4	0.00023 0.01188 0.02471 0.04812 0.07856 0.05291 0.77407 0.00952 
372	4	0.00008 0.00350 0.02626 0.03811 0.09201 0.07028 0.76939 0.00038 
373	4	0.00056 0.02275 0.02379 0.05849 0.06542 0.05045 0.70384 0.07470 
374	4	0.00041 0.02279 0.02053 0.04204 0.06190 0.04504 0.71496 0.09233 
375	4	0.00037 0.01896 0.02444 0.05091 0.06977 0.04549 0.66365 0.12642 
376	4	0.00006 0.00032 0.01492 0.02686 0.06716 0.04671 0.64821 0.19575 
377	4	0.00051 0.02098 0.02436 0.04412 0.05748 0.12151 0.73024 0.00079 
378	4	0.00010 0.00488 0.03735 0.04152 0.08728 0.03949 0.67597 0.11340 
379	4	0.00080 0.02356 0.02389 0.05949 0.08204 0.06244 0.63688 0.11090 
380	4	0.00004 0.02107 0.07151 0.08669 0.11172 0.15933 0.54916 0.00049 
381	4	0.00035 0.03526 0.05976 0.04991 0.06172 0.04351 0.66670 0.08280 
382	4	0.00014 0.02288 0.05534 0.04551 0.06096 0.03702 0.70993 0.06823 
383	4	0.00050 0.04455 0.04908 0.05001 0.05828 0.05126 0.70170 0.04462 
384	4	0.00001 0.00040 0.04363 0.04360 0.06236 0.03258 0.67789 0.13953 
385	4	0.00026 0.01075 0.06520 0.06368 0.11020 0.04259 0.59353 0.11379 
386	4	0.00047 0.01934 0.07602 0.04329 0.10122 0.27728 0.48217 0.00023 
387	4	0.00027 0.01081 0.10727 0.06703 0.09232 0.29307 0.42879 0.00045 
388	4	0.00024 0.00304 0.06517 0.04947 0.04955 0.22449 0.60720 0.00085 
389	4	0.00007 0.00070 0.02383 0.02458 0.07749 0.21115 0.66146 0.00072 
390	4	0.00035 0.02335 0.10142 0.05916 0.14875 0.32233 0.34417 0.00048 
391	4	0.00006 0.01161 0.02630 0.04660 0.19195 0.22540 0.49790 0.00018 
392	4	0.00061 0.01243 0.07094 0.05593 0.10588 0.19492 0.47906 0.08024 
393	4	0.00058 0.01885 0.02395 0.04271 0.21505 0.16118 0.51528 0.02239 
394	4	0.00075 0.01336 0.08397 0.06103 0.09480 0.18828 0.42854 0.12927 
395	4	0.00078 0.01389 0.09969 0.06793 0.13676 0.24339 0.32766 0.10989 
396	4	0.00015 0.00137 0.05965 0.09289 0.21662 0.21028 0.27186 0.14718 
397	4	0.00045 0.02022 0.13298 0.08638 0.08953 0.15392 0.40160 0.11492 
398	4	0.00002 0.00394 0.06853 0.06306 0.07651 0.12485 0.66176 0.00133 
399	4	0.00019 0.01278 0.01733 0.01218 0.01495 0.06183 0.72629 0.15444 
400	5	0.00763 0.07163 0.04365 0.03612 0.05135 0.25883 0.52971 0.00108 
401	5	0.00063 0.06342 0.04986 0.03659 0.03983 0.30878 0.49645 0.00443 
402	5	0.00069 0.06269 0.10243 0.05812 0.04712 0.32951 0.39702 0.00241 
403	5	0.00531 0.10027 0.06927 0.04268 0.03105 0.34087 0.41019 0.00035 
404	5	0.00281 0.09641 0.07310 0.05600 0.05235 0.41350 0.30570 0.00012 
405	5	0.00950 0.09169 0.06728 0.03875 0.03097 0.41127 0.34878 0.00176 
406	5	0.00374 0.03929 0.01932 0.01839 0.03114 0.39060 0.49690 0.00061 
407	5	0.00025 0.02993 0.02094 0.02277 0.02692 0.31171 0.58642 0.00108 
408	5	0.01036 0.02866 0.01996 0.02386 0.04193 0.35343 0.52128 0.00053 
409	5	0.00899 0.03021 0.02122 0.02496 0.03384 0.45179 0.42892 0.00006 
410	5	0.00582 0.13969 0.08891 0.07001 0.25231 0.44114 0.00144 0.00068 
411	5	0.00633 0.02894 0.02068 0.02529 0.03347 0.45711 0.42803 0.00015 
412	5	0.00202 0.10012 0.06894 0.05017 0.14812 0.61746 0.01255 0.00061 
413	5	0.00213 0.03165 0.02410 0.02765 0.04616 0.56957 0.29874 0.00001 
414	5	0.00308 0.06587 0.04991 0.05245 0.22712 0.58874 0.01193 0.00091 
415	5	0.00049 0.05788 0.03937 0.04081 0.30052 0.55619 0.00452 0.00022 
416	5	0.00031 0.03459 0.02331 0.02439 0.22978 0.67021 0.01721 0.00021 
417	5	0.00260 0.09138 0.05181 0.04075 0.09530 0.20602 0.47507 0.03706 
418	5	0.00440 0.12482 0.06807 0.04541 0.12935 0.59696 0.03084 0.00015 
419	5	0.01150 0.02973 0.01570 0.02436 0.06290 0.53342 0.32234 0.00005 
420	5	0.00614 0.03108 0.02531 0.02605 0.02937 0.26312 0.60384 0.01508 
421	5	0.00532 0.06373 0.04922 0.03494 0.06086 0.58281 0.20301 0.00009 
422	5	0.00290 0.08225 0.04138 0.04000 0.20825 0.61273 0.01213 0.00036 
423	5	0.00473 0.05652 0.08970 0.05050 0.05533 0.43070 0.31247 0.00005 
424	5	0.00052 0.03038 0.02678 0.02294 0.02779 0.32132 0.52592 0.04435 
425	5	0.00028 0.02984 0.03338 0.03514 0.07980 0.71991 0.10160 0.00006 
426	5	0.01764 0.03144 0.02267 0.03255 0.23617 0.64405 0.01541 0.00007 
427	5	0.00035 0.03462 0.02757 0.02991 0.17809 0.67993 0.04910 0.00044 
428	5	0.00509 0.08580 0.06785 0.05233 0.12115 0.62601 0.04158 0.00019 
429	5	0.00043 0.03171 0.03458 0.02970 0.17941 0.64425 0.07985 0.00007 
430	5	0.00547 0.03093 0.01961 0.02257 0.04021 0.34043 0.53224 0.00853 
431	5	0.00313 0.05689 0.05085 0.05151 0.14561 0.63073 0.06118 0.00010 
432	5	0.00210 0.06873 0.04727 0.04609 0.09492 0.48641 0.25424 0.00024 
433	5	0.00299 0.05093 0.08900 0.06348 0.06377 0.23245 0.49734 0.00003 
434	5	0.01529 0.03451 0.01823 0.03222 0.09896 0.68457 0.11591 0.00032 
435	5	0.00109 0.03628 0.02132 0.02632 0.05217 0.39010 0.47258 0.00014 
436	5	0.00017 0.00292 0.04092 0.02805 0.04763 0.48157 0.39848 0.00027 
437	5	0.00008 0.06059 0.08525 0.05085 0.10066 0.44406 0.25742 0.00109 
438	5	0.00721 0.03262 0.02283 0.03135 0.06946 0.50860 0.32722 0.00071 
439	5	0.00961 0.02823 0.01538 0.02307 0.04359 0.67235 0.20734 0.00043 
440	5	0.02637 0.06183 0.03541 0.04659 0.10715 0.62682 0.09401 0.00181 
441	5	0.00084 0.03376 0.09734 0.05583 0.06742 0.45804 0.28543 0.00135 
442	5	0.00080 0.06774 0.03737 0.04155 0.05395 0.54502 0.25316 0.00041 
443	5	0.00027 0.02912 0.02063 0.02155 0.04159 0.58744 0.29855 0.00085 
444	5	0.00519 0.09355 0.12885 0.05670 0.06243 0.46909 0.18354 0.00065 
445	5	0.00004 0.02211 0.03820 0.02587 0.03435 0.65921 0.22000 0.00022 
446	5	0.00013 0.01839 0.03473 0.02848 0.06596 0.71586 0.13599 0.00045 
447	5	0.00613 0.03522 0.01954 0.02786 0.07069 0.64342 0.19679 0.00034 
448	5	0.00298 0.08258 0.10768 0.06755 0.05525 0.64512 0.03806 0.00077 
449	5	0.00141 0.06755 0.10207 0.06066 0.06792 0.42625 0.27394 0.00020 
450	5	0.00345 0.06965 0.08604 0.04439 0.04708 0.49613 0.25294 0.00032 
451	5	0.00217 0.07540 0.03325 0.04210 0.11650 0.62235 0.10755 0.00067 
452	5	0.00063 0.03465 0.02665 0.02578 0.08169 0.59943 0.23100 0.00017 
453	5	0.00718 0.05328 0.04285 0.03520 0.07613 0.64633 0.13868 0.00035 
454	5	0.00100 0.03718 0.02087 0.02931 0.05493 0.72919 0.12721 0.00030 
455	5	0.00420 0.08771 0.06369 0.05298 0.05460 0.58165 0.15477 0.00039 
456	5	0.00173 0.04963 0.09490 0.04815 0.05205 0.62562 0.12729 0.00064 
457	5	0.00022 0.06383 0.03567 0.03284 0.03376 0.67067 0.16250 0.00051 
458	5	0.00393 0.06109 0.03170 0.03504 0.05743 0.60278 0.20794 0.00010 
459	5	0.00101 0.05297 0.04511 0.03643 0.06457 0.64812 0.15121 0.00059 
460	5	0.00056 0.05108 0.05338 0.04399 0.05973 0.62193 0.16844 0.00090 
461	5	0.00235 0.03363 0.01537 0.01730 0.01782 0.18813 0.72490 0.00051 
462	5	0.00054 0.01893 0.07550 0.04572 0.03210 0.14474 0.68229 0.00019 
463	5	0.00088 0.06761 0.07042 0.05298 0.04099 0.16753 0.59911 0.00047 
464	5	0.01181 0.02350 0.01728 0.01702 0.01826 0.19118 0.72058 0.00039 
465	5	0.00062 0.05090 0.07939 0.05015 0.03867 0.15082 0.62897 0.00047 
466	5	0.00473 0.04492 0.10388 0.04822 0.05485 0.07651 0.66668 0.00021 
467	5	0.00220 0.05616 0.10494 0.04558 0.03610 0.08098 0.67225 0.00178 
468	5	0.00473 0.03723 0.01754 0.01595 0.01371 0.16547 0.74516 0.00022 
469	5	0.00091 0.05611 0.05719 0.03976 0.02908 0.07550 0.74135 0.00010 
470	5	0.00533 0.04074 0.01768 0.01816 0.01483 0.16019 0.74302 0.00004 
471	5	0.00259 0.02798 0.01935 0.02152 0.01961 0.12024 0.78860 0.00011 
472	5	0.00171 0.02217 0.06277 0.04780 0.03350 0.07863 0.75298 0.00044 
473	5	0.00119 0.08172 0.05489 0.05719 0.04722 0.10087 0.65635 0.00057 
474	5	0.00353 0.05903 0.07766 0.05107 0.03610 0.14698 0.62522 0.00041 
475	5	0.00718 0.02883 0.02097 0.01674 0.01714 0.19854 0.71043 0.00015 
476	5	0.00011 0.03079 0.02933 0.01944 0.01779 0.22519 0.67729 0.00006 
477	5	0.00009 0.03024 0.02360 0.01875 0.01893 0.05267 0.80282 0.05291 
478	5	0.01004 0.02497 0.01487 0.01905 0.01945 0.15612 0.75449 0.00101 
479	5	0.00316 0.04279 0.08359 0.05427 0.04105 0.09519 0.67921 0.00074 
480	5	0.00142 0.03073 0.07013 0.03147 0.02542 0.08952 0.75063 0.00068 
481	5	0.00419 0.06639 0.08971 0.05788 0.04015 0.07912 0.66117 0.00140 
482	5	0.00018 0.04652 0.09024 0.05390 0.05081 0.06163 0.69399 0.00271 
483	5	0.00148 0.04020 0.01817 0.01698 0.01448 0.07292 0.83452 0.00125 
484	5	0.00019 0.04845 0.04965 0.03003 0.02872 0.09638 0.74461 0.00198 
485	5	0.00034 0.00418 0.04438 0.02025 0.02351 0.05959 0.84675 0.00099 
486	5	0.00030 0.05530 0.03442 0.02908 0.02092 0.06027 0.79828 0.00142 
487	5	0.00027 0.02407 0.07040 0.03732 0.03875 0.07240 0.75456 0.00224 
488	5	0.00336 0.04794 0.11034 0.04460 0.03502 0.06850 0.68689 0.00335 
489	5	0.00021 0.02371 0.05922 0.03961 0.04001 0.05029 0.78222 0.00473 
490	5	0.00009 0.03720 0.01807 0.01461 0.01976 0.05263 0.85646 0.00118 
491	5	0.00385 0.06574 0.04306 0.03883 0.02808 0.09489 0.72264 0.00290 
492	5	0.00256 0.03408 0.08549 0.05530 0.03507 0.17078 0.61259 0.00414 
493	5	0.00042 0.06172 0.07873 0.05645 0.04125 0.09208 0.66685 0.00250 
494	5	0.00192 0.07162 0.06456 0.05672 0.04493 0.12566 0.63322 0.00137 
495	5	0.00073 0.00984 0.05485 0.04320 0.04652 0.18485 0.65579 0.00422 
496	5	0.00881 0.04356 0.04131 0.03238 0.02981 0.18041 0.66221 0.00152 
497	5	0.01271 0.16993 0.14411 0.09408 0.06328 0.16369 0.34455 0.00765 
498	5	0.00607 0.13436 0.14756 0.09508 0.06750 0.13955 0.40119 0.00870 
499	5	0.00314 0.10976 0.10393 0.07810 0.03952 0.14367 0.51844 0.00345 
500	6	0.00027 0.02940 0.08311 0.31030 0.17724 0.31317 0.08650 0.00001 
501	6	0.00013 0.03978 0.06733 0.30792 0.23856 0.34611 0.00017 0.00001 
502	6	0.00043 0.04256 0.06142 0.28241 0.21118 0.38685 0.01515 0.00001 
503	6	0.00082 0.04151 0.05534 0.23704 0.22130 0.38618 0.05780 0.00002 
504	6	0.00092 0.02795 0.02660 0.15109 0.24013 0.21493 0.30598 0.03241 
505	6	0.00038 0.00454 0.02808 0.09490 0.27302 0.25932 0.31348 0.02628 
506	6	0.00204 0.03955 0.05125 0.27316 0.22257 0.36600 0.04539 0.00004 
507	6	0.00400 0.07153 0.20630 0.35336 0.36471 0.00009 0.00000 0.00000 
508	6	0.00403 0.08651 0.24175 0.33137 0.33604 0.00025 0.00004 0.00001 
509	6	0.00031 0.01169 0.04699 0.45470 0.46608 0.02021 0.00002 0.00001 
510	6	0.00018 0.01544 0.06570 0.12757 0.45910 0.33190 0.00011 0.00001 
511	6	0.00071 0.01961 0.11166 0.12425 0.38570 0.35800 0.00006 0.00001 
512	6	0.00003 0.00968 0.06846 0.06026 0.36864 0.38873 0.10408 0.00012 
513	6	0.00003 0.02278 0.06998 0.31006 0.35531 0.24136 0.00047 0.00002 
514	6	0.00002 0.00098 0.01700 0.08297 0.20157 0.29012 0.40595 0.00139 
515	6	0.00058 0.00774 0.03463 0.31241 0.58989 0.05467 0.00006 0.00001 
516	6	0.00015 0.00272 0.03002 0.03884 0.24719 0.38018 0.30086 0.00003 
517	6	0.00022 0.01416 0.09130 0.29169 0.23828 0.33905 0.02530 0.00001 
518	6	0.00021 0.01354 0.05852 0.19350 0.32221 0.39596 0.01605 0.00001 
519	6	0.00015 0.01262 0.07181 0.07096 0.47249 0.37117 0.00079 0.00002 
520	6	0.00018 0.01777 0.09208 0.35634 0.47087 0.06256 0.00018 0.00001 
521	6	0.00030 0.01853 0.06730 0.35999 0.48632 0.06743 0.00011 0.00002 
522	6	0.00246 0.05324 0.17161 0.41640 0.35596 0.00028 0.00003 0.00001 
523	6	0.00038 0.02492 0.18983 0.45770 0.30885 0.01826 0.00005 0.00001 
524	6	0.00088 0.02610 0.11016 0.37925 0.34805 0.13537 0.00017 0.00001 
525	6	0.00023 0.00775 0.06748 0.17316 0.45855 0.29269 0.00012 0.00002 
526	6	0.00025 0.00021 0.03172 0.20805 0.44293 0.31646 0.00032 0.00005 
527	6	0.00024 0.00638 0.06637 0.26628 0.42534 0.23525 0.00012 0.00001 
528	6	0.00012 0.01538 0.06003 0.11142 0.12382 0.19726 0.44564 0.04633 
529	6	0.00008 0.00011 0.02477 0.06121 0.33589 0.25960 0.31801 0.00033 
530	6	0.00038 0.01230 0.07472 0.21016 0.41510 0.24655 0.04078 0.00001 
531	6	0.00130 0.03886 0.07627 0.31824 0.42178 0.14338 0.00016 0.00002 
532	6	0.00004 0.00381 0.03656 0.05996 0.27376 0.27179 0.33816 0.01592 
533	6	0.00079 0.01555 0.06882 0.13270 0.28993 0.39572 0.09645 0.00004 
534	6	0.00120 0.02232 0.09233 0.21796 0.27565 0.38850 0.00203 0.00001 
535	6	0.00013 0.00396 0.05961 0.12373 0.20544 0.21342 0.37243 0.02128 
536	6	0.00021 0.00837 0.08603 0.12345 0.34634 0.38012 0.05549 0.00001 
537	6	0.00008 0.00543 0.07910 0.10076 0.22265 0.28125 0.31071 0.00003 
538	6	0.00139 0.01915 0.08043 0.15665 0.25578 0.35930 0.12730 0.00001 
539	6	0.00030 0.00362 0.03694 0.13631 0.18889 0.20785 0.40606 0.02004 
540	6	0.00035 0.00061 0.00801 0.03501 0.25706 0.30244 0.34742 0.04909 
541	6	0.00031 0.00751 0.04026 0.35014 0.31689 0.28482 0.00006 0.00001 
542	6	0.00057 0.01321 0.11142 0.20727 0.20316 0.39823 0.06614 0.00000 
543	6	0.00038 0.00706 0.09343 0.23428 0.35519 0.30085 0.00878 0.00002 
544	6	0.00022 0.00054 0.01201 0.03611 0.16126 0.36759 0.42022 0.00205 
545	6	0.00045 0.00466 0.06741 0.28368 0.29389 0.34938 0.00050 0.00005 
546	6	0.00020 0.02815 0.13257 0.22313 0.28260 0.33334 0.00001 0.00000 
547	6	0.00018 0.01047 0.08120 0.13346 0.15575 0.25485 0.34430 0.01980 
548	6	0.00013 0.00273 0.04397 0.20382 0.32785 0.41774 0.00376 0.00001 
549	6	0.00030 0.01444 0.06385 0.33005 0.46622 0.12507 0.00005 0.00002 
550	6	0.00035 0.02657 0.09042 0.45024 0.35295 0.07945 0.00002 0.00001 
551	6	0.00143 0.02930 0.09534 0.30067 0.36753 0.20548 0.00024 0.00002 
552	6	0.00025 0.05119 0.17959 0.34906 0.37589 0.04392 0.00010 0.00001 
553	6	0.00018 0.02216 0.10789 0.25964 0.23667 0.30829 0.06516 0.00002 
554	6	0.00007 0.00561 0.05085 0.20146 0.27476 0.45451 0.01272 0.00002 
555	6	0.00009 0.00325 0.04561 0.05643 0.25592 0.26246 0.37587 0.00037 
556	6	0.00009 0.00339 0.04959 0.10982 0.19885 0.22642 0.36637 0.04546 
557	6	0.00047 0.00331 0.02698 0.19058 0.26568 0.45288 0.06009 0.00001 
558	6	0.00010 0.01891 0.11293 0.39466 0.47305 0.00026 0.00007 0.00001 
559	6	0.00020 0.00604 0.04076 0.35310 0.42857 0.17123 0.00009 0.00001 
560	6	0.00041 0.05114 0.30572 0.48507 0.15754 0.00005 0.00004 0.00001 
561	6	0.00017 0.02128 0.04966 0.15469 0.18108 0.20305 0.36985 0.02023 
562	6	0.00019 0.04173 0.13396 0.35254 0.40358 0.06783 0.00014 0.00003 
563	6	0.00030 0.03781 0.11589 0.34462 0.29803 0.20326 0.00008 0.00001 
