1400	14	16
0	1	0.00000 0.00000 0.00874 0.00000 0.00000 0.02679 0.00000 0.00000 0.36727 0.00000 0.13300 0.00000 0.46395 0.00000 0.00000 0.00025 
1	1	0.00000 0.00000 0.00007 0.00175 0.00000 0.00151 0.00000 0.03973 0.07562 0.00000 0.44097 0.00000 0.10458 0.33577 0.00000 0.00000 
2	1	0.00002 0.00000 0.00068 0.00231 0.00000 0.00174 0.00000 0.03947 0.06845 0.00000 0.39154 0.00000 0.08854 0.40724 0.00000 0.00002 
3	1	0.00004 0.00000 0.00153 0.00000 0.00092 0.00000 0.02251 0.00000 0.04013 0.51366 0.00000 0.10979 0.00000 0.31142 0.00000 0.00001 
4	1	0.00003 0.00000 0.00118 0.00000 0.00059 0.00000 0.01246 0.00000 0.00000 0.05221 0.00000 0.57787 0.00000 0.09711 0.00000 0.25857 
5	1	0.00006 0.00000 0.00143 0.00000 0.00114 0.00000 0.02624 0.00000 0.07184 0.34556 0.00000 0.10463 0.00000 0.44909 0.00000 0.00002 
6	1	0.00001 0.00000 0.00024 0.00000 0.00166 0.00000 0.00089 0.00000 0.04239 0.07618 0.00000 0.49877 0.00000 0.07585 0.00000 0.30402 
7	1	0.00001 0.00000 0.00008 0.00183 0.00000 0.00120 0.00000 0.02608 0.05773 0.00000 0.42574 0.00000 0.09434 0.39297 0.00000 0.00003 
8	1	0.00000 0.00000 0.00004 0.00021 0.00225 0.00000 0.00185 0.00000 0.05379 0.06620 0.48114 0.00000 0.06663 0.00000 0.32789 0.00002 
9	1	0.00000 0.00000 0.00004 0.00210 0.00000 0.00294 0.00000 0.03401 0.05244 0.00000 0.47525 0.00000 0.08203 0.35115 0.00000 0.00003 
10	1	0.00001 0.00000 0.00025 0.00012 0.00085 0.00000 0.00201 0.00000 0.02282 0.06788 0.33592 0.00000 0.08938 0.00000 0.48036 0.00040 
11	1	0.00019 0.00000 0.00000 0.03266 0.00000 0.00000 0.07298 0.00000 0.00000 0.44600 0.00000 0.00000 0.08494 0.00000 0.00000 0.36323 
12	1	0.00004 0.00000 0.02349 0.00000 0.00000 0.06869 0.00000 0.00000 0.43286 0.00000 0.08702 0.00000 0.38787 0.00000 0.00000 0.00003 
13	1	0.00641 0.00000 0.00000 0.00000 0.03815 0.00000 0.00000 0.00000 0.45827 0.00000 0.00000 0.09408 0.00000 0.00000 0.00000 0.40308 
14	1	0.00000 0.00000 0.03624 0.00000 0.00000 0.06283 0.00000 0.00000 0.50533 0.00000 0.08295 0.00000 0.31256 0.00000 0.00000 0.00009 
15	1	0.00017 0.00000 0.00072 0.00000 0.02555 0.00000 0.07919 0.00000 0.00000 0.53177 0.00000 0.08833 0.00000 0.27424 0.00000 0.00003 
16	1	0.00030 0.00000 0.00088 0.00000 0.00000 0.03014 0.00000 0.00000 0.07765 0.00000 0.54408 0.00000 0.09160 0.00000 0.00000 0.25535 
17	1	0.00001 0.00000 0.00033 0.00000 0.00035 0.00000 0.02605 0.00000 0.00000 0.06074 0.00000 0.48126 0.00000 0.09676 0.00000 0.33450 
18	1	0.00001 0.00000 0.00099 0.00000 0.00108 0.00000 0.01347 0.00000 0.00000 0.05106 0.00000 0.45607 0.00000 0.12113 0.00000 0.35618 
19	1	0.00002 0.00000 0.00072 0.00000 0.00040 0.00000 0.01874 0.00000 0.05006 0.59030 0.00000 0.09007 0.00000 0.24962 0.00000 0.00007 
20	1	0.00001 0.00000 0.00006 0.00106 0.00000 0.00101 0.00000 0.01697 0.03888 0.00000 0.42312 0.00000 0.10074 0.41808 0.00000 0.00008 
21	1	0.00006 0.00000 0.00140 0.00000 0.00097 0.00000 0.02202 0.00000 0.06841 0.51545 0.00000 0.07658 0.00000 0.31508 0.00000 0.00003 
22	1	0.00007 0.00000 0.00259 0.00000 0.00200 0.00000 0.04158 0.00000 0.07455 0.46528 0.00000 0.10010 0.00000 0.31383 0.00000 0.00002 
23	1	0.00002 0.00000 0.00016 0.00202 0.00000 0.00201 0.00000 0.04510 0.11085 0.00000 0.45681 0.00000 0.11293 0.27009 0.00000 0.00001 
24	1	0.00000 0.00000 0.00012 0.00138 0.00000 0.00133 0.00000 0.02149 0.05107 0.00000 0.45028 0.00000 0.07908 0.39523 0.00000 0.00000 
25	1	0.00001 0.00000 0.00005 0.00000 0.00128 0.00000 0.00156 0.00000 0.05252 0.07664 0.00000 0.54946 0.00000 0.09457 0.00000 0.22390 
26	1	0.00000 0.00000 0.00004 0.00023 0.00281 0.00000 0.00262 0.00000 0.02512 0.08972 0.51759 0.00000 0.09274 0.00000 0.26908 0.00005 
27	1	0.00002 0.00000 0.00203 0.00000 0.00250 0.00000 0.03859 0.00000 0.07040 0.43613 0.00000 0.11572 0.00000 0.33447 0.00000 0.00014 
28	1	0.00000 0.00000 0.00017 0.00000 0.00017 0.00000 0.02221 0.00000 0.00000 0.08439 0.00000 0.45399 0.00000 0.07948 0.00000 0.35960 
29	1	0.00001 0.00000 0.00021 0.00178 0.00000 0.00200 0.00000 0.04699 0.08135 0.00000 0.56363 0.00000 0.08898 0.21499 0.00000 0.00007 
30	1	0.00001 0.00000 0.00020 0.00048 0.00000 0.00176 0.00000 0.00197 0.05620 0.00000 0.07060 0.00000 0.44126 0.06935 0.00000 0.35818 
31	1	0.00001 0.00000 0.00048 0.00000 0.00034 0.00000 0.01299 0.00000 0.02286 0.53173 0.00000 0.08117 0.00000 0.35036 0.00000 0.00007 
32	1	0.00000 0.00000 0.00002 0.00000 0.00048 0.00000 0.00025 0.00000 0.00988 0.02268 0.00000 0.65705 0.00000 0.09881 0.00000 0.21083 
33	1	0.00003 0.00000 0.00084 0.00000 0.00045 0.00000 0.01771 0.00000 0.02739 0.43363 0.00000 0.08302 0.00000 0.43686 0.00000 0.00008 
34	1	0.00000 0.00000 0.00005 0.00081 0.00000 0.00157 0.00000 0.03169 0.05685 0.00000 0.42938 0.00000 0.09668 0.38289 0.00000 0.00008 
35	1	0.00005 0.00000 0.00090 0.00000 0.00076 0.00000 0.01977 0.00000 0.04245 0.51303 0.00000 0.08471 0.00000 0.33834 0.00000 0.00001 
36	1	0.00000 0.00000 0.00005 0.00085 0.00000 0.00058 0.00000 0.02401 0.04798 0.00000 0.53995 0.00000 0.08942 0.29711 0.00000 0.00004 
37	1	0.00000 0.00000 0.00001 0.00011 0.00000 0.00585 0.00000 0.05737 0.05371 0.00000 0.41913 0.00000 0.28530 0.16569 0.00000 0.01282 
38	1	0.00000 0.00000 0.00000 0.00005 0.00000 0.00321 0.00000 0.05730 0.10257 0.00000 0.32421 0.00000 0.30008 0.19624 0.00000 0.01634 
39	1	0.00001 0.00000 0.00003 0.00017 0.00097 0.00000 0.00704 0.00000 0.06809 0.05978 0.29070 0.00000 0.44787 0.00000 0.11693 0.00842 
40	1	0.00004 0.00000 0.00188 0.00000 0.03075 0.00000 0.02205 0.00000 0.00000 0.27450 0.00000 0.62353 0.00000 0.04627 0.00000 0.00097 
41	1	0.00000 0.00000 0.00005 0.00000 0.00111 0.00000 0.06039 0.00000 0.11602 0.48390 0.00000 0.27968 0.00000 0.05325 0.00000 0.00560 
42	1	0.00007 0.00000 0.00755 0.00000 0.14629 0.00000 0.14640 0.00000 0.00000 0.32535 0.00000 0.29836 0.00000 0.06843 0.00000 0.00756 
43	1	0.00005 0.00000 0.00587 0.00000 0.07073 0.00000 0.06123 0.00000 0.00000 0.35577 0.00000 0.42625 0.00000 0.07085 0.00000 0.00925 
44	1	0.00002 0.00000 0.00019 0.00000 0.00261 0.00000 0.03602 0.00000 0.04100 0.46244 0.00000 0.41658 0.00000 0.03785 0.00000 0.00329 
45	1	0.00003 0.00000 0.00065 0.00261 0.00000 0.01339 0.00000 0.05476 0.13545 0.00000 0.42098 0.00000 0.30855 0.05736 0.00000 0.00621 
46	1	0.00003 0.00000 0.00021 0.00000 0.00722 0.00000 0.05985 0.00000 0.08217 0.35004 0.00000 0.39508 0.00000 0.09598 0.00000 0.00941 
47	1	0.00001 0.00000 0.00002 0.00009 0.00000 0.00266 0.00000 0.05117 0.04923 0.00000 0.35747 0.00000 0.33893 0.17809 0.00000 0.02234 
48	1	0.00003 0.00000 0.00130 0.00000 0.03963 0.00000 0.04858 0.00000 0.00000 0.39236 0.00000 0.37275 0.00000 0.13213 0.00000 0.01322 
49	1	0.00001 0.00000 0.00026 0.00000 0.00653 0.00000 0.06128 0.00000 0.06500 0.26600 0.00000 0.27080 0.00000 0.29701 0.00000 0.03311 
50	1	0.00001 0.00000 0.00010 0.00021 0.00000 0.00551 0.00000 0.05047 0.07075 0.00000 0.30578 0.00000 0.28532 0.26249 0.00000 0.01938 
51	1	0.00028 0.00000 0.00778 0.00000 0.04409 0.00000 0.04322 0.00000 0.00000 0.48355 0.00000 0.21986 0.00000 0.19001 0.00000 0.01122 
52	1	0.00001 0.00000 0.00001 0.00015 0.00000 0.00652 0.00000 0.07841 0.09453 0.00000 0.45521 0.00000 0.24403 0.10177 0.00000 0.01938 
53	1	0.00001 0.00000 0.00004 0.00015 0.00057 0.00000 0.01062 0.00000 0.04797 0.05361 0.23495 0.00000 0.17900 0.00000 0.46006 0.01301 
54	1	0.00000 0.00000 0.00030 0.00000 0.02454 0.00000 0.03579 0.00000 0.00000 0.46248 0.00000 0.41196 0.00000 0.05829 0.00000 0.00664 
55	1	0.00017 0.00000 0.01478 0.00000 0.00000 0.01137 0.00000 0.00000 0.52308 0.00000 0.37752 0.00000 0.06606 0.00000 0.00000 0.00703 
56	1	0.00001 0.00000 0.00003 0.00000 0.00113 0.00000 0.04223 0.00000 0.05020 0.40022 0.00000 0.28629 0.00000 0.21366 0.00000 0.00623 
57	1	0.00004 0.00000 0.00040 0.00000 0.00547 0.00000 0.00643 0.00000 0.00000 0.08260 0.00000 0.18845 0.00000 0.71004 0.00000 0.00657 
58	1	0.00000 0.00000 0.00000 0.00012 0.00000 0.00984 0.00000 0.05512 0.02581 0.00000 0.22394 0.00000 0.21507 0.44098 0.00000 0.02912 
59	1	0.00023 0.00000 0.01154 0.00000 0.06570 0.00000 0.02477 0.00000 0.00000 0.14225 0.00000 0.20617 0.00000 0.53375 0.00000 0.01559 
60	1	0.00001 0.00000 0.00019 0.00000 0.00133 0.00000 0.02191 0.00000 0.01327 0.27353 0.00000 0.42293 0.00000 0.25690 0.00000 0.00995 
61	1	0.00011 0.00000 0.01568 0.00000 0.00000 0.00464 0.00000 0.00000 0.28339 0.00000 0.30248 0.00000 0.38328 0.00000 0.00000 0.01042 
62	1	0.00003 0.00000 0.00038 0.00000 0.01529 0.00000 0.01339 0.00000 0.00000 0.16141 0.00000 0.14420 0.00000 0.65741 0.00000 0.00790 
63	1	0.00000 0.00000 0.00007 0.00025 0.00000 0.00097 0.00000 0.03207 0.02803 0.00000 0.20330 0.00000 0.15846 0.55947 0.00000 0.01739 
64	1	0.00002 0.00000 0.00086 0.00000 0.03475 0.00000 0.03086 0.00000 0.00000 0.22709 0.00000 0.38627 0.00000 0.31257 0.00000 0.00757 
65	1	0.00001 0.00000 0.00022 0.00000 0.00499 0.00000 0.03570 0.00000 0.03478 0.40845 0.00000 0.21301 0.00000 0.27996 0.00000 0.02288 
66	1	0.00003 0.00000 0.00018 0.00000 0.00206 0.00000 0.03511 0.00000 0.02154 0.43565 0.00000 0.33420 0.00000 0.16333 0.00000 0.00790 
67	1	0.00000 0.00000 0.00001 0.00006 0.00000 0.00277 0.00000 0.04647 0.02310 0.00000 0.31524 0.00000 0.23136 0.36978 0.00000 0.01122 
68	1	0.00000 0.00000 0.00000 0.00001 0.00000 0.00034 0.00000 0.00749 0.02308 0.00000 0.16224 0.00000 0.22669 0.56971 0.00000 0.01043 
69	1	0.00001 0.00000 0.00153 0.00000 0.00718 0.00000 0.04123 0.00000 0.03437 0.28270 0.00000 0.36733 0.00000 0.25116 0.00000 0.01449 
70	1	0.00000 0.00000 0.00003 0.00000 0.00053 0.00000 0.03445 0.00000 0.02495 0.26992 0.00000 0.15753 0.00000 0.48470 0.00000 0.02789 
71	1	0.00000 0.00000 0.00002 0.00000 0.00097 0.00000 0.04549 0.00000 0.05373 0.29243 0.00000 0.26152 0.00000 0.32728 0.00000 0.01857 
72	1	0.00001 0.00000 0.00010 0.00182 0.00000 0.02277 0.00000 0.08836 0.05983 0.00000 0.37119 0.00000 0.25326 0.19302 0.00000 0.00965 
73	1	0.00002 0.00000 0.00009 0.00000 0.00356 0.00000 0.03826 0.00000 0.04329 0.37228 0.00000 0.22542 0.00000 0.29283 0.00000 0.02426 
74	1	0.00000 0.00000 0.00001 0.00011 0.00000 0.00499 0.00000 0.06579 0.04218 0.00000 0.33074 0.00000 0.23213 0.30297 0.00000 0.02109 
75	1	0.00007 0.00000 0.02036 0.00000 0.00000 0.01481 0.00000 0.00000 0.19903 0.00000 0.26845 0.00000 0.49265 0.00000 0.00000 0.00463 
76	1	0.00000 0.00000 0.00000 0.00002 0.00000 0.00276 0.00000 0.03845 0.03510 0.00000 0.33348 0.00000 0.23835 0.33158 0.00000 0.02025 
77	1	0.00000 0.00000 0.00000 0.00014 0.00000 0.00347 0.00000 0.04709 0.02308 0.00000 0.34130 0.00000 0.27570 0.29022 0.00000 0.01899 
78	1	0.00000 0.00000 0.00001 0.00007 0.00000 0.00397 0.00000 0.05213 0.05614 0.00000 0.46363 0.00000 0.19740 0.19845 0.00000 0.02818 
79	1	0.00000 0.00000 0.00001 0.00006 0.00000 0.00182 0.00000 0.06452 0.08267 0.00000 0.50234 0.00000 0.24269 0.08912 0.00000 0.01677 
80	1	0.00001 0.00000 0.00003 0.00000 0.00341 0.00000 0.04959 0.00000 0.02688 0.30099 0.00000 0.30720 0.00000 0.29258 0.00000 0.01932 
81	1	0.00001 0.00000 0.00001 0.00012 0.00000 0.01074 0.00000 0.06720 0.05544 0.00000 0.42332 0.00000 0.16959 0.25850 0.00000 0.01507 
82	1	0.00015 0.00000 0.00357 0.00000 0.03929 0.00000 0.03580 0.00000 0.00000 0.32346 0.00000 0.32731 0.00000 0.24433 0.00000 0.02608 
83	1	0.00000 0.00000 0.00001 0.00000 0.00253 0.00000 0.02334 0.00000 0.01005 0.27560 0.00000 0.31200 0.00000 0.36757 0.00000 0.00890 
84	1	0.00002 0.00000 0.00059 0.00000 0.01604 0.00000 0.01743 0.00000 0.00000 0.14693 0.00000 0.28211 0.00000 0.51909 0.00000 0.01779 
85	1	0.00001 0.00000 0.00001 0.00008 0.00000 0.00085 0.00000 0.02494 0.03707 0.00000 0.21355 0.00000 0.29079 0.42461 0.00000 0.00809 
86	1	0.00000 0.00000 0.00001 0.00011 0.00015 0.00000 0.00079 0.00000 0.02831 0.03889 0.33296 0.00000 0.33818 0.00000 0.23361 0.02697 
87	1	0.00000 0.00000 0.00001 0.00017 0.00000 0.02088 0.00000 0.10540 0.10642 0.00000 0.13504 0.00000 0.25599 0.35636 0.00000 0.01974 
88	1	0.00002 0.00000 0.00013 0.00000 0.01583 0.00000 0.08316 0.00000 0.07220 0.33570 0.00000 0.16555 0.00000 0.30986 0.00000 0.01755 
89	1	0.00000 0.00000 0.00011 0.00092 0.00000 0.00591 0.00000 0.05841 0.03744 0.00000 0.39238 0.00000 0.17103 0.31018 0.00000 0.02361 
90	1	0.00001 0.00000 0.00010 0.00000 0.01755 0.00000 0.01089 0.00000 0.00000 0.17262 0.00000 0.34940 0.00000 0.44097 0.00000 0.00846 
91	1	0.00002 0.00000 0.00023 0.00000 0.01142 0.00000 0.06021 0.00000 0.04806 0.40469 0.00000 0.24901 0.00000 0.21397 0.00000 0.01240 
92	1	0.00004 0.00000 0.00016 0.00000 0.00205 0.00000 0.04133 0.00000 0.08759 0.49344 0.00000 0.19296 0.00000 0.15832 0.00000 0.02411 
93	1	0.00001 0.00000 0.00006 0.00081 0.00000 0.01148 0.00000 0.07502 0.07692 0.00000 0.29690 0.00000 0.16391 0.35015 0.00000 0.02474 
94	1	0.00001 0.00000 0.00003 0.00179 0.00000 0.00802 0.00000 0.06042 0.03924 0.00000 0.39961 0.00000 0.17657 0.29613 0.00000 0.01816 
95	1	0.00001 0.00000 0.00018 0.00000 0.01188 0.00000 0.08917 0.00000 0.04679 0.29022 0.00000 0.23915 0.00000 0.30438 0.00000 0.01822 
96	1	0.00001 0.00000 0.00004 0.00036 0.00000 0.00799 0.00000 0.10861 0.04291 0.00000 0.27443 0.00000 0.32691 0.23004 0.00000 0.00871 
97	1	0.00002 0.00000 0.00005 0.00013 0.00000 0.00838 0.00000 0.07434 0.04765 0.00000 0.30609 0.00000 0.22861 0.31638 0.00000 0.01834 
98	1	0.00004 0.00000 0.00411 0.00000 0.05048 0.00000 0.05294 0.00000 0.00000 0.27422 0.00000 0.25054 0.00000 0.34028 0.00000 0.02739 
99	1	0.00002 0.00000 0.00011 0.00220 0.00000 0.01596 0.00000 0.11699 0.05460 0.00000 0.25969 0.00000 0.23818 0.29054 0.00000 0.02171 
100	2	0.00000 0.00000 0.00076 0.00000 0.00892 0.00000 0.05980 0.00000 0.00000 0.29414 0.00000 0.51498 0.00000 0.11548 0.00000 0.00591 
101	2	0.00009 0.00000 0.00127 0.01268 0.00000 0.03234 0.00000 0.14051 0.20310 0.00000 0.36874 0.00000 0.23669 0.00457 0.00000 0.00001 
102	2	0.00005 0.00000 0.00122 0.01504 0.00000 0.03938 0.00000 0.13994 0.23999 0.00000 0.26840 0.00000 0.29356 0.00239 0.00000 0.00003 
103	2	0.00000 0.00000 0.00017 0.00061 0.00000 0.01068 0.00000 0.02218 0.11607 0.00000 0.18886 0.00000 0.38280 0.27189 0.00000 0.00673 
104	2	0.00011 0.00000 0.00442 0.00000 0.01151 0.00000 0.07126 0.00000 0.24212 0.30285 0.00000 0.35131 0.00000 0.01550 0.00000 0.00092 
105	2	0.00001 0.00000 0.00101 0.00000 0.01226 0.00000 0.11197 0.00000 0.17818 0.48171 0.00000 0.19963 0.00000 0.01457 0.00000 0.00066 
106	2	0.00013 0.00000 0.00497 0.00000 0.02932 0.00000 0.19766 0.00000 0.18784 0.24941 0.00000 0.32157 0.00000 0.00910 0.00000 0.00001 
107	2	0.00000 0.00000 0.00050 0.00923 0.00000 0.03366 0.00000 0.18006 0.17136 0.00000 0.28764 0.00000 0.30784 0.00940 0.00000 0.00030 
108	2	0.00002 0.00000 0.00040 0.00236 0.00000 0.02026 0.00000 0.10281 0.16368 0.00000 0.23309 0.00000 0.46703 0.01004 0.00000 0.00032 
109	2	0.00001 0.00000 0.00185 0.01007 0.00000 0.02823 0.00000 0.09483 0.13002 0.00000 0.21147 0.00000 0.51628 0.00724 0.00000 0.00001 
110	2	0.00001 0.00000 0.00147 0.00000 0.01325 0.00000 0.03017 0.00000 0.16692 0.16754 0.00000 0.16074 0.00000 0.45690 0.00000 0.00301 
111	2	0.00003 0.00000 0.00329 0.00000 0.02349 0.00000 0.16794 0.00000 0.14507 0.35137 0.00000 0.28557 0.00000 0.02280 0.00000 0.00045 
112	2	0.00025 0.00000 0.00613 0.00000 0.12747 0.00000 0.06658 0.00000 0.00000 0.40248 0.00000 0.36202 0.00000 0.03475 0.00000 0.00032 
113	2	0.00007 0.00000 0.00317 0.00000 0.03238 0.00000 0.14240 0.00000 0.09403 0.29957 0.00000 0.41292 0.00000 0.01458 0.00000 0.00089 
114	2	0.00005 0.00000 0.00149 0.00000 0.00668 0.00000 0.13370 0.00000 0.12689 0.46056 0.00000 0.25309 0.00000 0.01685 0.00000 0.00069 
115	2	0.00017 0.00000 0.00473 0.00000 0.02828 0.00000 0.14939 0.00000 0.08002 0.28787 0.00000 0.42951 0.00000 0.01949 0.00000 0.00054 
116	2	0.00000 0.00000 0.00033 0.00600 0.00000 0.04466 0.00000 0.18650 0.11761 0.00000 0.24229 0.00000 0.37823 0.02325 0.00000 0.00113 
117	2	0.00000 0.00000 0.00089 0.00000 0.01167 0.00000 0.09204 0.00000 0.08307 0.54902 0.00000 0.24200 0.00000 0.02008 0.00000 0.00124 
118	2	0.00000 0.00000 0.00031 0.01419 0.00000 0.02333 0.00000 0.17208 0.09559 0.00000 0.28826 0.00000 0.37770 0.02781 0.00000 0.00074 
119	2	0.00003 0.00000 0.00098 0.00773 0.00000 0.02364 0.00000 0.13192 0.11525 0.00000 0.20501 0.00000 0.50492 0.01027 0.00000 0.00025 
120	2	0.00049 0.00000 0.00704 0.00000 0.02677 0.00000 0.14125 0.00000 0.10211 0.25811 0.00000 0.43055 0.00000 0.03261 0.00000 0.00107 
121	2	0.00000 0.00000 0.00062 0.00231 0.00000 0.03765 0.00000 0.16698 0.07329 0.00000 0.15504 0.00000 0.49632 0.06767 0.00000 0.00011 
122	2	0.00000 0.00000 0.00061 0.00409 0.00000 0.04939 0.00000 0.18244 0.12404 0.00000 0.18262 0.00000 0.44747 0.00895 0.00000 0.00038 
123	2	0.00004 0.00000 0.00130 0.00910 0.00000 0.05349 0.00000 0.12643 0.08460 0.00000 0.15875 0.00000 0.54160 0.02459 0.00000 0.00010 
124	2	0.00000 0.00000 0.00001 0.00065 0.00598 0.00000 0.02891 0.00000 0.11491 0.06297 0.16120 0.00000 0.57160 0.00000 0.05377 0.00001 
125	2	0.00001 0.00000 0.00064 0.00427 0.00000 0.04254 0.00000 0.18360 0.10836 0.00000 0.22605 0.00000 0.41995 0.01450 0.00000 0.00009 
126	2	0.00012 0.00000 0.00346 0.00000 0.01359 0.00000 0.16216 0.00000 0.00000 0.12693 0.00000 0.27745 0.00000 0.39230 0.00000 0.02399 
127	2	0.00013 0.00000 0.00527 0.00000 0.01861 0.00000 0.19061 0.00000 0.00000 0.21094 0.00000 0.23488 0.00000 0.32809 0.00000 0.01147 
128	2	0.00029 0.00000 0.01196 0.00000 0.03396 0.00000 0.22962 0.00000 0.00000 0.13421 0.00000 0.25620 0.00000 0.24599 0.00000 0.08777 
129	2	0.00000 0.00000 0.00033 0.00000 0.01060 0.00000 0.02364 0.00000 0.17957 0.13569 0.00000 0.30824 0.00000 0.28566 0.00000 0.05626 
130	2	0.00000 0.00000 0.00051 0.00000 0.00707 0.00000 0.03529 0.00000 0.20069 0.22614 0.00000 0.24591 0.00000 0.26483 0.00000 0.01956 
131	2	0.00001 0.00000 0.00121 0.00000 0.01510 0.00000 0.03620 0.00000 0.19724 0.14111 0.00000 0.26972 0.00000 0.32113 0.00000 0.01828 
132	2	0.00002 0.00000 0.00154 0.00000 0.01066 0.00000 0.10954 0.00000 0.00000 0.15584 0.00000 0.42748 0.00000 0.23842 0.00000 0.05651 
133	2	0.00000 0.00000 0.00055 0.00000 0.01083 0.00000 0.03147 0.00000 0.17710 0.15369 0.00000 0.26435 0.00000 0.35268 0.00000 0.00932 
134	2	0.00009 0.00000 0.00015 0.00000 0.00374 0.00000 0.02158 0.00000 0.19646 0.16187 0.00000 0.23388 0.00000 0.33426 0.00000 0.04796 
135	2	0.00038 0.00000 0.00697 0.00000 0.03150 0.00000 0.25211 0.00000 0.00000 0.16478 0.00000 0.34329 0.00000 0.18289 0.00000 0.01808 
136	2	0.00001 0.00000 0.00144 0.00000 0.01579 0.00000 0.18763 0.00000 0.00000 0.22431 0.00000 0.32048 0.00000 0.21962 0.00000 0.03073 
137	2	0.00000 0.00000 0.00007 0.00000 0.00074 0.00000 0.01636 0.00000 0.15380 0.16664 0.00000 0.22437 0.00000 0.40322 0.00000 0.03480 
138	2	0.00000 0.00000 0.00009 0.00000 0.00328 0.00000 0.02459 0.00000 0.19680 0.21822 0.00000 0.35555 0.00000 0.19803 0.00000 0.00345 
139	2	0.00003 0.00000 0.00057 0.00000 0.06795 0.00000 0.02885 0.00000 0.00000 0.06548 0.00000 0.16544 0.00000 0.33768 0.00000 0.33399 
140	2	0.00001 0.00000 0.00124 0.00000 0.01684 0.00000 0.06129 0.00000 0.21217 0.35462 0.00000 0.29714 0.00000 0.03116 0.00000 0.02553 
141	2	0.00000 0.00000 0.00002 0.00033 0.00301 0.00000 0.00619 0.00000 0.04222 0.18402 0.45862 0.00000 0.25639 0.00000 0.03512 0.01409 
142	2	0.00001 0.00000 0.00119 0.00000 0.01151 0.00000 0.07731 0.00000 0.27321 0.40696 0.00000 0.15910 0.00000 0.04671 0.00000 0.02400 
143	2	0.00001 0.00000 0.00325 0.01405 0.00000 0.10694 0.00000 0.18453 0.32974 0.00000 0.28680 0.00000 0.05257 0.02208 0.00000 0.00003 
144	2	0.00004 0.00000 0.00150 0.00493 0.00000 0.02036 0.00000 0.06366 0.16497 0.00000 0.35169 0.00000 0.32056 0.04794 0.00000 0.02435 
145	2	0.00000 0.00000 0.00093 0.00463 0.00000 0.03486 0.00000 0.06886 0.17655 0.00000 0.40272 0.00000 0.27554 0.02455 0.00000 0.01136 
146	2	0.00006 0.00000 0.00703 0.00000 0.00000 0.06982 0.00000 0.00000 0.58302 0.00000 0.27355 0.00000 0.04361 0.00000 0.00000 0.02290 
147	2	0.00000 0.00000 0.00015 0.00070 0.00000 0.01163 0.00000 0.04474 0.17944 0.00000 0.49244 0.00000 0.20905 0.04100 0.00000 0.02084 
148	2	0.00063 0.00000 0.01139 0.00000 0.06736 0.00000 0.24552 0.00000 0.00000 0.48379 0.00000 0.16218 0.00000 0.02647 0.00000 0.00266 
149	2	0.00000 0.00000 0.00022 0.00089 0.00000 0.01052 0.00000 0.08069 0.25735 0.00000 0.48216 0.00000 0.13473 0.02462 0.00000 0.00881 
150	2	0.00000 0.00000 0.00000 0.00156 0.00000 0.02945 0.00000 0.10036 0.26645 0.00000 0.50901 0.00000 0.04567 0.03873 0.00000 0.00877 
151	2	0.00006 0.00000 0.00395 0.00000 0.04746 0.00000 0.12148 0.00000 0.34295 0.45100 0.00000 0.02763 0.00000 0.00369 0.00000 0.00179 
152	2	0.00000 0.00000 0.00001 0.00058 0.00059 0.00000 0.00782 0.00000 0.02552 0.19908 0.66815 0.00000 0.07712 0.00000 0.01586 0.00527 
153	2	0.00021 0.00000 0.00529 0.00000 0.03469 0.00000 0.17773 0.00000 0.00000 0.63993 0.00000 0.11392 0.00000 0.02339 0.00000 0.00483 
154	2	0.00000 0.00000 0.00125 0.00000 0.00510 0.00000 0.19451 0.00000 0.00000 0.60408 0.00000 0.17650 0.00000 0.01378 0.00000 0.00478 
155	2	0.00044 0.00000 0.00673 0.00000 0.02574 0.00000 0.18604 0.00000 0.00000 0.65708 0.00000 0.11051 0.00000 0.01074 0.00000 0.00273 
156	2	0.00070 0.00000 0.02016 0.00000 0.05083 0.00000 0.30711 0.00000 0.00000 0.55148 0.00000 0.05929 0.00000 0.00935 0.00000 0.00109 
157	2	0.00001 0.00000 0.00005 0.00384 0.00000 0.02645 0.00000 0.11545 0.32269 0.00000 0.43564 0.00000 0.07241 0.02205 0.00000 0.00140 
158	2	0.00000 0.00000 0.00008 0.00195 0.00000 0.02069 0.00000 0.09326 0.24484 0.00000 0.54199 0.00000 0.06872 0.02693 0.00000 0.00155 
159	2	0.00000 0.00000 0.00003 0.00067 0.00000 0.01087 0.00000 0.05571 0.28617 0.00000 0.55897 0.00000 0.07248 0.01414 0.00000 0.00096 
160	2	0.00001 0.00000 0.00273 0.00000 0.03580 0.00000 0.21830 0.00000 0.00000 0.59938 0.00000 0.13786 0.00000 0.00548 0.00000 0.00043 
161	2	0.00000 0.00000 0.00257 0.00000 0.02385 0.00000 0.22868 0.00000 0.00000 0.61432 0.00000 0.12067 0.00000 0.00962 0.00000 0.00028 
162	2	0.00004 0.00000 0.00171 0.00000 0.04069 0.00000 0.06890 0.00000 0.38062 0.42534 0.00000 0.05233 0.00000 0.03017 0.00000 0.00020 
163	2	0.00001 0.00000 0.00266 0.00000 0.04999 0.00000 0.14354 0.00000 0.42486 0.30401 0.00000 0.05351 0.00000 0.02105 0.00000 0.00036 
164	2	0.00004 0.00000 0.00130 0.00000 0.04432 0.00000 0.11496 0.00000 0.27699 0.51068 0.00000 0.03537 0.00000 0.01632 0.00000 0.00002 
165	2	0.00006 0.00000 0.00070 0.00000 0.02638 0.00000 0.06929 0.00000 0.34362 0.44435 0.00000 0.09848 0.00000 0.01711 0.00000 0.00001 
166	2	0.00000 0.00000 0.00034 0.00000 0.00093 0.00000 0.03783 0.00000 0.13856 0.46017 0.00000 0.30246 0.00000 0.05225 0.00000 0.00747 
167	2	0.00000 0.00000 0.00014 0.00208 0.00000 0.06660 0.00000 0.15091 0.39396 0.00000 0.31538 0.00000 0.05502 0.01590 0.00000 0.00001 
168	2	0.00001 0.00000 0.00103 0.00000 0.01741 0.00000 0.09472 0.00000 0.36850 0.47644 0.00000 0.02908 0.00000 0.01281 0.00000 0.00000 
169	2	0.00000 0.00000 0.00027 0.00500 0.00000 0.08573 0.00000 0.16376 0.39516 0.00000 0.30037 0.00000 0.02815 0.02154 0.00000 0.00003 
170	2	0.00002 0.00000 0.00056 0.00000 0.03756 0.00000 0.07692 0.00000 0.38200 0.45010 0.00000 0.03866 0.00000 0.01416 0.00000 0.00001 
171	2	0.00039 0.00000 0.00403 0.00000 0.03970 0.00000 0.13771 0.00000 0.47259 0.30330 0.00000 0.03127 0.00000 0.01097 0.00000 0.00004 
172	2	0.00008 0.00000 0.00255 0.00000 0.05829 0.00000 0.12556 0.00000 0.55062 0.22912 0.00000 0.01822 0.00000 0.01523 0.00000 0.00031 
173	2	0.00001 0.00000 0.00042 0.00090 0.00000 0.04440 0.00000 0.18604 0.54355 0.00000 0.20012 0.00000 0.02146 0.00310 0.00000 0.00000 
174	2	0.00011 0.00000 0.00682 0.00000 0.05303 0.00000 0.14433 0.00000 0.55863 0.21431 0.00000 0.01216 0.00000 0.01057 0.00000 0.00004 
175	2	0.00000 0.00000 0.00002 0.00143 0.00499 0.00000 0.08576 0.00000 0.16252 0.40837 0.32094 0.00000 0.00938 0.00000 0.00659 0.00000 
176	2	0.00001 0.00000 0.00016 0.00418 0.00000 0.02115 0.00000 0.09611 0.15019 0.00000 0.36596 0.00000 0.35695 0.00228 0.00000 0.00302 
177	2	0.00004 0.00000 0.00266 0.00000 0.01075 0.00000 0.11972 0.00000 0.17707 0.38299 0.00000 0.28923 0.00000 0.01408 0.00000 0.00347 
178	2	0.00001 0.00000 0.00036 0.00606 0.00000 0.11372 0.00000 0.19510 0.45559 0.00000 0.20914 0.00000 0.01423 0.00578 0.00000 0.00000 
179	2	0.00000 0.00000 0.00006 0.00000 0.00222 0.00000 0.13718 0.00000 0.19615 0.41943 0.00000 0.22289 0.00000 0.01610 0.00000 0.00596 
180	2	0.00000 0.00000 0.00006 0.00427 0.00000 0.00728 0.00000 0.13497 0.22091 0.00000 0.43937 0.00000 0.17488 0.01035 0.00000 0.00791 
181	2	0.00002 0.00000 0.00102 0.01275 0.00000 0.10974 0.00000 0.21747 0.49458 0.00000 0.14018 0.00000 0.01014 0.01410 0.00000 0.00001 
182	2	0.00004 0.00000 0.00429 0.01118 0.00000 0.16794 0.00000 0.21467 0.42032 0.00000 0.16920 0.00000 0.00831 0.00403 0.00000 0.00002 
183	2	0.00000 0.00000 0.00102 0.00000 0.00434 0.00000 0.11991 0.00000 0.21783 0.40269 0.00000 0.22862 0.00000 0.01324 0.00000 0.01234 
184	2	0.00013 0.00000 0.00026 0.00000 0.03888 0.00000 0.18113 0.00000 0.45173 0.31003 0.00000 0.00380 0.00000 0.01404 0.00000 0.00000 
185	2	0.00000 0.00000 0.00016 0.00095 0.00000 0.07228 0.00000 0.18898 0.51950 0.00000 0.21123 0.00000 0.00164 0.00519 0.00000 0.00006 
186	2	0.00018 0.00000 0.00224 0.00000 0.06618 0.00000 0.18151 0.00000 0.49334 0.24765 0.00000 0.00307 0.00000 0.00576 0.00000 0.00007 
187	2	0.00001 0.00001 0.00000 0.00012 0.00152 0.00579 0.00000 0.09311 0.19990 0.00000 0.50561 0.18191 0.00717 0.00000 0.00483 0.00002 
188	2	0.00014 0.00000 0.00285 0.00000 0.07969 0.00000 0.15981 0.00000 0.52865 0.21631 0.00000 0.00716 0.00000 0.00536 0.00000 0.00004 
189	2	0.00006 0.00000 0.00312 0.00000 0.08871 0.00000 0.15994 0.00000 0.00000 0.37767 0.00000 0.35591 0.00000 0.00413 0.00000 0.01048 
190	2	0.00001 0.00000 0.00083 0.00528 0.00000 0.09904 0.00000 0.17889 0.45652 0.00000 0.23886 0.00000 0.00545 0.01509 0.00000 0.00002 
191	2	0.00000 0.00000 0.00085 0.00622 0.00000 0.11226 0.00000 0.20427 0.41932 0.00000 0.23934 0.00000 0.00451 0.01320 0.00000 0.00001 
192	2	0.00001 0.00000 0.00085 0.00000 0.00774 0.00000 0.10693 0.00000 0.25612 0.44977 0.00000 0.16958 0.00000 0.00269 0.00000 0.00631 
193	2	0.00004 0.00000 0.00205 0.00000 0.06978 0.00000 0.18303 0.00000 0.49022 0.23506 0.00000 0.00665 0.00000 0.01311 0.00000 0.00007 
194	2	0.00000 0.00000 0.00001 0.00000 0.00441 0.00000 0.08855 0.00000 0.20490 0.48407 0.00000 0.21093 0.00000 0.00291 0.00000 0.00422 
195	2	0.00000 0.00000 0.00020 0.00237 0.00000 0.05563 0.00000 0.12777 0.37085 0.00000 0.41110 0.00000 0.01956 0.01166 0.00000 0.00087 
196	2	0.00001 0.00000 0.00558 0.00000 0.01766 0.00000 0.10199 0.00000 0.16821 0.55042 0.00000 0.12388 0.00000 0.02818 0.00000 0.00405 
197	2	0.00004 0.00000 0.00131 0.00000 0.01512 0.00000 0.05322 0.00000 0.14082 0.52744 0.00000 0.22303 0.00000 0.03380 0.00000 0.00522 
198	2	0.00053 0.00000 0.00558 0.00000 0.02317 0.00000 0.07215 0.00000 0.14955 0.46619 0.00000 0.23776 0.00000 0.03911 0.00000 0.00596 
199	2	0.00000 0.00001 0.00000 0.00004 0.00043 0.00397 0.00000 0.02751 0.10641 0.00000 0.17401 0.39606 0.23214 0.00000 0.05172 0.00771 
200	3	0.00000 0.00000 0.00161 0.00000 0.00384 0.00000 0.02448 0.00000 0.06304 0.13396 0.00000 0.05768 0.00000 0.71334 0.00000 0.00205 
201	3	0.00013 0.00000 0.00217 0.00000 0.01973 0.00000 0.05650 0.00000 0.00000 0.10502 0.00000 0.05362 0.00000 0.75852 0.00000 0.00431 
202	3	0.00101 0.00000 0.00346 0.00000 0.03118 0.00000 0.06220 0.00000 0.00000 0.13754 0.00000 0.10153 0.00000 0.66069 0.00000 0.00238 
203	3	0.00051 0.00000 0.00208 0.00000 0.01595 0.00000 0.09214 0.00000 0.00000 0.14670 0.00000 0.05633 0.00000 0.67965 0.00000 0.00663 
204	3	0.00001 0.00000 0.00113 0.00000 0.00340 0.00000 0.02444 0.00000 0.07590 0.09104 0.00000 0.11028 0.00000 0.69212 0.00000 0.00167 
205	3	0.00028 0.00000 0.00250 0.00000 0.02895 0.00000 0.06563 0.00000 0.00000 0.09063 0.00000 0.05248 0.00000 0.75687 0.00000 0.00265 
206	3	0.00174 0.00000 0.00403 0.00000 0.02439 0.00000 0.08006 0.00000 0.00000 0.10872 0.00000 0.13515 0.00000 0.63248 0.00000 0.01343 
207	3	0.00000 0.00000 0.00170 0.00000 0.00627 0.00000 0.03531 0.00000 0.07775 0.10882 0.00000 0.11317 0.00000 0.65402 0.00000 0.00297 
208	3	0.00001 0.00000 0.00145 0.00000 0.00855 0.00000 0.02955 0.00000 0.05921 0.11597 0.00000 0.10821 0.00000 0.66016 0.00000 0.01689 
209	3	0.00045 0.00000 0.00540 0.00000 0.03417 0.00000 0.05027 0.00000 0.00000 0.11461 0.00000 0.08739 0.00000 0.69498 0.00000 0.01272 
210	3	0.00028 0.00000 0.00411 0.00000 0.02560 0.00000 0.07668 0.00000 0.00000 0.13094 0.00000 0.12313 0.00000 0.63532 0.00000 0.00394 
211	3	0.00000 0.00000 0.00118 0.00000 0.00359 0.00000 0.02921 0.00000 0.05701 0.14862 0.00000 0.12693 0.00000 0.62964 0.00000 0.00383 
212	3	0.00112 0.00000 0.00378 0.00000 0.02587 0.00000 0.06257 0.00000 0.00000 0.10368 0.00000 0.15163 0.00000 0.64492 0.00000 0.00643 
213	3	0.00000 0.00000 0.00128 0.00000 0.00550 0.00000 0.04322 0.00000 0.07151 0.13819 0.00000 0.10947 0.00000 0.61917 0.00000 0.01166 
214	3	0.00031 0.00000 0.00379 0.00000 0.03037 0.00000 0.06028 0.00000 0.00000 0.13151 0.00000 0.09011 0.00000 0.67667 0.00000 0.00697 
215	3	0.00001 0.00000 0.00126 0.00000 0.00511 0.00000 0.03512 0.00000 0.05778 0.15195 0.00000 0.10316 0.00000 0.64264 0.00000 0.00298 
216	3	0.00032 0.00000 0.00330 0.00000 0.02942 0.00000 0.08208 0.00000 0.00000 0.09362 0.00000 0.09484 0.00000 0.67969 0.00000 0.01672 
217	3	0.00001 0.00000 0.00087 0.00000 0.00505 0.00000 0.02906 0.00000 0.05529 0.11322 0.00000 0.11508 0.00000 0.66668 0.00000 0.01473 
218	3	0.00114 0.00000 0.00616 0.00000 0.02719 0.00000 0.07508 0.00000 0.00000 0.10860 0.00000 0.14456 0.00000 0.63174 0.00000 0.00554 
219	3	0.00001 0.00000 0.00191 0.00000 0.00698 0.00000 0.04667 0.00000 0.08673 0.14717 0.00000 0.09166 0.00000 0.59124 0.00000 0.02762 
220	3	0.00003 0.00000 0.00250 0.00000 0.00856 0.00000 0.04505 0.00000 0.07946 0.10638 0.00000 0.10136 0.00000 0.65174 0.00000 0.00492 
221	3	0.00014 0.00000 0.00205 0.00000 0.02113 0.00000 0.07582 0.00000 0.00000 0.08859 0.00000 0.05649 0.00000 0.74894 0.00000 0.00684 
222	3	0.00038 0.00000 0.00342 0.00000 0.02089 0.00000 0.06888 0.00000 0.00000 0.09952 0.00000 0.05473 0.00000 0.74524 0.00000 0.00695 
223	3	0.00003 0.00000 0.00093 0.00000 0.00825 0.00000 0.02672 0.00000 0.05460 0.08140 0.00000 0.04311 0.00000 0.76394 0.00000 0.02102 
224	3	0.00047 0.00000 0.00129 0.00000 0.01478 0.00000 0.06724 0.00000 0.00000 0.08189 0.00000 0.04070 0.00000 0.76643 0.00000 0.02719 
225	3	0.00071 0.00000 0.00237 0.00000 0.00990 0.00000 0.06487 0.00000 0.00000 0.08851 0.00000 0.04648 0.00000 0.77679 0.00000 0.01038 
226	3	0.00009 0.00000 0.00364 0.00000 0.01830 0.00000 0.06337 0.00000 0.00000 0.07304 0.00000 0.03882 0.00000 0.78928 0.00000 0.01346 
227	3	0.00007 0.00000 0.00097 0.00000 0.01141 0.00000 0.04925 0.00000 0.00000 0.08532 0.00000 0.04606 0.00000 0.78017 0.00000 0.02674 
228	3	0.00000 0.00000 0.00010 0.00000 0.00113 0.00000 0.00963 0.00000 0.04115 0.06817 0.00000 0.04583 0.00000 0.82027 0.00000 0.01372 
229	3	0.00000 0.00000 0.00074 0.00000 0.00592 0.00000 0.01109 0.00000 0.05574 0.10141 0.00000 0.07637 0.00000 0.74095 0.00000 0.00779 
230	3	0.00012 0.00000 0.00165 0.00000 0.02236 0.00000 0.07877 0.00000 0.00000 0.11439 0.00000 0.05830 0.00000 0.71312 0.00000 0.01128 
231	3	0.00000 0.00000 0.00059 0.00000 0.00318 0.00000 0.01839 0.00000 0.08451 0.12088 0.00000 0.04839 0.00000 0.70940 0.00000 0.01466 
232	3	0.00042 0.00000 0.00237 0.00000 0.02376 0.00000 0.06487 0.00000 0.00000 0.13141 0.00000 0.07598 0.00000 0.68845 0.00000 0.01275 
233	3	0.00067 0.00000 0.00339 0.00000 0.03849 0.00000 0.05536 0.00000 0.00000 0.11885 0.00000 0.06345 0.00000 0.69960 0.00000 0.02019 
234	3	0.00058 0.00000 0.00288 0.00000 0.03386 0.00000 0.05437 0.00000 0.00000 0.07688 0.00000 0.06257 0.00000 0.75382 0.00000 0.01505 
235	3	0.00003 0.00000 0.00071 0.00000 0.02267 0.00000 0.07815 0.00000 0.00000 0.10130 0.00000 0.05604 0.00000 0.72292 0.00000 0.01817 
236	3	0.00056 0.00000 0.00110 0.00000 0.01394 0.00000 0.06542 0.00000 0.00000 0.09260 0.00000 0.05608 0.00000 0.75527 0.00000 0.01504 
237	3	0.00001 0.00000 0.00009 0.00000 0.00456 0.00000 0.03003 0.00000 0.00000 0.10507 0.00000 0.08248 0.00000 0.60730 0.00000 0.17046 
238	3	0.00003 0.00000 0.00060 0.00000 0.00919 0.00000 0.03433 0.00000 0.00000 0.10263 0.00000 0.09163 0.00000 0.71432 0.00000 0.04725 
239	3	0.00000 0.00000 0.00004 0.00000 0.00051 0.00000 0.01330 0.00000 0.06870 0.10201 0.00000 0.06503 0.00000 0.72039 0.00000 0.03002 
240	3	0.00041 0.00000 0.00181 0.00000 0.02156 0.00000 0.06622 0.00000 0.00000 0.09734 0.00000 0.05946 0.00000 0.73286 0.00000 0.02034 
241	3	0.00004 0.00000 0.00120 0.00000 0.01187 0.00000 0.04913 0.00000 0.00000 0.10914 0.00000 0.06432 0.00000 0.74768 0.00000 0.01661 
242	3	0.00001 0.00000 0.00066 0.00000 0.00272 0.00000 0.01470 0.00000 0.03895 0.08046 0.00000 0.06297 0.00000 0.78295 0.00000 0.01657 
243	3	0.00001 0.00000 0.00060 0.00000 0.00230 0.00000 0.01393 0.00000 0.06207 0.10054 0.00000 0.05610 0.00000 0.74946 0.00000 0.01499 
244	3	0.00011 0.00000 0.00174 0.00000 0.01782 0.00000 0.05500 0.00000 0.00000 0.08231 0.00000 0.06690 0.00000 0.77059 0.00000 0.00552 
245	3	0.00003 0.00000 0.00088 0.00000 0.01534 0.00000 0.04427 0.00000 0.00000 0.11513 0.00000 0.06371 0.00000 0.73995 0.00000 0.02070 
246	3	0.00225 0.00000 0.00319 0.00000 0.01294 0.00000 0.05486 0.00000 0.00000 0.10504 0.00000 0.05349 0.00000 0.75039 0.00000 0.01783 
247	3	0.00005 0.00000 0.00199 0.00000 0.01629 0.00000 0.06903 0.00000 0.00000 0.10379 0.00000 0.05658 0.00000 0.69688 0.00000 0.05539 
248	3	0.00004 0.00000 0.00326 0.00000 0.01294 0.00000 0.06287 0.00000 0.00000 0.10542 0.00000 0.05409 0.00000 0.75294 0.00000 0.00844 
249	3	0.00017 0.00000 0.00093 0.00000 0.01143 0.00000 0.08340 0.00000 0.00000 0.10697 0.00000 0.05159 0.00000 0.73998 0.00000 0.00553 
250	3	0.00008 0.00000 0.00117 0.00000 0.01266 0.00000 0.05106 0.00000 0.00000 0.10952 0.00000 0.07239 0.00000 0.73672 0.00000 0.01642 
251	3	0.00046 0.00000 0.00171 0.00000 0.01079 0.00000 0.04931 0.00000 0.00000 0.08932 0.00000 0.07800 0.00000 0.74752 0.00000 0.02289 
252	3	0.00000 0.00000 0.00006 0.00000 0.00122 0.00000 0.01474 0.00000 0.05447 0.10281 0.00000 0.05926 0.00000 0.74244 0.00000 0.02500 
253	3	0.00014 0.00000 0.00204 0.00000 0.01197 0.00000 0.04553 0.00000 0.00000 0.08751 0.00000 0.06388 0.00000 0.77824 0.00000 0.01068 
254	3	0.00008 0.00000 0.00096 0.00000 0.01270 0.00000 0.05802 0.00000 0.00000 0.11119 0.00000 0.05573 0.00000 0.73771 0.00000 0.02361 
255	3	0.00022 0.00000 0.00123 0.00000 0.01362 0.00000 0.05538 0.00000 0.00000 0.09818 0.00000 0.05200 0.00000 0.75052 0.00000 0.02886 
256	3	0.00046 0.00000 0.00167 0.00000 0.01623 0.00000 0.06591 0.00000 0.00000 0.08862 0.00000 0.05305 0.00000 0.76768 0.00000 0.00638 
257	3	0.00065 0.00000 0.00269 0.00000 0.00926 0.00000 0.05966 0.00000 0.00000 0.11205 0.00000 0.06536 0.00000 0.74089 0.00000 0.00945 
258	3	0.00013 0.00000 0.00194 0.00000 0.00738 0.00000 0.04426 0.00000 0.00000 0.11278 0.00000 0.05425 0.00000 0.76519 0.00000 0.01406 
259	3	0.00017 0.00000 0.00124 0.00000 0.00929 0.00000 0.06865 0.00000 0.00000 0.14290 0.00000 0.05742 0.00000 0.69621 0.00000 0.02413 
260	3	0.00054 0.00000 0.00192 0.00000 0.01020 0.00000 0.05730 0.00000 0.00000 0.12985 0.00000 0.03633 0.00000 0.73593 0.00000 0.02793 
261	3	0.00005 0.00000 0.00054 0.00000 0.00851 0.00000 0.03363 0.00000 0.00000 0.08153 0.00000 0.06233 0.00000 0.51059 0.00000 0.30282 
262	3	0.00000 0.00000 0.00004 0.00000 0.00189 0.00000 0.00864 0.00000 0.02826 0.08397 0.00000 0.07464 0.00000 0.79052 0.00000 0.01204 
263	3	0.00001 0.00000 0.00084 0.00000 0.01418 0.00000 0.05131 0.00000 0.00000 0.09703 0.00000 0.06680 0.00000 0.75271 0.00000 0.01714 
264	3	0.00004 0.00000 0.00115 0.00000 0.01215 0.00000 0.03942 0.00000 0.00000 0.09524 0.00000 0.07376 0.00000 0.75167 0.00000 0.02656 
265	3	0.00001 0.00000 0.00046 0.00000 0.00289 0.00000 0.01877 0.00000 0.06093 0.10436 0.00000 0.05508 0.00000 0.73855 0.00000 0.01894 
266	3	0.00003 0.00000 0.00072 0.00000 0.00899 0.00000 0.03384 0.00000 0.00000 0.09429 0.00000 0.08238 0.00000 0.74525 0.00000 0.03448 
267	3	0.00001 0.00000 0.00028 0.00000 0.01096 0.00000 0.04142 0.00000 0.00000 0.08703 0.00000 0.07263 0.00000 0.75772 0.00000 0.02996 
268	3	0.00001 0.00000 0.00030 0.00000 0.00737 0.00000 0.02989 0.00000 0.00000 0.09132 0.00000 0.07463 0.00000 0.75975 0.00000 0.03674 
269	3	0.00001 0.00000 0.00017 0.00000 0.00589 0.00000 0.03025 0.00000 0.00000 0.09983 0.00000 0.07762 0.00000 0.73068 0.00000 0.05556 
270	3	0.00000 0.00000 0.00286 0.00000 0.00000 0.02073 0.00000 0.00000 0.10465 0.00000 0.06648 0.00000 0.42937 0.00000 0.00000 0.37591 
271	3	0.00003 0.00000 0.00251 0.00000 0.00000 0.02336 0.00000 0.00000 0.10144 0.00000 0.08368 0.00000 0.57854 0.00000 0.00000 0.21044 
272	3	0.00161 0.00000 0.00000 0.00933 0.00000 0.00000 0.04565 0.00000 0.00000 0.11096 0.00000 0.00000 0.21051 0.00000 0.00000 0.62195 
273	3	0.00001 0.00000 0.00375 0.00000 0.00000 0.01101 0.00000 0.00000 0.08776 0.00000 0.08969 0.00000 0.27374 0.00000 0.00000 0.53403 
274	3	0.00000 0.00000 0.00002 0.00000 0.00341 0.00000 0.00861 0.00000 0.00000 0.06679 0.00000 0.11188 0.00000 0.22513 0.00000 0.58416 
275	3	0.00001 0.00000 0.00270 0.00000 0.00000 0.00838 0.00000 0.00000 0.05737 0.00000 0.09912 0.00000 0.24649 0.00000 0.00000 0.58593 
276	3	0.00001 0.00000 0.00014 0.00000 0.00341 0.00000 0.00909 0.00000 0.00000 0.07163 0.00000 0.09559 0.00000 0.27661 0.00000 0.54352 
277	3	0.00000 0.00000 0.00252 0.00000 0.00000 0.01479 0.00000 0.00000 0.07400 0.00000 0.10506 0.00000 0.31222 0.00000 0.00000 0.49141 
278	3	0.00005 0.00000 0.00374 0.00000 0.00000 0.01109 0.00000 0.00000 0.06575 0.00000 0.10482 0.00000 0.26369 0.00000 0.00000 0.55086 
279	3	0.00000 0.00000 0.00011 0.00000 0.00508 0.00000 0.01492 0.00000 0.00000 0.07825 0.00000 0.10369 0.00000 0.25912 0.00000 0.53883 
280	3	0.00000 0.00000 0.00332 0.00000 0.00000 0.01160 0.00000 0.00000 0.07818 0.00000 0.10895 0.00000 0.21712 0.00000 0.00000 0.58082 
281	3	0.00001 0.00000 0.00026 0.00000 0.00657 0.00000 0.01392 0.00000 0.00000 0.06756 0.00000 0.08042 0.00000 0.29580 0.00000 0.53546 
282	3	0.00011 0.00000 0.00502 0.00000 0.00000 0.01921 0.00000 0.00000 0.06679 0.00000 0.10758 0.00000 0.31587 0.00000 0.00000 0.48541 
283	3	0.00001 0.00000 0.00247 0.00000 0.00000 0.01006 0.00000 0.00000 0.07852 0.00000 0.11088 0.00000 0.35716 0.00000 0.00000 0.44090 
284	3	0.00005 0.00000 0.00021 0.00000 0.00455 0.00000 0.02305 0.00000 0.00000 0.07617 0.00000 0.08542 0.00000 0.46999 0.00000 0.34054 
285	3	0.00001 0.00000 0.00023 0.00000 0.00539 0.00000 0.02163 0.00000 0.00000 0.11177 0.00000 0.08089 0.00000 0.43321 0.00000 0.34686 
286	3	0.00008 0.00000 0.00403 0.00000 0.00000 0.01938 0.00000 0.00000 0.08566 0.00000 0.10003 0.00000 0.35006 0.00000 0.00000 0.44075 
287	3	0.00003 0.00000 0.00062 0.00000 0.00771 0.00000 0.02216 0.00000 0.00000 0.08559 0.00000 0.08975 0.00000 0.75277 0.00000 0.04138 
288	3	0.00027 0.00000 0.00959 0.00000 0.00000 0.05252 0.00000 0.00000 0.08405 0.00000 0.06502 0.00000 0.73572 0.00000 0.00000 0.05284 
289	3	0.00002 0.00000 0.00382 0.00000 0.00000 0.03616 0.00000 0.00000 0.11148 0.00000 0.07526 0.00000 0.72925 0.00000 0.00000 0.04401 
290	3	0.00006 0.00000 0.00270 0.00000 0.00000 0.02659 0.00000 0.00000 0.07293 0.00000 0.13059 0.00000 0.51234 0.00000 0.00000 0.25478 
291	3	0.00002 0.00000 0.00474 0.00000 0.00000 0.01354 0.00000 0.00000 0.08192 0.00000 0.09244 0.00000 0.29188 0.00000 0.00000 0.51546 
292	3	0.00000 0.00000 0.00172 0.00000 0.00000 0.01868 0.00000 0.00000 0.10819 0.00000 0.08188 0.00000 0.34446 0.00000 0.00000 0.44506 
293	3	0.00001 0.00000 0.00250 0.00000 0.00000 0.02524 0.00000 0.00000 0.08965 0.00000 0.07724 0.00000 0.70454 0.00000 0.00000 0.10083 
294	3	0.00006 0.00000 0.00796 0.00000 0.00000 0.03422 0.00000 0.00000 0.09871 0.00000 0.09248 0.00000 0.74516 0.00000 0.00000 0.02141 
295	3	0.00001 0.00000 0.00060 0.00000 0.00624 0.00000 0.03764 0.00000 0.00000 0.10431 0.00000 0.08230 0.00000 0.73739 0.00000 0.03151 
296	3	0.00004 0.00000 0.00032 0.00000 0.00801 0.00000 0.05446 0.00000 0.00000 0.10230 0.00000 0.07432 0.00000 0.72747 0.00000 0.03307 
