1400	14	16
0	1	0.00003 0.00006 0.00407 0.01128 0.01624 0.02420 0.02443 0.04911 0.20615 0.22464 0.26224 0.17643 0.00045 0.00035 0.00024 0.00008 
1	1	0.00002 0.00091 0.00181 0.00263 0.01388 0.02915 0.04308 0.05369 0.07344 0.24662 0.19257 0.20774 0.13437 0.00009 0.00000 0.00000 
2	1	0.00005 0.00138 0.00192 0.00223 0.00844 0.02669 0.04491 0.05902 0.05920 0.21850 0.16406 0.22477 0.18842 0.00035 0.00005 0.00000 
3	1	0.00003 0.00089 0.00136 0.00132 0.00991 0.01649 0.02226 0.03130 0.05321 0.24952 0.23758 0.28859 0.08688 0.00054 0.00012 0.00001 
4	1	0.00001 0.00044 0.00115 0.00056 0.00084 0.00912 0.01632 0.02591 0.03912 0.13694 0.25536 0.21929 0.23052 0.06429 0.00013 0.00000 
5	1	0.00005 0.00093 0.00168 0.00184 0.00934 0.03222 0.05160 0.05666 0.06642 0.18244 0.18292 0.22688 0.18549 0.00131 0.00021 0.00000 
6	1	0.00001 0.00039 0.00103 0.00095 0.00106 0.01061 0.02764 0.04568 0.04391 0.05431 0.24986 0.14414 0.17543 0.18708 0.05790 0.00000 
7	1	0.00002 0.00063 0.00196 0.00138 0.00380 0.02520 0.04658 0.04928 0.05508 0.23154 0.20280 0.27686 0.10443 0.00036 0.00007 0.00001 
8	1	0.00004 0.00032 0.00196 0.00243 0.01015 0.02044 0.04733 0.05368 0.04555 0.22993 0.19882 0.20575 0.17116 0.01234 0.00009 0.00001 
9	1	0.00003 0.00152 0.00257 0.00304 0.01667 0.03235 0.04577 0.05908 0.23011 0.18924 0.22691 0.19221 0.00039 0.00009 0.00002 0.00000 
10	1	0.00008 0.00034 0.00080 0.00235 0.00439 0.02094 0.05475 0.05832 0.05513 0.24710 0.22098 0.31159 0.02249 0.00054 0.00016 0.00002 
11	1	0.00008 0.00031 0.00078 0.00577 0.01802 0.03196 0.03525 0.04141 0.04522 0.04433 0.18554 0.14231 0.12349 0.17792 0.14755 0.00007 
12	1	0.00017 0.00145 0.00363 0.01802 0.03208 0.04318 0.04791 0.05407 0.20892 0.14945 0.14571 0.22401 0.07086 0.00025 0.00024 0.00006 
13	1	0.00005 0.00068 0.00477 0.00753 0.01166 0.01817 0.01577 0.01405 0.02085 0.11889 0.18800 0.11976 0.15133 0.16888 0.13812 0.02148 
14	1	0.00013 0.00165 0.01335 0.03353 0.03937 0.04582 0.04921 0.10751 0.23726 0.15024 0.14210 0.16765 0.01136 0.00048 0.00029 0.00004 
15	1	0.00016 0.00054 0.00095 0.00305 0.01683 0.03639 0.06101 0.07614 0.16626 0.21296 0.15922 0.23125 0.03361 0.00110 0.00046 0.00007 
16	1	0.00007 0.00035 0.00108 0.00166 0.00959 0.02388 0.04497 0.04201 0.07420 0.25939 0.14638 0.14543 0.11912 0.13121 0.00054 0.00012 
17	1	0.00010 0.00023 0.00042 0.00081 0.00615 0.02214 0.04378 0.04833 0.04910 0.20670 0.17952 0.19998 0.23961 0.00185 0.00103 0.00025 
18	1	0.00003 0.00074 0.00127 0.00093 0.00394 0.00893 0.02477 0.03235 0.04122 0.09442 0.27570 0.21264 0.17282 0.13016 0.00007 0.00001 
19	1	0.00002 0.00053 0.00068 0.00262 0.00882 0.02823 0.04250 0.04635 0.26684 0.25609 0.30384 0.04300 0.00028 0.00015 0.00005 0.00001 
20	1	0.00001 0.00025 0.00137 0.00128 0.00477 0.02038 0.03631 0.05923 0.08607 0.35559 0.25815 0.17616 0.00028 0.00012 0.00002 0.00001 
21	1	0.00002 0.00069 0.00158 0.00134 0.00818 0.02716 0.04776 0.03974 0.14880 0.27650 0.20290 0.21603 0.02899 0.00026 0.00005 0.00000 
22	1	0.00009 0.00218 0.00259 0.00305 0.02478 0.04141 0.06393 0.08923 0.14761 0.24495 0.14403 0.23538 0.00063 0.00011 0.00002 0.00000 
23	1	0.00002 0.00037 0.00183 0.00224 0.00520 0.02289 0.06791 0.08445 0.07603 0.19961 0.22046 0.18373 0.13422 0.00087 0.00015 0.00001 
24	1	0.00004 0.00050 0.00146 0.00182 0.00325 0.01377 0.03371 0.04994 0.05067 0.14218 0.27122 0.20538 0.22552 0.00046 0.00008 0.00000 
25	1	0.00001 0.00014 0.00119 0.00165 0.00591 0.02337 0.04370 0.04684 0.05077 0.17269 0.21816 0.23955 0.19533 0.00057 0.00012 0.00000 
26	1	0.00004 0.00046 0.00240 0.00270 0.00305 0.01705 0.05062 0.07928 0.10997 0.26973 0.20485 0.21211 0.04716 0.00048 0.00010 0.00001 
27	1	0.00003 0.00147 0.00309 0.00349 0.02052 0.05088 0.05752 0.07205 0.10730 0.28782 0.18331 0.20981 0.00210 0.00053 0.00009 0.00001 
28	1	0.00004 0.00011 0.00017 0.00027 0.00302 0.01551 0.04698 0.05746 0.05157 0.10036 0.23512 0.18834 0.24890 0.05190 0.00019 0.00008 
29	1	0.00003 0.00095 0.00175 0.00282 0.01161 0.04400 0.05591 0.06714 0.23699 0.24215 0.22292 0.11301 0.00049 0.00018 0.00005 0.00001 
30	1	0.00007 0.00078 0.00101 0.00231 0.00412 0.01980 0.04490 0.06258 0.04827 0.06323 0.23909 0.19238 0.25861 0.06275 0.00011 0.00001 
31	1	0.00001 0.00035 0.00048 0.00066 0.00738 0.01306 0.01913 0.02387 0.19716 0.26368 0.28092 0.19285 0.00027 0.00013 0.00004 0.00001 
32	1	0.00001 0.00013 0.00048 0.00026 0.00295 0.00616 0.01184 0.01640 0.01898 0.23953 0.28200 0.27203 0.14896 0.00019 0.00006 0.00001 
33	1	0.00002 0.00060 0.00098 0.00329 0.00927 0.01989 0.02020 0.03167 0.17573 0.27286 0.26312 0.20196 0.00024 0.00011 0.00004 0.00000 
34	1	0.00002 0.00013 0.00120 0.00189 0.00561 0.02383 0.03804 0.03741 0.04101 0.23360 0.22111 0.20901 0.18658 0.00037 0.00017 0.00002 
35	1	0.00003 0.00056 0.00107 0.00070 0.00587 0.02097 0.02970 0.03764 0.07265 0.28892 0.18915 0.28477 0.06758 0.00029 0.00009 0.00001 
36	1	0.00005 0.00053 0.00093 0.00103 0.01023 0.03237 0.04223 0.03095 0.17131 0.33827 0.25529 0.11642 0.00032 0.00005 0.00002 0.00001 
37	1	0.00001 0.00050 0.00682 0.01276 0.04374 0.05385 0.10685 0.14824 0.21188 0.25702 0.10438 0.02482 0.01213 0.00973 0.00700 0.00026 
38	1	0.00000 0.00008 0.00255 0.01454 0.04741 0.08249 0.15969 0.09637 0.13844 0.29300 0.10084 0.02834 0.01351 0.01159 0.01063 0.00052 
39	1	0.00002 0.00025 0.00184 0.00705 0.03685 0.03660 0.06570 0.08792 0.10575 0.18744 0.39696 0.04462 0.01226 0.00718 0.00918 0.00039 
40	1	0.00001 0.00026 0.00184 0.00742 0.01942 0.02088 0.03185 0.07933 0.14662 0.64087 0.03992 0.00491 0.00382 0.00188 0.00080 0.00017 
41	1	0.00001 0.00016 0.00434 0.02718 0.04850 0.09092 0.08422 0.14595 0.35645 0.16972 0.02987 0.01856 0.01446 0.00680 0.00272 0.00015 
42	1	0.00006 0.00147 0.03971 0.07753 0.07780 0.11616 0.08986 0.09743 0.19085 0.21730 0.04116 0.01996 0.01426 0.01142 0.00463 0.00042 
43	1	0.00002 0.00254 0.01069 0.04540 0.04376 0.06262 0.08065 0.11555 0.28668 0.27558 0.03734 0.01486 0.00999 0.00910 0.00457 0.00066 
44	1	0.00004 0.00039 0.00338 0.01304 0.02030 0.03561 0.04342 0.06103 0.26190 0.49348 0.03992 0.01368 0.00786 0.00325 0.00235 0.00035 
45	1	0.00005 0.00181 0.00747 0.01288 0.02760 0.07354 0.14002 0.15880 0.13614 0.33239 0.06375 0.01788 0.01455 0.00915 0.00367 0.00028 
46	1	0.00003 0.00018 0.00244 0.01920 0.04050 0.07014 0.08785 0.13088 0.23224 0.27656 0.07889 0.02574 0.01838 0.01202 0.00464 0.00029 
47	1	0.00001 0.00010 0.00070 0.00692 0.02798 0.04211 0.06521 0.11380 0.21731 0.28980 0.17024 0.02539 0.01300 0.01073 0.01507 0.00164 
48	1	0.00001 0.00031 0.00520 0.02399 0.02916 0.06312 0.10877 0.17934 0.25358 0.27023 0.03030 0.01284 0.00801 0.00817 0.00658 0.00040 
49	1	0.00002 0.00058 0.00465 0.02421 0.05249 0.05328 0.07609 0.10845 0.18831 0.30793 0.10560 0.02467 0.01671 0.02130 0.01531 0.00040 
50	1	0.00003 0.00022 0.00196 0.00993 0.02646 0.05408 0.12586 0.10495 0.13586 0.29542 0.18013 0.02843 0.01408 0.01003 0.01209 0.00047 
51	1	0.00004 0.00421 0.00898 0.02301 0.02947 0.05156 0.13306 0.27924 0.14867 0.21947 0.06413 0.01399 0.01063 0.00962 0.00385 0.00004 
52	1	0.00001 0.00039 0.00368 0.02538 0.05673 0.05954 0.12589 0.19899 0.23303 0.19306 0.05766 0.01401 0.00965 0.01138 0.01023 0.00040 
53	1	0.00004 0.00033 0.00363 0.00894 0.01553 0.05010 0.05574 0.09216 0.14191 0.09904 0.42237 0.05645 0.02934 0.01503 0.00898 0.00040 
54	1	0.00000 0.00002 0.00172 0.01455 0.01698 0.04956 0.09113 0.15892 0.48797 0.13385 0.02585 0.00710 0.00496 0.00339 0.00375 0.00024 
55	1	0.00005 0.00171 0.00685 0.01011 0.01325 0.03370 0.13158 0.37207 0.34084 0.06437 0.01070 0.00431 0.00301 0.00402 0.00307 0.00036 
56	1	0.00001 0.00007 0.00042 0.00869 0.03233 0.04510 0.09183 0.17017 0.20726 0.30198 0.11602 0.01169 0.00637 0.00436 0.00352 0.00019 
57	1	0.00002 0.00016 0.00026 0.00116 0.00703 0.01102 0.01219 0.02984 0.10244 0.54959 0.25775 0.01375 0.00555 0.00528 0.00364 0.00033 
58	1	0.00009 0.00478 0.00756 0.01422 0.04184 0.03375 0.05323 0.11854 0.12864 0.33897 0.19169 0.02250 0.01183 0.01483 0.01716 0.00036 
59	1	0.00039 0.00539 0.01072 0.01928 0.04460 0.02675 0.04808 0.06007 0.08095 0.23587 0.39864 0.03290 0.01348 0.01272 0.00931 0.00086 
60	1	0.00000 0.00025 0.00089 0.00624 0.01383 0.01629 0.01811 0.08178 0.28445 0.37664 0.16017 0.01822 0.00988 0.00781 0.00505 0.00038 
61	1	0.00025 0.00422 0.00819 0.00559 0.00619 0.02004 0.08342 0.18554 0.42155 0.21725 0.02370 0.00672 0.00608 0.00506 0.00558 0.00062 
62	1	0.00001 0.00002 0.00028 0.00388 0.01386 0.02023 0.03470 0.08079 0.08372 0.18045 0.54121 0.02163 0.00822 0.00596 0.00479 0.00028 
63	1	0.00002 0.00034 0.00089 0.00309 0.01879 0.03344 0.04311 0.08327 0.12655 0.18079 0.46797 0.01463 0.00735 0.00772 0.01167 0.00037 
64	1	0.00001 0.00008 0.00135 0.00464 0.02995 0.04015 0.06148 0.14968 0.18236 0.39991 0.07151 0.02940 0.01861 0.00776 0.00304 0.00008 
65	1	0.00004 0.00059 0.00449 0.01291 0.02265 0.03280 0.06908 0.16290 0.22587 0.27309 0.13815 0.02095 0.00884 0.01210 0.01474 0.00080 
66	1	0.00003 0.00015 0.00106 0.00828 0.01840 0.02094 0.03426 0.11170 0.26987 0.30246 0.17543 0.03232 0.01168 0.00652 0.00600 0.00089 
67	1	0.00001 0.00006 0.00247 0.02019 0.02350 0.02110 0.03453 0.11189 0.24630 0.27908 0.22149 0.02083 0.00621 0.00602 0.00557 0.00077 
68	1	0.00000 0.00001 0.00004 0.00111 0.00382 0.01410 0.03012 0.04744 0.10125 0.29574 0.46103 0.02255 0.00919 0.00796 0.00466 0.00096 
69	1	0.00002 0.00249 0.00782 0.00971 0.02863 0.03993 0.04441 0.12917 0.22915 0.33494 0.11555 0.02152 0.01839 0.01027 0.00763 0.00035 
70	1	0.00000 0.00007 0.00089 0.01015 0.02916 0.02793 0.09133 0.13522 0.11131 0.23894 0.28042 0.02541 0.01541 0.01786 0.01527 0.00062 
71	1	0.00001 0.00006 0.00099 0.01501 0.04232 0.05750 0.10673 0.15379 0.15807 0.30976 0.10949 0.01717 0.00770 0.00920 0.01117 0.00101 
72	1	0.00001 0.00085 0.01185 0.03199 0.04878 0.04313 0.07259 0.11846 0.20539 0.15279 0.23426 0.04834 0.01398 0.00879 0.00746 0.00133 
73	1	0.00001 0.00009 0.00172 0.00791 0.02283 0.03547 0.06540 0.15243 0.22428 0.20369 0.19147 0.04588 0.01844 0.01359 0.01399 0.00279 
74	1	0.00001 0.00060 0.00581 0.02724 0.03571 0.04113 0.10648 0.13473 0.18805 0.24421 0.15666 0.02011 0.01203 0.01452 0.01216 0.00053 
75	1	0.00001 0.00015 0.00707 0.01294 0.01851 0.02224 0.03900 0.10754 0.22514 0.44652 0.10040 0.01006 0.00409 0.00288 0.00335 0.00010 
76	1	0.00000 0.00012 0.00200 0.01292 0.02760 0.02516 0.04973 0.14329 0.21480 0.29148 0.16975 0.02503 0.01291 0.01313 0.01013 0.00195 
77	1	0.00000 0.00036 0.00119 0.01614 0.02714 0.02215 0.03515 0.10596 0.26063 0.24304 0.20682 0.04303 0.01423 0.01116 0.01062 0.00238 
78	1	0.00001 0.00025 0.00279 0.01534 0.03889 0.04079 0.10053 0.21825 0.22656 0.15101 0.12261 0.03412 0.01509 0.01613 0.01726 0.00036 
79	1	0.00000 0.00005 0.00034 0.00689 0.04233 0.05193 0.09224 0.19239 0.26197 0.20625 0.06006 0.03765 0.02343 0.01382 0.01015 0.00050 
80	1	0.00001 0.00040 0.00357 0.02402 0.02916 0.02876 0.04021 0.12045 0.24507 0.30275 0.14590 0.02491 0.01140 0.01103 0.01178 0.00060 
81	1	0.00001 0.00187 0.00811 0.01960 0.04179 0.05183 0.09664 0.14740 0.22997 0.17615 0.17322 0.02539 0.00958 0.00962 0.00834 0.00049 
82	1	0.00004 0.00094 0.00583 0.02465 0.03811 0.03539 0.08729 0.16108 0.26842 0.19568 0.10309 0.02843 0.02138 0.01865 0.01006 0.00095 
83	1	0.00001 0.00031 0.00471 0.01392 0.00940 0.01363 0.04199 0.13048 0.24341 0.37161 0.13459 0.01682 0.00735 0.00682 0.00436 0.00059 
84	1	0.00003 0.00017 0.00117 0.00464 0.01291 0.02313 0.03049 0.07478 0.17300 0.41378 0.20531 0.02535 0.01164 0.01437 0.00853 0.00070 
85	1	0.00001 0.00006 0.00023 0.00250 0.00987 0.03553 0.04397 0.05942 0.11612 0.43185 0.25436 0.02188 0.01195 0.00730 0.00445 0.00051 
86	1	0.00003 0.00018 0.00019 0.00272 0.01559 0.02282 0.04994 0.10056 0.25437 0.27996 0.19786 0.03234 0.01194 0.01296 0.01794 0.00061 
87	1	0.00003 0.00158 0.02079 0.04748 0.07183 0.10285 0.06142 0.05448 0.11147 0.18050 0.26096 0.04399 0.01791 0.01167 0.01165 0.00140 
88	1	0.00004 0.00301 0.01668 0.03809 0.05215 0.06607 0.13953 0.16655 0.07928 0.14865 0.19205 0.05348 0.02256 0.01453 0.00710 0.00022 
89	1	0.00002 0.00087 0.00470 0.01115 0.03664 0.03557 0.06117 0.14863 0.22993 0.15253 0.24286 0.03865 0.00937 0.01097 0.01573 0.00121 
90	1	0.00000 0.00002 0.00020 0.00333 0.01987 0.01686 0.03158 0.07783 0.20584 0.52999 0.08199 0.01397 0.00844 0.00672 0.00320 0.00016 
91	1	0.00000 0.00054 0.00883 0.01645 0.03998 0.05055 0.06074 0.14640 0.26081 0.16477 0.19312 0.02336 0.01460 0.01280 0.00692 0.00012 
92	1	0.00008 0.00032 0.00109 0.01447 0.02986 0.07179 0.07466 0.16315 0.34476 0.15046 0.07036 0.03734 0.01435 0.01277 0.01412 0.00044 
93	1	0.00001 0.00019 0.00335 0.02037 0.05300 0.05376 0.08532 0.14094 0.14865 0.09355 0.29352 0.05863 0.01699 0.01484 0.01478 0.00209 
94	1	0.00001 0.00082 0.00578 0.01371 0.03668 0.03548 0.06109 0.16982 0.22965 0.12214 0.23974 0.03682 0.02375 0.01465 0.00921 0.00062 
95	1	0.00003 0.00210 0.02582 0.04087 0.04465 0.05212 0.07339 0.16077 0.14060 0.18569 0.19669 0.04112 0.01442 0.01210 0.00900 0.00064 
96	1	0.00002 0.00067 0.00600 0.01908 0.06469 0.05699 0.05717 0.08253 0.16760 0.22023 0.23865 0.04223 0.02362 0.01339 0.00658 0.00055 
97	1	0.00002 0.00013 0.00273 0.01448 0.04134 0.05848 0.06923 0.10342 0.17005 0.19074 0.23300 0.07952 0.01395 0.01065 0.01124 0.00102 
98	1	0.00002 0.00174 0.01031 0.02999 0.04399 0.05271 0.12409 0.11087 0.15491 0.31164 0.08842 0.02623 0.01467 0.01425 0.01514 0.00101 
99	1	0.00003 0.00066 0.01066 0.03542 0.06234 0.05119 0.09643 0.10754 0.10802 0.18996 0.23140 0.05828 0.01972 0.01646 0.01099 0.00089 
100	2	0.00017 0.00493 0.01646 0.02597 0.02267 0.03704 0.15945 0.28202 0.13638 0.25926 0.04350 0.00541 0.00350 0.00233 0.00078 0.00012 
101	2	0.00006 0.00500 0.01635 0.04461 0.09469 0.04029 0.08312 0.13874 0.10522 0.28852 0.17060 0.00701 0.00385 0.00153 0.00037 0.00002 
102	2	0.00010 0.00679 0.02215 0.05081 0.08220 0.05698 0.12862 0.12562 0.08667 0.23945 0.19373 0.00402 0.00190 0.00078 0.00018 0.00003 
103	2	0.00004 0.00166 0.01340 0.02349 0.05297 0.05034 0.06570 0.10627 0.09951 0.13552 0.36568 0.07135 0.00756 0.00494 0.00152 0.00004 
104	2	0.00000 0.00276 0.01191 0.03318 0.04013 0.08122 0.22519 0.13951 0.29295 0.14921 0.01099 0.00804 0.00370 0.00095 0.00024 0.00003 
105	2	0.00002 0.00227 0.02085 0.05332 0.05244 0.04098 0.09039 0.31171 0.21412 0.17917 0.01479 0.00915 0.00589 0.00392 0.00074 0.00023 
106	2	0.00004 0.00448 0.02316 0.07173 0.10642 0.06883 0.09979 0.12205 0.10520 0.15277 0.22440 0.01139 0.00537 0.00308 0.00124 0.00005 
107	2	0.00006 0.00754 0.02768 0.08275 0.08680 0.05775 0.10869 0.18576 0.14406 0.25540 0.02966 0.00641 0.00395 0.00277 0.00065 0.00007 
108	2	0.00012 0.00297 0.00718 0.03086 0.06405 0.04177 0.08972 0.13444 0.11212 0.25618 0.24150 0.00993 0.00524 0.00271 0.00105 0.00015 
109	2	0.00016 0.00853 0.01424 0.02944 0.05929 0.02831 0.03014 0.09189 0.12874 0.13117 0.38455 0.08359 0.00522 0.00294 0.00169 0.00008 
110	2	0.00001 0.00278 0.01225 0.02430 0.07804 0.06559 0.04136 0.07904 0.08142 0.05672 0.08326 0.28522 0.18339 0.00319 0.00289 0.00052 
111	2	0.00002 0.00296 0.01626 0.07525 0.09310 0.04694 0.06951 0.25630 0.17649 0.22025 0.01590 0.01363 0.00965 0.00320 0.00052 0.00002 
112	2	0.00001 0.00052 0.00840 0.07377 0.04656 0.03948 0.03792 0.11168 0.27172 0.23250 0.12104 0.03124 0.01470 0.00717 0.00304 0.00026 
113	2	0.00007 0.00525 0.02876 0.07502 0.07069 0.04722 0.05151 0.19480 0.23502 0.25466 0.02401 0.00577 0.00475 0.00194 0.00047 0.00006 
114	2	0.00003 0.00231 0.00646 0.04400 0.08219 0.04898 0.05747 0.21627 0.30588 0.13735 0.07560 0.01202 0.00582 0.00395 0.00145 0.00023 
115	2	0.00015 0.00442 0.02699 0.05407 0.07973 0.05330 0.04850 0.10276 0.20669 0.16990 0.22493 0.01173 0.00998 0.00519 0.00151 0.00016 
116	2	0.00011 0.00657 0.03413 0.10524 0.08582 0.05109 0.06898 0.18619 0.15447 0.25475 0.02757 0.01052 0.01070 0.00319 0.00061 0.00006 
117	2	0.00006 0.00489 0.01628 0.04954 0.04058 0.03513 0.05349 0.26921 0.30369 0.17155 0.03076 0.00846 0.00767 0.00646 0.00194 0.00028 
118	2	0.00003 0.00768 0.02140 0.05100 0.08535 0.07970 0.05841 0.09455 0.20027 0.16403 0.19420 0.01977 0.01238 0.00844 0.00256 0.00023 
119	2	0.00015 0.00464 0.01215 0.04094 0.06743 0.06438 0.04517 0.09221 0.14454 0.12945 0.32781 0.06213 0.00465 0.00284 0.00140 0.00011 
120	2	0.00022 0.00634 0.02011 0.06540 0.07097 0.04820 0.05794 0.11836 0.17068 0.20364 0.19077 0.02927 0.00963 0.00597 0.00229 0.00021 
121	2	0.00007 0.00370 0.01757 0.05386 0.10183 0.04930 0.03477 0.06126 0.10887 0.14281 0.32045 0.07804 0.02178 0.00424 0.00134 0.00009 
122	2	0.00013 0.00605 0.03022 0.07413 0.09963 0.06713 0.07259 0.10940 0.11227 0.22974 0.18434 0.00822 0.00376 0.00173 0.00060 0.00006 
123	2	0.00004 0.00304 0.01519 0.05103 0.07616 0.05362 0.04439 0.05655 0.09792 0.14218 0.32083 0.12354 0.01026 0.00360 0.00162 0.00005 
124	2	0.00002 0.00380 0.01264 0.04043 0.06457 0.04338 0.04701 0.05693 0.09760 0.17813 0.34279 0.09821 0.01350 0.00085 0.00013 0.00000 
125	2	0.00007 0.00410 0.02167 0.06648 0.10138 0.06396 0.05182 0.08346 0.14265 0.21862 0.20829 0.02671 0.00682 0.00312 0.00081 0.00004 
126	2	0.00002 0.00183 0.00959 0.03236 0.08678 0.06371 0.05740 0.07763 0.12234 0.18058 0.26605 0.06892 0.02681 0.00474 0.00115 0.00009 
127	2	0.00001 0.00106 0.00839 0.02555 0.08338 0.06722 0.06445 0.08727 0.12210 0.10173 0.13328 0.22448 0.06181 0.01840 0.00086 0.00002 
128	2	0.00001 0.00457 0.02527 0.05165 0.11288 0.08756 0.07049 0.07792 0.11455 0.15179 0.12358 0.07236 0.07013 0.03313 0.00392 0.00018 
129	2	0.00007 0.00505 0.01931 0.04237 0.08403 0.07406 0.06034 0.08682 0.14112 0.18908 0.15338 0.07708 0.05446 0.01171 0.00101 0.00011 
130	2	0.00011 0.00489 0.01616 0.05406 0.10433 0.07630 0.07126 0.12543 0.17451 0.14160 0.12594 0.06806 0.03371 0.00240 0.00108 0.00015 
131	2	0.00005 0.00602 0.02143 0.04150 0.10193 0.07931 0.06063 0.07914 0.13778 0.19156 0.18674 0.06405 0.02351 0.00469 0.00161 0.00005 
132	2	0.00012 0.00329 0.01273 0.02721 0.05800 0.04271 0.07731 0.11246 0.19882 0.17405 0.16336 0.05769 0.06146 0.01021 0.00056 0.00001 
133	2	0.00002 0.00149 0.01078 0.03145 0.06355 0.07057 0.05642 0.05453 0.08363 0.11033 0.16729 0.21287 0.09131 0.04087 0.00478 0.00011 
134	2	0.00003 0.00064 0.00528 0.04040 0.08942 0.06836 0.06931 0.08300 0.11986 0.12266 0.21253 0.09589 0.07753 0.01490 0.00018 0.00000 
135	2	0.00007 0.00316 0.01372 0.06239 0.13801 0.06877 0.06834 0.10200 0.13544 0.19398 0.12000 0.05929 0.02935 0.00466 0.00073 0.00008 
136	2	0.00001 0.00111 0.01559 0.05808 0.07577 0.07620 0.08799 0.10542 0.15700 0.16198 0.12671 0.06819 0.05215 0.01140 0.00204 0.00035 
137	2	0.00000 0.00034 0.00388 0.01819 0.05764 0.07394 0.06051 0.08435 0.13524 0.13011 0.24789 0.10424 0.07247 0.01027 0.00077 0.00015 
138	2	0.00001 0.00172 0.01791 0.04285 0.08766 0.10280 0.08980 0.14662 0.12889 0.22685 0.13460 0.01550 0.00361 0.00091 0.00021 0.00006 
139	2	0.00001 0.00070 0.01528 0.05137 0.02448 0.02421 0.03774 0.08682 0.07301 0.03083 0.10397 0.13257 0.11539 0.08299 0.09011 0.13050 
140	2	0.00005 0.00588 0.03215 0.08058 0.11094 0.08164 0.15635 0.12129 0.18131 0.18510 0.00910 0.00827 0.00926 0.01173 0.00605 0.00028 
141	2	0.00004 0.00403 0.00955 0.03248 0.10342 0.07335 0.18661 0.21272 0.15604 0.18064 0.01641 0.00863 0.00680 0.00547 0.00372 0.00011 
142	2	0.00012 0.00493 0.02568 0.12878 0.12053 0.08974 0.17670 0.19178 0.13267 0.07382 0.01679 0.01150 0.00966 0.01189 0.00522 0.00017 
143	2	0.00021 0.01422 0.03856 0.12191 0.09673 0.09717 0.13862 0.13428 0.16485 0.13642 0.02289 0.01357 0.01185 0.00773 0.00094 0.00004 
144	2	0.00027 0.00696 0.02280 0.04152 0.10610 0.06096 0.11408 0.13074 0.15533 0.25271 0.05941 0.01488 0.01391 0.01455 0.00559 0.00018 
145	2	0.00021 0.01452 0.03163 0.06409 0.09558 0.07766 0.14915 0.12452 0.17336 0.22270 0.02456 0.00643 0.00563 0.00574 0.00402 0.00019 
146	2	0.00003 0.00096 0.01183 0.03535 0.03566 0.11300 0.27638 0.19120 0.17563 0.09952 0.01408 0.01561 0.01614 0.01196 0.00260 0.00005 
147	2	0.00001 0.00196 0.01270 0.03567 0.08562 0.07537 0.11995 0.25029 0.15446 0.13386 0.07176 0.01797 0.02012 0.01444 0.00554 0.00028 
148	2	0.00003 0.00425 0.02968 0.07599 0.07509 0.09900 0.23362 0.15780 0.14009 0.15568 0.01301 0.00699 0.00375 0.00312 0.00162 0.00028 
149	2	0.00006 0.00179 0.01887 0.08561 0.11588 0.13409 0.20088 0.16812 0.19654 0.04693 0.01154 0.00786 0.00765 0.00388 0.00029 0.00002 
150	2	0.00001 0.00207 0.02311 0.08378 0.12487 0.10050 0.15673 0.23805 0.15875 0.05647 0.01491 0.01325 0.01378 0.01136 0.00233 0.00004 
151	2	0.00003 0.00461 0.03068 0.08242 0.13399 0.14024 0.17586 0.21793 0.16357 0.01967 0.00605 0.00675 0.00807 0.00807 0.00200 0.00007 
152	2	0.00002 0.00105 0.00305 0.01620 0.05363 0.07535 0.12259 0.27951 0.26112 0.12133 0.01784 0.01942 0.01786 0.00940 0.00160 0.00005 
153	2	0.00000 0.00189 0.01231 0.04177 0.05558 0.11276 0.16471 0.27862 0.20785 0.06339 0.01973 0.01967 0.01576 0.00523 0.00070 0.00006 
154	2	0.00002 0.00083 0.00946 0.04316 0.10111 0.12796 0.22652 0.26912 0.15576 0.01804 0.02434 0.01564 0.00694 0.00097 0.00010 0.00002 
155	2	0.00006 0.00206 0.00810 0.02331 0.04814 0.09398 0.13007 0.19847 0.30251 0.09523 0.03875 0.02976 0.01789 0.00926 0.00237 0.00005 
156	2	0.00006 0.00588 0.02079 0.06290 0.11181 0.12320 0.14962 0.19129 0.23306 0.04797 0.01622 0.01644 0.01420 0.00570 0.00085 0.00001 
157	2	0.00001 0.00408 0.02421 0.08473 0.18656 0.12567 0.24140 0.13685 0.13096 0.02999 0.01239 0.01465 0.00731 0.00100 0.00019 0.00001 
158	2	0.00002 0.00284 0.02287 0.07784 0.10833 0.06898 0.15817 0.25871 0.15357 0.09601 0.01220 0.01311 0.01757 0.00737 0.00228 0.00013 
159	2	0.00000 0.00018 0.00573 0.02181 0.10716 0.09747 0.14021 0.17368 0.25320 0.15877 0.01027 0.01045 0.01401 0.00609 0.00091 0.00006 
160	2	0.00002 0.00236 0.03624 0.06753 0.06640 0.11404 0.11758 0.25762 0.24991 0.03520 0.02237 0.01884 0.00941 0.00229 0.00016 0.00004 
161	2	0.00000 0.00020 0.00516 0.04196 0.06484 0.08551 0.12900 0.18552 0.28140 0.11605 0.03810 0.02706 0.01584 0.00780 0.00149 0.00006 
162	2	0.00009 0.00752 0.02841 0.06746 0.11567 0.12724 0.19658 0.24078 0.11630 0.03067 0.02227 0.02016 0.01537 0.00885 0.00255 0.00008 
163	2	0.00025 0.01615 0.05325 0.17262 0.13327 0.16946 0.17676 0.13651 0.06808 0.02380 0.02423 0.01692 0.00660 0.00151 0.00058 0.00001 
164	2	0.00009 0.00391 0.03685 0.10320 0.06430 0.11174 0.12857 0.22263 0.26239 0.01710 0.01340 0.01554 0.01465 0.00465 0.00088 0.00011 
165	2	0.00008 0.00516 0.01781 0.06440 0.08570 0.10550 0.14951 0.18503 0.18185 0.11735 0.04537 0.02486 0.01415 0.00293 0.00027 0.00002 
166	2	0.00002 0.00202 0.01133 0.04411 0.13347 0.11392 0.17912 0.22752 0.15803 0.05651 0.03111 0.02255 0.01428 0.00539 0.00060 0.00003 
167	2	0.00012 0.00875 0.03347 0.09346 0.12268 0.13086 0.14638 0.17879 0.13796 0.06615 0.03595 0.02440 0.01419 0.00518 0.00138 0.00028 
168	2	0.00001 0.00257 0.01478 0.04409 0.08691 0.11565 0.16226 0.30558 0.20051 0.02273 0.01677 0.01785 0.00734 0.00219 0.00068 0.00009 
169	2	0.00001 0.00671 0.04119 0.09939 0.13662 0.13666 0.17507 0.20887 0.12459 0.01993 0.02285 0.01623 0.00837 0.00307 0.00039 0.00004 
170	2	0.00007 0.00484 0.02026 0.04257 0.06351 0.12593 0.22376 0.31370 0.12648 0.03107 0.02704 0.01283 0.00514 0.00211 0.00067 0.00002 
171	2	0.00006 0.00676 0.02382 0.06021 0.11391 0.15850 0.28902 0.24576 0.04147 0.02567 0.02159 0.00905 0.00287 0.00091 0.00036 0.00003 
172	2	0.00006 0.01152 0.04711 0.08642 0.13408 0.23603 0.23786 0.18096 0.02381 0.01250 0.01631 0.00682 0.00348 0.00170 0.00132 0.00003 
173	2	0.00008 0.00158 0.01698 0.05048 0.14369 0.13966 0.30186 0.21077 0.08217 0.01577 0.02285 0.01072 0.00284 0.00046 0.00006 0.00001 
174	2	0.00002 0.00763 0.03998 0.08995 0.15722 0.18689 0.25687 0.20818 0.02058 0.01261 0.01199 0.00533 0.00172 0.00071 0.00029 0.00004 
175	2	0.00001 0.00217 0.02090 0.06880 0.12126 0.15796 0.16186 0.23461 0.19375 0.01751 0.00862 0.00776 0.00291 0.00154 0.00032 0.00002 
176	2	0.00013 0.00604 0.02983 0.07042 0.09753 0.14812 0.11258 0.16788 0.28132 0.07640 0.00375 0.00259 0.00212 0.00099 0.00028 0.00002 
177	2	0.00004 0.00378 0.03353 0.07396 0.09940 0.12174 0.11197 0.15544 0.30972 0.05623 0.01295 0.01144 0.00686 0.00218 0.00073 0.00004 
178	2	0.00003 0.00404 0.04801 0.11258 0.15188 0.17453 0.19697 0.21961 0.05583 0.01494 0.01445 0.00450 0.00198 0.00061 0.00005 0.00000 
179	2	0.00003 0.00490 0.05352 0.14081 0.11806 0.14603 0.17530 0.20525 0.10189 0.01714 0.01982 0.01082 0.00466 0.00159 0.00018 0.00001 
180	2	0.00001 0.00318 0.02947 0.07208 0.14837 0.12848 0.11778 0.23190 0.20640 0.02411 0.01270 0.01351 0.00575 0.00442 0.00178 0.00005 
181	2	0.00011 0.00832 0.04443 0.13105 0.13805 0.17011 0.25750 0.18815 0.01970 0.01494 0.01270 0.00678 0.00531 0.00219 0.00064 0.00002 
182	2	0.00007 0.00871 0.04713 0.13176 0.15760 0.14432 0.25900 0.20758 0.01829 0.01497 0.00604 0.00256 0.00141 0.00046 0.00011 0.00000 
183	2	0.00004 0.00695 0.03745 0.09388 0.14685 0.13256 0.17058 0.24914 0.09593 0.02360 0.01451 0.01274 0.00951 0.00509 0.00112 0.00004 
184	2	0.00003 0.00052 0.01851 0.08483 0.11438 0.16425 0.28488 0.16733 0.12811 0.01598 0.00575 0.00335 0.00542 0.00432 0.00221 0.00012 
185	2	0.00001 0.00197 0.03017 0.10716 0.12403 0.25253 0.26069 0.14660 0.05943 0.00999 0.00306 0.00227 0.00158 0.00038 0.00009 0.00004 
186	2	0.00011 0.01047 0.03617 0.10548 0.13743 0.22550 0.30143 0.14213 0.02713 0.00620 0.00313 0.00273 0.00144 0.00041 0.00020 0.00003 
187	2	0.00007 0.00213 0.01946 0.07492 0.11346 0.21949 0.31217 0.19699 0.03589 0.01162 0.00857 0.00328 0.00116 0.00060 0.00016 0.00003 
188	2	0.00006 0.00606 0.03965 0.09796 0.14073 0.20348 0.34247 0.12228 0.02596 0.01051 0.00650 0.00282 0.00084 0.00054 0.00010 0.00003 
189	2	0.00012 0.00931 0.05269 0.09308 0.14211 0.12078 0.18685 0.26832 0.09451 0.01585 0.00620 0.00488 0.00281 0.00183 0.00059 0.00008 
190	2	0.00011 0.00887 0.04869 0.11973 0.13242 0.14422 0.22668 0.24176 0.03930 0.01495 0.00851 0.00643 0.00416 0.00275 0.00132 0.00011 
191	2	0.00005 0.00937 0.05670 0.09532 0.16636 0.17051 0.20321 0.24265 0.02888 0.00867 0.00520 0.00483 0.00542 0.00236 0.00047 0.00001 
192	2	0.00011 0.00729 0.03982 0.14772 0.18833 0.18966 0.19099 0.14510 0.06503 0.01333 0.00498 0.00334 0.00267 0.00122 0.00036 0.00005 
193	2	0.00013 0.00632 0.05150 0.13954 0.14599 0.20763 0.21879 0.16777 0.03116 0.01301 0.00784 0.00458 0.00356 0.00166 0.00046 0.00006 
194	2	0.00003 0.00578 0.04516 0.11884 0.11980 0.14119 0.18813 0.26434 0.08963 0.01379 0.00693 0.00296 0.00167 0.00119 0.00054 0.00004 
195	2	0.00015 0.00759 0.05875 0.09273 0.13409 0.14748 0.36434 0.14555 0.02086 0.01630 0.00573 0.00270 0.00222 0.00087 0.00059 0.00006 
196	2	0.00003 0.00988 0.04306 0.12913 0.05340 0.09641 0.28332 0.24093 0.11430 0.01125 0.00820 0.00424 0.00304 0.00190 0.00085 0.00005 
197	2	0.00005 0.00514 0.03239 0.07779 0.05611 0.05838 0.23074 0.40032 0.10715 0.01236 0.00928 0.00451 0.00253 0.00181 0.00137 0.00007 
198	2	0.00013 0.01185 0.03830 0.09133 0.05475 0.05687 0.15158 0.29648 0.25524 0.01426 0.01136 0.00826 0.00550 0.00276 0.00127 0.00006 
199	2	0.00003 0.00172 0.02411 0.11663 0.09133 0.05883 0.11183 0.22839 0.30114 0.02239 0.01517 0.01277 0.00945 0.00469 0.00129 0.00023 
200	3	0.00017 0.00283 0.00807 0.01759 0.04774 0.04217 0.02779 0.03739 0.08802 0.09460 0.43900 0.19140 0.00160 0.00070 0.00049 0.00044 
201	3	0.00012 0.00268 0.01159 0.03224 0.03893 0.03757 0.03152 0.04052 0.03966 0.18451 0.49267 0.08230 0.00239 0.00093 0.00094 0.00142 
202	3	0.00001 0.00208 0.00963 0.03279 0.04651 0.03734 0.03195 0.03462 0.12983 0.13548 0.33331 0.19973 0.00635 0.00015 0.00017 0.00004 
203	3	0.00009 0.00173 0.00585 0.03455 0.06365 0.03554 0.03397 0.04739 0.08492 0.18503 0.34749 0.15004 0.00724 0.00152 0.00065 0.00034 
204	3	0.00003 0.00180 0.00518 0.02596 0.05991 0.03497 0.01981 0.02527 0.11543 0.12432 0.28702 0.29768 0.00168 0.00061 0.00026 0.00008 
205	3	0.00003 0.00176 0.00740 0.02701 0.04786 0.04353 0.03029 0.03212 0.06170 0.14276 0.31944 0.27959 0.00580 0.00036 0.00020 0.00015 
206	3	0.00028 0.00485 0.01306 0.04366 0.05362 0.03683 0.02703 0.03861 0.13514 0.18682 0.27732 0.16866 0.01084 0.00232 0.00065 0.00030 
207	3	0.00003 0.00394 0.01297 0.03831 0.04592 0.03786 0.03240 0.03870 0.07622 0.16177 0.43054 0.11735 0.00288 0.00049 0.00031 0.00031 
208	3	0.00002 0.00161 0.01073 0.02490 0.04392 0.03443 0.02400 0.02871 0.07692 0.12835 0.45816 0.14783 0.00577 0.00173 0.00214 0.01080 
209	3	0.00001 0.00170 0.01647 0.03369 0.02938 0.03489 0.03161 0.04392 0.06260 0.15589 0.49623 0.07948 0.00323 0.00244 0.00268 0.00578 
210	3	0.00008 0.00302 0.00986 0.03357 0.05964 0.03579 0.03084 0.03522 0.12355 0.19534 0.36044 0.10816 0.00198 0.00049 0.00068 0.00135 
211	3	0.00000 0.00061 0.00718 0.01805 0.03949 0.03447 0.03296 0.03681 0.14734 0.10420 0.34350 0.22715 0.00535 0.00152 0.00082 0.00056 
212	3	0.00009 0.00326 0.00915 0.02578 0.05121 0.04414 0.03600 0.03315 0.12273 0.20765 0.33047 0.12753 0.00506 0.00169 0.00134 0.00077 
213	3	0.00001 0.00163 0.00898 0.02396 0.05342 0.05007 0.03221 0.03231 0.11589 0.18645 0.34718 0.13306 0.00938 0.00202 0.00184 0.00160 
214	3	0.00004 0.00213 0.00933 0.03288 0.04373 0.04019 0.02438 0.03351 0.09921 0.14875 0.42883 0.12638 0.00512 0.00227 0.00165 0.00160 
215	3	0.00013 0.00326 0.01202 0.02800 0.03890 0.04382 0.03286 0.04119 0.12777 0.13958 0.39433 0.13384 0.00295 0.00051 0.00047 0.00038 
216	3	0.00007 0.00285 0.01627 0.03493 0.05706 0.04406 0.02741 0.02911 0.09379 0.20710 0.33336 0.13492 0.00988 0.00169 0.00222 0.00528 
217	3	0.00002 0.00116 0.01148 0.02910 0.03782 0.03473 0.02510 0.03164 0.11730 0.16466 0.33667 0.19284 0.00743 0.00244 0.00264 0.00495 
218	3	0.00023 0.00430 0.01063 0.03411 0.04801 0.04002 0.02520 0.03497 0.15023 0.17785 0.30824 0.15895 0.00274 0.00143 0.00146 0.00164 
219	3	0.00003 0.00327 0.01461 0.04130 0.05969 0.05190 0.03510 0.04391 0.08992 0.16389 0.23784 0.21078 0.03076 0.01331 0.00138 0.00231 
220	3	0.00002 0.00233 0.01284 0.03460 0.05821 0.04315 0.02353 0.02948 0.09487 0.17063 0.31221 0.21199 0.00319 0.00137 0.00067 0.00092 
221	3	0.00004 0.00192 0.01414 0.03673 0.06323 0.03461 0.02958 0.02796 0.07173 0.19685 0.23248 0.28175 0.00535 0.00123 0.00107 0.00133 
222	3	0.00003 0.00219 0.01163 0.02850 0.05473 0.04369 0.03567 0.03311 0.08199 0.20123 0.22251 0.27617 0.00547 0.00153 0.00071 0.00084 
223	3	0.00005 0.00188 0.01004 0.01721 0.04248 0.03601 0.02441 0.02012 0.08208 0.11919 0.13823 0.46585 0.02713 0.00614 0.00552 0.00365 
224	3	0.00011 0.00144 0.00661 0.02193 0.05629 0.03980 0.03001 0.02814 0.06971 0.15698 0.13548 0.41879 0.02474 0.00434 0.00218 0.00344 
225	3	0.00021 0.00269 0.00590 0.01798 0.05175 0.05320 0.03602 0.02507 0.02228 0.04569 0.18388 0.28208 0.27014 0.00114 0.00088 0.00107 
226	3	0.00004 0.00232 0.01322 0.02401 0.04810 0.04052 0.02973 0.02051 0.02287 0.06602 0.18540 0.27573 0.26746 0.00260 0.00098 0.00049 
227	3	0.00001 0.00105 0.00580 0.01239 0.03647 0.05147 0.03859 0.02592 0.02453 0.07217 0.18925 0.20065 0.33459 0.00341 0.00154 0.00214 
228	3	0.00005 0.00084 0.00347 0.01543 0.03077 0.03666 0.03300 0.02401 0.02015 0.02465 0.13241 0.17438 0.49602 0.00221 0.00199 0.00395 
229	3	0.00000 0.00139 0.00612 0.01409 0.03025 0.04708 0.04834 0.03729 0.05008 0.05391 0.19611 0.49730 0.01433 0.00162 0.00118 0.00091 
230	3	0.00003 0.00177 0.00886 0.03372 0.06747 0.04432 0.03554 0.03830 0.07376 0.08295 0.21216 0.38011 0.01732 0.00144 0.00086 0.00139 
231	3	0.00034 0.00362 0.00922 0.03090 0.06756 0.05313 0.04164 0.03614 0.06291 0.07734 0.21066 0.38283 0.01757 0.00180 0.00199 0.00236 
232	3	0.00007 0.00285 0.01173 0.02700 0.05770 0.04654 0.04709 0.04585 0.10635 0.07770 0.20010 0.35815 0.01721 0.00075 0.00039 0.00052 
233	3	0.00021 0.00446 0.01544 0.02986 0.04590 0.04715 0.04445 0.04321 0.09349 0.09409 0.18429 0.36690 0.02661 0.00224 0.00095 0.00075 
234	3	0.00012 0.00342 0.01771 0.02911 0.03930 0.04650 0.02927 0.02921 0.06145 0.07684 0.17986 0.45937 0.01950 0.00202 0.00197 0.00433 
235	3	0.00010 0.00216 0.01811 0.05087 0.05141 0.03838 0.03762 0.03439 0.06640 0.07213 0.17665 0.42529 0.02450 0.00153 0.00026 0.00019 
236	3	0.00019 0.00187 0.00698 0.02351 0.04483 0.04957 0.04247 0.03011 0.05665 0.05092 0.12099 0.51941 0.04630 0.00157 0.00145 0.00318 
237	3	0.00002 0.00045 0.00427 0.01770 0.03709 0.04422 0.05313 0.03474 0.03066 0.03055 0.04925 0.18126 0.50172 0.00710 0.00351 0.00433 
238	3	0.00011 0.00226 0.00824 0.01753 0.04135 0.05383 0.05224 0.04166 0.03695 0.05853 0.11392 0.22314 0.33935 0.00826 0.00160 0.00104 
239	3	0.00001 0.00006 0.00137 0.01759 0.04580 0.05887 0.05194 0.03327 0.03768 0.06874 0.09761 0.23814 0.33559 0.01085 0.00178 0.00072 
240	3	0.00004 0.00221 0.01046 0.03338 0.06690 0.05075 0.03202 0.02837 0.03248 0.07276 0.10927 0.34672 0.20886 0.00262 0.00130 0.00184 
241	3	0.00014 0.00347 0.00837 0.02188 0.05199 0.05189 0.04248 0.03535 0.03926 0.07796 0.21050 0.42756 0.02836 0.00061 0.00013 0.00004 
242	3	0.00003 0.00114 0.00801 0.01180 0.02572 0.03903 0.04575 0.03012 0.03998 0.07295 0.08823 0.59300 0.03944 0.00272 0.00169 0.00040 
243	3	0.00003 0.00058 0.00353 0.00799 0.03937 0.05477 0.04210 0.03723 0.04543 0.12082 0.12320 0.44149 0.07937 0.00303 0.00073 0.00033 
244	3	0.00002 0.00139 0.00777 0.01840 0.04855 0.04298 0.03079 0.02906 0.06421 0.15760 0.14208 0.42072 0.03408 0.00151 0.00071 0.00013 
245	3	0.00004 0.00179 0.00897 0.01500 0.03970 0.06835 0.03904 0.03375 0.03871 0.06833 0.19227 0.42451 0.06515 0.00207 0.00104 0.00125 
246	3	0.00004 0.00311 0.00638 0.01397 0.04165 0.05890 0.04754 0.02796 0.03071 0.06779 0.11667 0.48869 0.09093 0.00238 0.00183 0.00144 
247	3	0.00004 0.00261 0.00941 0.02520 0.05643 0.05560 0.03616 0.02824 0.08355 0.11017 0.12778 0.36405 0.06782 0.02860 0.00178 0.00257 
248	3	0.00008 0.00394 0.00741 0.02060 0.05406 0.05805 0.03767 0.02729 0.05195 0.13863 0.14610 0.42124 0.02682 0.00211 0.00146 0.00257 
249	3	0.00006 0.00227 0.00882 0.03286 0.06290 0.06225 0.03662 0.02774 0.04058 0.09191 0.19087 0.41183 0.03012 0.00059 0.00039 0.00019 
250	3	0.00002 0.00126 0.00562 0.01534 0.04837 0.05935 0.04383 0.04103 0.04072 0.09092 0.17438 0.43824 0.03467 0.00368 0.00114 0.00143 
251	3	0.00023 0.00284 0.00809 0.02004 0.04382 0.04854 0.04495 0.03476 0.04213 0.06441 0.13512 0.51399 0.03508 0.00313 0.00137 0.00149 
252	3	0.00000 0.00070 0.00531 0.01484 0.04048 0.06069 0.04048 0.03892 0.03680 0.09611 0.13701 0.44497 0.07582 0.00393 0.00152 0.00241 
253	3	0.00004 0.00156 0.00759 0.02310 0.03997 0.04711 0.03602 0.02583 0.03883 0.06048 0.10943 0.58130 0.02284 0.00210 0.00173 0.00206 
254	3	0.00003 0.00107 0.00883 0.03114 0.05385 0.04474 0.02597 0.02553 0.03458 0.08231 0.20159 0.43180 0.05038 0.00588 0.00110 0.00120 
255	3	0.00007 0.00165 0.01107 0.03401 0.04601 0.04309 0.02820 0.02142 0.02380 0.04876 0.19757 0.49534 0.02986 0.00705 0.00401 0.00808 
256	3	0.00004 0.00155 0.01247 0.03898 0.04521 0.03071 0.02582 0.02750 0.04119 0.13196 0.15393 0.39116 0.09553 0.00187 0.00134 0.00076 
257	3	0.00005 0.00154 0.00829 0.02039 0.04826 0.05153 0.04288 0.03065 0.02830 0.05616 0.15391 0.40384 0.15161 0.00160 0.00076 0.00025 
258	3	0.00009 0.00164 0.00550 0.01696 0.03997 0.05539 0.03680 0.02670 0.02698 0.07822 0.16595 0.29330 0.24695 0.00222 0.00141 0.00195 
259	3	0.00021 0.00273 0.00700 0.02221 0.05731 0.07190 0.04894 0.03516 0.03159 0.05341 0.15829 0.28001 0.22454 0.00306 0.00087 0.00278 
260	3	0.00002 0.00150 0.00506 0.01331 0.04543 0.06879 0.04683 0.02678 0.02041 0.05302 0.16018 0.19498 0.35017 0.00546 0.00251 0.00555 
261	3	0.00010 0.00285 0.00731 0.01882 0.03015 0.03282 0.03518 0.02799 0.02410 0.02537 0.08565 0.13297 0.53384 0.03679 0.00240 0.00367 
262	3	0.00001 0.00076 0.00469 0.00542 0.01946 0.04329 0.04499 0.03913 0.03243 0.06019 0.07872 0.34347 0.32353 0.00200 0.00088 0.00105 
263	3	0.00008 0.00302 0.01073 0.02642 0.04281 0.04842 0.03546 0.04005 0.04434 0.09791 0.10648 0.43865 0.10048 0.00220 0.00104 0.00190 
264	3	0.00001 0.00070 0.00434 0.01610 0.03058 0.04097 0.04840 0.03966 0.04456 0.09262 0.10843 0.38763 0.17719 0.00712 0.00148 0.00020 
265	3	0.00001 0.00082 0.00603 0.01351 0.04485 0.05662 0.04610 0.03901 0.03764 0.10609 0.06319 0.36062 0.21966 0.00312 0.00174 0.00098 
266	3	0.00005 0.00138 0.00598 0.01359 0.02474 0.04454 0.05659 0.04492 0.02943 0.05104 0.16926 0.25776 0.28880 0.00828 0.00208 0.00157 
267	3	0.00001 0.00074 0.00648 0.01612 0.03720 0.04233 0.03978 0.03585 0.02841 0.05798 0.08470 0.34480 0.29641 0.00671 0.00133 0.00117 
268	3	0.00002 0.00147 0.00600 0.01400 0.03043 0.04505 0.05415 0.02880 0.02823 0.07258 0.11848 0.28749 0.30373 0.00855 0.00064 0.00039 
269	3	0.00001 0.00070 0.00359 0.00834 0.02702 0.05334 0.05167 0.03795 0.02692 0.04669 0.08997 0.12584 0.50382 0.01570 0.00301 0.00545 
270	3	0.00003 0.00151 0.00454 0.01799 0.04140 0.05040 0.03894 0.02591 0.01737 0.02087 0.04336 0.14063 0.55274 0.03721 0.00548 0.00161 
271	3	0.00002 0.00083 0.00465 0.01395 0.02990 0.04784 0.05522 0.04341 0.01806 0.02889 0.04571 0.14554 0.55275 0.01227 0.00078 0.00017 
272	3	0.00003 0.00234 0.00365 0.00599 0.01440 0.02662 0.03759 0.04275 0.04049 0.02595 0.03253 0.08093 0.17379 0.50852 0.00292 0.00149 
273	3	0.00003 0.00142 0.00475 0.00493 0.01331 0.03329 0.04776 0.04919 0.03853 0.02129 0.02649 0.04552 0.21119 0.49127 0.00675 0.00429 
274	3	0.00000 0.00012 0.00230 0.00373 0.00593 0.01901 0.05326 0.05589 0.04409 0.02534 0.02285 0.02922 0.17500 0.54147 0.02095 0.00084 
275	3	0.00008 0.00118 0.00270 0.00516 0.01293 0.02434 0.03669 0.03678 0.03812 0.04135 0.02770 0.05138 0.18427 0.52840 0.00332 0.00560 
276	3	0.00002 0.00031 0.00257 0.00455 0.00958 0.02319 0.04180 0.04164 0.04458 0.02730 0.02207 0.04459 0.20566 0.52151 0.00712 0.00352 
277	3	0.00004 0.00158 0.00475 0.00699 0.02153 0.04172 0.04735 0.04136 0.03330 0.02488 0.03894 0.08011 0.22739 0.42723 0.00216 0.00067 
278	3	0.00001 0.00114 0.00322 0.00349 0.01356 0.02602 0.04107 0.04352 0.04768 0.03618 0.03021 0.05621 0.18502 0.50723 0.00362 0.00181 
279	3	0.00001 0.00031 0.00263 0.00522 0.00717 0.01768 0.04061 0.06245 0.05725 0.03481 0.02956 0.03351 0.17958 0.47551 0.05210 0.00162 
280	3	0.00008 0.00156 0.00316 0.00523 0.01134 0.03287 0.05685 0.05653 0.03940 0.02721 0.02202 0.04618 0.14969 0.54619 0.00095 0.00073 
281	3	0.00004 0.00166 0.00453 0.00567 0.01566 0.02347 0.03726 0.03276 0.02902 0.03376 0.02505 0.08125 0.19264 0.49921 0.00513 0.01289 
282	3	0.00013 0.00243 0.00444 0.00827 0.02061 0.03943 0.04012 0.04661 0.03608 0.02527 0.04319 0.10204 0.25664 0.37212 0.00161 0.00098 
283	3	0.00007 0.00115 0.00198 0.00441 0.01937 0.04144 0.05631 0.04832 0.03721 0.04013 0.04066 0.13417 0.28756 0.28538 0.00150 0.00034 
284	3	0.00003 0.00057 0.00214 0.00717 0.01909 0.03572 0.04953 0.03991 0.03291 0.03232 0.05129 0.09199 0.41799 0.21553 0.00228 0.00154 
285	3	0.00004 0.00130 0.00349 0.00664 0.03141 0.05788 0.05501 0.03376 0.02594 0.02660 0.04175 0.16228 0.40824 0.13432 0.00712 0.00422 
286	3	0.00004 0.00102 0.00380 0.00977 0.02412 0.04084 0.05343 0.04739 0.02957 0.02932 0.02810 0.11366 0.31353 0.29682 0.00594 0.00265 
287	3	0.00002 0.00068 0.00487 0.00884 0.01910 0.04429 0.05132 0.04186 0.03242 0.02989 0.13567 0.14425 0.46758 0.01519 0.00210 0.00192 
288	3	0.00003 0.00165 0.01189 0.03015 0.04581 0.03831 0.03605 0.02628 0.02336 0.07504 0.13057 0.21865 0.32425 0.02074 0.00790 0.00933 
289	3	0.00003 0.00148 0.00755 0.02225 0.03955 0.06119 0.04617 0.02884 0.02898 0.04641 0.17203 0.25043 0.28059 0.00780 0.00341 0.00330 
290	3	0.00001 0.00012 0.00192 0.00634 0.01649 0.03701 0.04809 0.06160 0.04759 0.03396 0.05155 0.24318 0.42030 0.02577 0.00386 0.00222 
291	3	0.00009 0.00181 0.00433 0.00986 0.01829 0.04453 0.04821 0.03674 0.03065 0.02487 0.02649 0.05821 0.24976 0.43836 0.00512 0.00267 
292	3	0.00012 0.00180 0.01187 0.02214 0.04292 0.04106 0.03551 0.02757 0.02927 0.02803 0.02822 0.13082 0.31997 0.27293 0.00356 0.00419 
293	3	0.00002 0.00048 0.00493 0.01301 0.03167 0.04775 0.04027 0.03374 0.02016 0.02766 0.06313 0.22611 0.44858 0.01568 0.00984 0.01699 
294	3	0.00008 0.00370 0.01081 0.02000 0.03841 0.05141 0.04884 0.03770 0.03270 0.04513 0.17896 0.37117 0.15786 0.00205 0.00057 0.00061 
295	3	0.00000 0.00067 0.00331 0.01092 0.04112 0.05061 0.04815 0.03590 0.03090 0.04818 0.14057 0.32001 0.25582 0.00320 0.00314 0.00750 
296	3	0.00001 0.00034 0.00388 0.01581 0.04738 0.04940 0.05051 0.04012 0.02799 0.04054 0.15960 0.29352 0.25695 0.00660 0.00345 0.00390 
