1000	10	16
0	1	0.00784 0.07190 0.11715 0.09544 0.12468 0.12403 0.13415 0.09313 0.08351 0.05922 0.03724 0.01830 0.01432 0.01340 0.00567 0.00002 
1	1	0.04215 0.11109 0.09285 0.07820 0.11113 0.10908 0.11514 0.11002 0.08519 0.04854 0.03631 0.02792 0.01771 0.01124 0.00328 0.00013 
2	1	0.03404 0.14219 0.11562 0.09838 0.09241 0.09300 0.07859 0.07245 0.05712 0.04081 0.03688 0.03819 0.03849 0.03593 0.02575 0.00016 
3	1	0.01125 0.07491 0.07087 0.05005 0.06238 0.07665 0.11256 0.14591 0.10158 0.05859 0.04371 0.03689 0.03485 0.04824 0.07063 0.00093 
4	1	0.01337 0.14317 0.13688 0.12390 0.10542 0.08908 0.05146 0.03964 0.03150 0.02471 0.02188 0.02113 0.03076 0.13803 0.02878 0.00028 
5	1	0.01222 0.07840 0.08962 0.09168 0.10246 0.11956 0.13206 0.09996 0.06809 0.04238 0.03464 0.03571 0.02339 0.02982 0.03986 0.00017 
6	1	0.03521 0.19266 0.16049 0.12704 0.11321 0.09533 0.07810 0.05744 0.03647 0.02662 0.02369 0.01679 0.01397 0.01201 0.01062 0.00034 
7	1	0.01314 0.16676 0.10488 0.10822 0.12268 0.11441 0.07258 0.05096 0.03735 0.03351 0.02328 0.01625 0.01352 0.01599 0.05842 0.04804 
8	1	0.01559 0.10602 0.11422 0.14381 0.15716 0.14561 0.10881 0.06125 0.03291 0.01909 0.01591 0.01239 0.01059 0.01615 0.04016 0.00034 
9	1	0.02177 0.13276 0.10826 0.09474 0.11191 0.09838 0.12897 0.10783 0.05724 0.02812 0.01586 0.01229 0.02009 0.04677 0.01483 0.00019 
10	1	0.00733 0.05018 0.06690 0.08491 0.09385 0.10006 0.09692 0.08601 0.07880 0.06176 0.05098 0.04095 0.04239 0.07554 0.06312 0.00028 
11	1	0.00642 0.04543 0.06844 0.09556 0.11576 0.13363 0.11120 0.09922 0.07549 0.04969 0.03866 0.03238 0.04115 0.04761 0.03916 0.00020 
12	1	0.02143 0.18833 0.12395 0.11920 0.10210 0.09922 0.07590 0.05256 0.03822 0.02723 0.02804 0.01833 0.02822 0.04715 0.02987 0.00024 
13	1	0.02449 0.17319 0.12359 0.10073 0.11299 0.10693 0.08999 0.06037 0.04835 0.03783 0.02833 0.02604 0.02098 0.02831 0.01769 0.00020 
14	1	0.01947 0.02586 0.05275 0.08377 0.10556 0.09256 0.07552 0.05757 0.07876 0.11858 0.14886 0.09747 0.02011 0.01328 0.00968 0.00019 
15	1	0.02748 0.18528 0.11490 0.07417 0.06652 0.05963 0.05723 0.05653 0.05510 0.04165 0.04095 0.06578 0.05429 0.06698 0.03334 0.00018 
16	1	0.04372 0.23322 0.11349 0.10844 0.11891 0.12506 0.07858 0.05461 0.04151 0.02925 0.01994 0.01333 0.00891 0.00551 0.00522 0.00031 
17	1	0.05553 0.17837 0.19307 0.14724 0.09401 0.07269 0.05873 0.05612 0.03179 0.01436 0.01131 0.00984 0.01736 0.04160 0.01775 0.00022 
18	1	0.02737 0.37887 0.10123 0.09661 0.05969 0.05715 0.06120 0.04502 0.03208 0.02695 0.02131 0.02273 0.02348 0.03102 0.01516 0.00014 
19	1	0.00975 0.04311 0.07651 0.11117 0.13166 0.14789 0.12488 0.10557 0.08894 0.05408 0.02230 0.01528 0.01513 0.02006 0.03326 0.00043 
20	1	0.04159 0.15293 0.10006 0.07450 0.08393 0.10585 0.11340 0.09003 0.06544 0.04932 0.03851 0.04638 0.02543 0.00833 0.00409 0.00021 
21	1	0.02812 0.11873 0.09814 0.08736 0.07985 0.07900 0.09866 0.09038 0.07461 0.05493 0.04775 0.04065 0.02963 0.02970 0.04144 0.00103 
22	1	0.01275 0.08553 0.09851 0.09135 0.10655 0.10438 0.10336 0.07837 0.06763 0.05806 0.04716 0.04122 0.03561 0.04922 0.02007 0.00022 
23	1	0.01350 0.10757 0.09806 0.08172 0.09010 0.07724 0.07477 0.06475 0.05777 0.05217 0.04770 0.04086 0.03678 0.06129 0.09527 0.00045 
24	1	0.14747 0.19463 0.09247 0.05246 0.04723 0.05507 0.06231 0.06670 0.06256 0.05127 0.04908 0.03833 0.03133 0.03545 0.01326 0.00037 
25	1	0.01199 0.06505 0.08938 0.09412 0.09887 0.10880 0.09933 0.08691 0.07573 0.06051 0.05273 0.04515 0.04224 0.02754 0.04142 0.00023 
26	1	0.03864 0.09991 0.12180 0.11423 0.09791 0.09100 0.07458 0.07014 0.04904 0.03592 0.03539 0.03431 0.05491 0.07184 0.01029 0.00008 
27	1	0.06373 0.09873 0.06645 0.07868 0.10096 0.11609 0.11066 0.10705 0.07171 0.04724 0.04005 0.02029 0.01636 0.01706 0.04398 0.00097 
28	1	0.02692 0.11193 0.06309 0.06154 0.08941 0.10947 0.11448 0.07419 0.05082 0.04370 0.03389 0.03415 0.02932 0.03296 0.12356 0.00058 
29	1	0.07961 0.14562 0.10548 0.08584 0.09049 0.09487 0.11617 0.06670 0.03915 0.03203 0.03033 0.02937 0.02829 0.03642 0.01899 0.00063 
30	1	0.01175 0.07232 0.11663 0.14196 0.16667 0.14243 0.11545 0.07980 0.05724 0.03462 0.02183 0.01332 0.00916 0.01045 0.00627 0.00013 
31	1	0.01679 0.08844 0.09490 0.10271 0.10620 0.11128 0.08355 0.07124 0.06167 0.05235 0.05588 0.05298 0.04948 0.03760 0.01430 0.00064 
32	1	0.05028 0.20424 0.13725 0.11597 0.09580 0.08604 0.07926 0.05992 0.03471 0.01922 0.01744 0.01943 0.02077 0.03030 0.02819 0.00118 
33	1	0.01049 0.03997 0.04639 0.03901 0.05038 0.11802 0.16621 0.15646 0.11618 0.08339 0.06473 0.03861 0.03264 0.02882 0.00852 0.00016 
34	1	0.00738 0.03361 0.04089 0.04259 0.05032 0.05619 0.07237 0.08531 0.11680 0.12031 0.09867 0.08555 0.08671 0.09503 0.00822 0.00004 
35	1	0.03306 0.17611 0.10670 0.07808 0.07003 0.06533 0.08403 0.11934 0.12264 0.04074 0.02200 0.01821 0.01936 0.03041 0.01361 0.00036 
36	1	0.02917 0.15666 0.14820 0.14841 0.14157 0.10678 0.07439 0.04413 0.02876 0.03101 0.01775 0.01391 0.01176 0.02310 0.01667 0.00773 
37	1	0.01447 0.17848 0.14252 0.10764 0.10558 0.11460 0.08417 0.06729 0.05228 0.03316 0.03253 0.01980 0.01571 0.02122 0.01038 0.00019 
38	1	0.04767 0.21354 0.13775 0.12691 0.11048 0.09964 0.08228 0.04750 0.02964 0.02291 0.01720 0.01593 0.01423 0.01378 0.02026 0.00027 
39	1	0.04525 0.13733 0.11768 0.07517 0.06070 0.04766 0.04776 0.05210 0.04085 0.02807 0.02923 0.03252 0.04940 0.15458 0.08154 0.00016 
40	1	0.00654 0.20860 0.17112 0.11141 0.08195 0.07336 0.06030 0.03440 0.02899 0.02548 0.02322 0.02402 0.02377 0.08258 0.04418 0.00006 
41	1	0.03268 0.17429 0.11424 0.08943 0.07938 0.06790 0.05183 0.03915 0.03314 0.02772 0.02807 0.02899 0.07110 0.09641 0.06505 0.00063 
42	1	0.06823 0.20810 0.13653 0.11117 0.09632 0.10239 0.09436 0.06228 0.03809 0.02364 0.01165 0.00893 0.01441 0.01172 0.01196 0.00023 
43	1	0.01254 0.12405 0.13562 0.06849 0.05446 0.05153 0.04265 0.03990 0.03654 0.03576 0.03399 0.03400 0.07072 0.21596 0.04362 0.00016 
44	1	0.02921 0.31359 0.10952 0.09174 0.06816 0.05258 0.03820 0.00896 0.00520 0.00472 0.00550 0.00781 0.03159 0.13669 0.09615 0.00040 
45	1	0.07067 0.30249 0.14288 0.10380 0.09745 0.08456 0.06114 0.03913 0.02224 0.01495 0.01260 0.01223 0.01259 0.01655 0.00660 0.00010 
46	1	0.14764 0.25861 0.16468 0.12407 0.08367 0.06766 0.04041 0.02430 0.01403 0.01069 0.01528 0.01559 0.01717 0.01400 0.00215 0.00005 
47	1	0.01001 0.07971 0.10555 0.09737 0.09386 0.07920 0.07957 0.06769 0.06368 0.06206 0.05783 0.06272 0.05778 0.06001 0.02286 0.00009 
48	1	0.01637 0.17813 0.16326 0.13138 0.11612 0.09413 0.08054 0.06854 0.05420 0.02998 0.01716 0.01653 0.01359 0.01302 0.00680 0.00026 
49	1	0.02062 0.10688 0.17381 0.14901 0.09378 0.06164 0.05865 0.05250 0.05305 0.07392 0.03825 0.03047 0.02754 0.04465 0.01449 0.00075 
50	1	0.01336 0.13430 0.13723 0.13219 0.11410 0.09963 0.07262 0.06678 0.04753 0.04144 0.04256 0.02984 0.02411 0.03402 0.01024 0.00006 
51	1	0.03156 0.13770 0.13951 0.12115 0.10902 0.08668 0.07543 0.05635 0.04767 0.04294 0.04038 0.03357 0.02934 0.03428 0.01409 0.00035 
52	1	0.01112 0.05048 0.07192 0.09048 0.09384 0.10492 0.08907 0.08367 0.06807 0.05683 0.05984 0.06215 0.09945 0.05225 0.00577 0.00013 
53	1	0.00800 0.05187 0.06360 0.07604 0.08706 0.10225 0.10533 0.08670 0.07917 0.09626 0.08164 0.05420 0.02118 0.02922 0.05699 0.00050 
54	1	0.01920 0.15048 0.12092 0.11781 0.09830 0.07940 0.07360 0.05216 0.04008 0.03867 0.03177 0.02972 0.03473 0.03826 0.07415 0.00076 
55	1	0.02695 0.20257 0.17611 0.10771 0.08546 0.06702 0.06055 0.04457 0.03831 0.03074 0.02945 0.02381 0.02677 0.06740 0.01249 0.00010 
56	1	0.02036 0.14502 0.15135 0.11974 0.10929 0.10149 0.07314 0.05895 0.04949 0.03903 0.03323 0.02782 0.03058 0.02246 0.01784 0.00020 
57	1	0.17148 0.17324 0.13968 0.10552 0.09189 0.06510 0.06147 0.03953 0.02967 0.02399 0.02217 0.01897 0.02288 0.02219 0.01210 0.00013 
58	1	0.00985 0.15667 0.16260 0.13012 0.11176 0.08805 0.07735 0.05887 0.05310 0.05045 0.04046 0.02282 0.01996 0.01320 0.00468 0.00008 
59	1	0.02149 0.17599 0.15644 0.09480 0.08779 0.09058 0.07437 0.05754 0.05069 0.03570 0.03574 0.03498 0.03153 0.03052 0.02144 0.00040 
60	1	0.01195 0.12324 0.14199 0.11235 0.11885 0.11304 0.10714 0.06769 0.04595 0.03072 0.02290 0.02033 0.02673 0.04947 0.00756 0.00010 
61	1	0.01286 0.09498 0.08257 0.10058 0.10510 0.10899 0.10634 0.09115 0.08007 0.07165 0.05224 0.03876 0.02703 0.01849 0.00894 0.00026 
62	1	0.02147 0.16862 0.10252 0.11629 0.13721 0.13924 0.10427 0.04115 0.02614 0.01738 0.01399 0.01288 0.00999 0.01165 0.03223 0.04497 
63	1	0.09203 0.08480 0.06708 0.06563 0.07016 0.05858 0.06011 0.05516 0.05228 0.04738 0.04286 0.05116 0.06137 0.12048 0.07037 0.00055 
64	1	0.01520 0.14428 0.12077 0.10063 0.08979 0.08618 0.07003 0.05731 0.05025 0.04638 0.04743 0.04675 0.04544 0.04747 0.03143 0.00066 
65	1	0.21139 0.22654 0.10446 0.09648 0.09353 0.06326 0.03546 0.01424 0.00749 0.00793 0.01089 0.01584 0.01864 0.02542 0.06807 0.00036 
66	1	0.06016 0.23037 0.09947 0.07203 0.07995 0.09491 0.09908 0.09544 0.07417 0.03350 0.01894 0.01272 0.01128 0.01010 0.00754 0.00036 
67	1	0.03903 0.15924 0.13062 0.12587 0.09039 0.09367 0.10215 0.08902 0.05293 0.04292 0.03453 0.01446 0.01030 0.01199 0.00285 0.00003 
68	1	0.01796 0.17909 0.10736 0.06935 0.06202 0.06704 0.08142 0.10996 0.12895 0.08959 0.03270 0.02026 0.01512 0.01478 0.00431 0.00008 
69	1	0.02072 0.41020 0.21532 0.10641 0.06111 0.04354 0.02866 0.02165 0.01783 0.01549 0.01643 0.01282 0.01255 0.01074 0.00640 0.00013 
70	1	0.00920 0.02927 0.04414 0.07947 0.12364 0.17987 0.16971 0.11864 0.07389 0.05632 0.04201 0.02439 0.01609 0.01813 0.01482 0.00042 
71	1	0.00724 0.04234 0.06483 0.07712 0.07305 0.07561 0.09577 0.09225 0.12439 0.12443 0.09115 0.05390 0.03872 0.01384 0.02483 0.00052 
72	1	0.03778 0.13821 0.10811 0.08633 0.08464 0.08512 0.08355 0.09263 0.07462 0.06051 0.04892 0.03468 0.02594 0.02104 0.01738 0.00054 
73	1	0.00887 0.01923 0.02545 0.02762 0.02510 0.03091 0.02886 0.02023 0.02161 0.03371 0.03587 0.05687 0.15429 0.40257 0.10838 0.00044 
74	1	0.01598 0.18017 0.06828 0.05983 0.09560 0.14181 0.14071 0.10214 0.07961 0.05505 0.03458 0.00934 0.00263 0.00234 0.01174 0.00019 
75	1	0.01237 0.08539 0.11461 0.10534 0.11301 0.09770 0.09499 0.07826 0.07452 0.06076 0.04121 0.02955 0.02953 0.04010 0.02250 0.00016 
76	1	0.01182 0.15332 0.18390 0.11093 0.09797 0.07292 0.07392 0.05362 0.04944 0.03813 0.04061 0.04197 0.03779 0.02898 0.00463 0.00005 
77	1	0.00788 0.06361 0.10253 0.11162 0.10472 0.08485 0.09631 0.08581 0.08039 0.07542 0.06546 0.04200 0.03954 0.03200 0.00775 0.00010 
78	1	0.01716 0.25728 0.19996 0.12572 0.08836 0.06920 0.06130 0.04966 0.03878 0.03105 0.02246 0.01243 0.00852 0.00651 0.01151 0.00009 
79	1	0.00753 0.01425 0.01133 0.01086 0.01122 0.01084 0.01159 0.01333 0.01512 0.02055 0.06209 0.11222 0.18494 0.40627 0.10755 0.00031 
80	1	0.02097 0.10538 0.11237 0.11963 0.12189 0.10105 0.08764 0.06262 0.05168 0.04137 0.03380 0.03326 0.04132 0.05606 0.01092 0.00005 
81	1	0.05172 0.20366 0.16856 0.14445 0.09219 0.07249 0.05168 0.04554 0.03427 0.02444 0.02077 0.01484 0.01665 0.03210 0.02653 0.00009 
82	1	0.02787 0.22705 0.15038 0.11646 0.10575 0.08830 0.07194 0.05150 0.04084 0.03459 0.02424 0.02230 0.01866 0.01318 0.00675 0.00018 
83	1	0.06949 0.19521 0.16431 0.12145 0.08944 0.07475 0.06433 0.05328 0.04625 0.03249 0.02284 0.01624 0.01136 0.01695 0.02146 0.00015 
84	1	0.02585 0.22598 0.11918 0.09120 0.08175 0.07937 0.06490 0.05191 0.06076 0.04886 0.03321 0.02902 0.03728 0.03730 0.01337 0.00006 
85	1	0.04555 0.18806 0.16258 0.13656 0.12896 0.10390 0.05771 0.04299 0.03497 0.02386 0.01871 0.01570 0.01594 0.01566 0.00853 0.00033 
86	1	0.00954 0.03366 0.05364 0.06241 0.06770 0.07598 0.07918 0.07255 0.09231 0.12223 0.09827 0.07727 0.03934 0.05053 0.06511 0.00028 
87	1	0.08007 0.13606 0.13741 0.13087 0.11286 0.10086 0.07867 0.05551 0.04218 0.03054 0.02541 0.02033 0.01885 0.01662 0.01365 0.00010 
88	1	0.01188 0.06715 0.07395 0.07397 0.10001 0.14446 0.12827 0.08660 0.09619 0.12149 0.05057 0.01531 0.01448 0.00899 0.00605 0.00063 
89	1	0.02241 0.15364 0.17638 0.14133 0.11832 0.08917 0.06811 0.04979 0.04264 0.03397 0.02754 0.02072 0.02025 0.02070 0.01444 0.00059 
90	1	0.06316 0.10817 0.10388 0.09778 0.09465 0.08603 0.09651 0.07965 0.06141 0.04043 0.02787 0.02569 0.03181 0.05546 0.02707 0.00044 
91	1	0.02231 0.14956 0.10592 0.08438 0.08477 0.09449 0.09952 0.09645 0.06818 0.04006 0.03217 0.02558 0.02570 0.04983 0.02095 0.00016 
92	1	0.00821 0.04708 0.05236 0.11103 0.16079 0.15701 0.11902 0.10520 0.06423 0.04467 0.03280 0.02768 0.03026 0.03207 0.00753 0.00006 
93	1	0.01197 0.12537 0.11745 0.09123 0.08809 0.07388 0.07143 0.05780 0.05214 0.05914 0.05654 0.05181 0.04644 0.06880 0.02761 0.00030 
94	1	0.00853 0.05495 0.09273 0.10073 0.11209 0.10239 0.11039 0.09361 0.08434 0.05495 0.03459 0.03079 0.02065 0.05210 0.04700 0.00015 
95	1	0.03065 0.21572 0.13180 0.07977 0.05361 0.04134 0.02810 0.02596 0.02101 0.03134 0.05449 0.04797 0.08059 0.13340 0.02423 0.00002 
96	1	0.00904 0.03601 0.08198 0.09402 0.12362 0.10529 0.08666 0.06232 0.05811 0.05608 0.05478 0.05920 0.06293 0.08456 0.02521 0.00019 
97	1	0.00748 0.03974 0.09519 0.07479 0.09219 0.11972 0.16048 0.15581 0.11056 0.04998 0.03029 0.01912 0.01763 0.01178 0.01497 0.00025 
98	1	0.00858 0.02241 0.03332 0.05730 0.11658 0.15879 0.19024 0.13067 0.09984 0.06684 0.03954 0.02701 0.02225 0.01839 0.00759 0.00066 
99	1	0.04012 0.12208 0.13370 0.12768 0.12100 0.12486 0.09137 0.06277 0.04661 0.03387 0.02964 0.02262 0.01952 0.01628 0.00756 0.00032 
100	2	0.03294 0.07637 0.07422 0.07616 0.08350 0.12631 0.12135 0.10809 0.08577 0.07722 0.03624 0.02365 0.01912 0.03144 0.02729 0.00032 
101	2	0.00628 0.01434 0.01260 0.00930 0.00818 0.00944 0.02414 0.05488 0.09341 0.10247 0.13655 0.15258 0.20741 0.15105 0.01713 0.00024 
102	2	0.00489 0.00605 0.00857 0.01772 0.02852 0.03958 0.05205 0.16881 0.23217 0.16274 0.16757 0.07328 0.02197 0.00964 0.00630 0.00012 
103	2	0.00121 0.02484 0.05480 0.13222 0.13070 0.09281 0.02734 0.03561 0.13735 0.21562 0.08576 0.04226 0.01126 0.00382 0.00416 0.00022 
104	2	0.00616 0.01323 0.01218 0.01178 0.01080 0.01882 0.06133 0.11186 0.16710 0.19813 0.16543 0.13857 0.05542 0.02584 0.00306 0.00028 
105	2	0.00352 0.18437 0.19685 0.14227 0.11013 0.10596 0.08345 0.07322 0.03896 0.03123 0.01633 0.00524 0.00223 0.00245 0.00349 0.00032 
106	2	0.00703 0.01869 0.02485 0.02521 0.02678 0.03844 0.08611 0.12767 0.12069 0.12516 0.13598 0.18245 0.06324 0.01131 0.00604 0.00035 
107	2	0.01871 0.03856 0.03839 0.04358 0.04582 0.04324 0.04813 0.07179 0.15968 0.16824 0.17726 0.10300 0.02399 0.01352 0.00557 0.00053 
108	2	0.00761 0.02209 0.03613 0.03761 0.04088 0.04606 0.10010 0.26177 0.28381 0.10123 0.02098 0.01206 0.01382 0.01100 0.00472 0.00012 
109	2	0.16469 0.07915 0.10026 0.08229 0.05359 0.04779 0.07797 0.07462 0.06927 0.07682 0.08383 0.05748 0.01930 0.00804 0.00458 0.00032 
110	2	0.02717 0.06266 0.07412 0.17209 0.13595 0.22401 0.08814 0.08708 0.04860 0.03088 0.01894 0.01068 0.00734 0.00766 0.00437 0.00030 
111	2	0.02313 0.05146 0.06187 0.06901 0.14620 0.13327 0.15779 0.11406 0.07153 0.05741 0.07123 0.00412 0.00257 0.01028 0.02557 0.00048 
112	2	0.01378 0.03511 0.02666 0.08742 0.09253 0.12169 0.14463 0.11364 0.10242 0.09684 0.06269 0.04770 0.03173 0.01883 0.00421 0.00011 
113	2	0.02363 0.03726 0.03673 0.03784 0.05464 0.09987 0.14513 0.11995 0.21065 0.12327 0.05691 0.02510 0.01522 0.00833 0.00506 0.00041 
114	2	0.06673 0.10585 0.12045 0.14306 0.15508 0.09690 0.06003 0.03674 0.02561 0.02069 0.01935 0.03116 0.04433 0.04201 0.03177 0.00023 
115	2	0.01421 0.06104 0.08615 0.09366 0.07897 0.05325 0.05184 0.07394 0.09728 0.09187 0.10191 0.03783 0.10697 0.04886 0.00217 0.00005 
116	2	0.01908 0.04611 0.10265 0.14484 0.13377 0.13417 0.22115 0.07173 0.02880 0.01926 0.01272 0.01264 0.01212 0.01690 0.02324 0.00083 
117	2	0.01935 0.02631 0.02095 0.01993 0.01981 0.02951 0.04818 0.05510 0.09530 0.17396 0.16564 0.06590 0.16473 0.09035 0.00469 0.00031 
118	2	0.00315 0.01365 0.02825 0.06112 0.09521 0.16117 0.09592 0.05689 0.05566 0.10201 0.12766 0.11165 0.05774 0.02171 0.00806 0.00014 
119	2	0.01889 0.07586 0.08427 0.05675 0.05439 0.03263 0.02162 0.03874 0.20821 0.05490 0.11817 0.21202 0.01677 0.00366 0.00273 0.00039 
120	2	0.00367 0.03070 0.03180 0.02469 0.02597 0.06889 0.13717 0.15325 0.13106 0.17918 0.16934 0.02449 0.00638 0.01098 0.00237 0.00007 
121	2	0.00529 0.02433 0.13003 0.30389 0.03400 0.09649 0.17736 0.02132 0.04560 0.05880 0.01858 0.01561 0.02129 0.03446 0.01244 0.00051 
122	2	0.00398 0.04063 0.07134 0.03963 0.03967 0.15085 0.19685 0.07666 0.04495 0.09063 0.17086 0.04066 0.02513 0.00669 0.00139 0.00008 
123	2	0.00195 0.00505 0.00972 0.01630 0.03230 0.03696 0.06089 0.05688 0.06102 0.18330 0.34547 0.15434 0.03041 0.00485 0.00055 0.00001 
124	2	0.01924 0.03267 0.04680 0.06253 0.07936 0.10684 0.11690 0.11223 0.09315 0.07349 0.03057 0.01069 0.00761 0.10903 0.09854 0.00035 
125	2	0.00114 0.00572 0.00922 0.03374 0.11722 0.13411 0.21594 0.17963 0.03690 0.04249 0.06893 0.07309 0.05637 0.02359 0.00186 0.00006 
126	2	0.00007 0.00049 0.00100 0.00466 0.02684 0.06524 0.09363 0.15368 0.19311 0.17847 0.17216 0.10793 0.00222 0.00043 0.00008 0.00002 
127	2	0.00313 0.01337 0.01453 0.01550 0.01672 0.01694 0.03832 0.14375 0.31752 0.26224 0.09012 0.03260 0.02776 0.00695 0.00053 0.00003 
128	2	0.05579 0.05300 0.04522 0.04044 0.05511 0.06161 0.05515 0.12854 0.09016 0.04555 0.09193 0.22635 0.03474 0.01135 0.00471 0.00036 
129	2	0.00629 0.04002 0.04528 0.04420 0.08459 0.27485 0.17513 0.14358 0.05177 0.02407 0.01401 0.01044 0.01575 0.04953 0.02044 0.00007 
130	2	0.00280 0.00680 0.01437 0.03208 0.05015 0.03913 0.02934 0.05447 0.12830 0.19849 0.09878 0.10409 0.09309 0.10216 0.04368 0.00228 
131	2	0.01174 0.03368 0.01814 0.01787 0.01947 0.01059 0.01819 0.03786 0.06807 0.17410 0.26692 0.14061 0.08866 0.05775 0.03603 0.00031 
132	2	0.00464 0.02123 0.03555 0.06067 0.11745 0.17826 0.13370 0.11774 0.10977 0.06899 0.03886 0.03871 0.04656 0.02448 0.00330 0.00010 
133	2	0.01941 0.05497 0.05597 0.08082 0.11632 0.18142 0.17204 0.09002 0.04904 0.02982 0.04960 0.05145 0.01066 0.01434 0.02400 0.00012 
134	2	0.01190 0.03347 0.02903 0.04007 0.06604 0.11019 0.15872 0.16135 0.11344 0.09540 0.08216 0.06955 0.01884 0.00722 0.00253 0.00008 
135	2	0.00170 0.05479 0.07942 0.13651 0.12716 0.13570 0.16903 0.12078 0.06193 0.03075 0.02732 0.01919 0.01721 0.01064 0.00766 0.00022 
136	2	0.00486 0.01529 0.01349 0.01776 0.02854 0.07301 0.15696 0.22205 0.13843 0.10531 0.06116 0.06953 0.05407 0.03889 0.00057 0.00009 
137	2	0.00339 0.03437 0.04194 0.03491 0.02621 0.02410 0.03086 0.20763 0.45634 0.08918 0.03164 0.00570 0.00476 0.00827 0.00068 0.00001 
138	2	0.01060 0.00634 0.00459 0.01464 0.02480 0.02654 0.03581 0.09691 0.09805 0.16353 0.23809 0.25488 0.01264 0.00685 0.00558 0.00014 
139	2	0.01259 0.02497 0.02616 0.02542 0.02849 0.03245 0.04467 0.07764 0.15599 0.17431 0.21160 0.15432 0.02686 0.00277 0.00170 0.00007 
140	2	0.04311 0.08712 0.06148 0.04412 0.04824 0.09895 0.10365 0.05114 0.11007 0.08308 0.07517 0.10489 0.06364 0.01765 0.00718 0.00052 
141	2	0.01714 0.04941 0.11485 0.14863 0.15008 0.17392 0.17062 0.04502 0.02486 0.02628 0.02589 0.01688 0.01525 0.01380 0.00716 0.00021 
142	2	0.01017 0.06257 0.06200 0.12738 0.16580 0.15801 0.13937 0.11612 0.05958 0.03964 0.02050 0.00974 0.01967 0.00879 0.00060 0.00005 
143	2	0.00084 0.02945 0.04758 0.09281 0.14973 0.16777 0.14621 0.08667 0.12790 0.09685 0.02602 0.00766 0.00771 0.00665 0.00597 0.00017 
144	2	0.00672 0.02408 0.04236 0.06505 0.09249 0.09939 0.09104 0.07138 0.05956 0.04940 0.04563 0.05953 0.14100 0.14465 0.00754 0.00017 
145	2	0.00059 0.06134 0.03555 0.05543 0.04448 0.03923 0.05864 0.09093 0.11905 0.12631 0.18642 0.15269 0.01188 0.00925 0.00813 0.00007 
146	2	0.00087 0.00333 0.00351 0.01938 0.16492 0.17061 0.07213 0.03412 0.13574 0.22836 0.15296 0.00779 0.00190 0.00176 0.00233 0.00027 
147	2	0.00991 0.04844 0.06012 0.09490 0.16817 0.14704 0.13518 0.11336 0.08022 0.06421 0.04542 0.01982 0.00576 0.00469 0.00255 0.00020 
148	2	0.00023 0.00117 0.01289 0.02727 0.02786 0.07025 0.11274 0.15456 0.06421 0.12272 0.06891 0.08170 0.13470 0.10873 0.01185 0.00019 
149	2	0.00231 0.01543 0.01608 0.02014 0.02281 0.06773 0.10566 0.27111 0.35069 0.08006 0.02545 0.01038 0.00605 0.00360 0.00240 0.00010 
150	2	0.01314 0.03951 0.02427 0.04569 0.05677 0.06309 0.09078 0.14052 0.26080 0.15632 0.05645 0.02927 0.01446 0.00702 0.00184 0.00006 
151	2	0.00552 0.05230 0.05629 0.05784 0.16903 0.27560 0.17356 0.08257 0.06297 0.04336 0.01691 0.00304 0.00055 0.00031 0.00013 0.00002 
152	2	0.00038 0.00286 0.02895 0.04865 0.01737 0.01184 0.00490 0.00419 0.01112 0.22732 0.35060 0.26773 0.02190 0.00188 0.00027 0.00004 
153	2	0.03859 0.06889 0.09403 0.09779 0.10537 0.08045 0.07883 0.07404 0.09882 0.09017 0.08833 0.04889 0.02312 0.00974 0.00283 0.00012 
154	2	0.00435 0.02069 0.03059 0.05090 0.11607 0.17549 0.09354 0.05917 0.05313 0.08455 0.14774 0.10049 0.03954 0.01960 0.00397 0.00017 
155	2	0.00133 0.00449 0.01780 0.06490 0.18510 0.30432 0.19875 0.02548 0.05127 0.06617 0.03812 0.01838 0.01464 0.00659 0.00258 0.00007 
156	2	0.00098 0.01652 0.03584 0.04689 0.04001 0.04044 0.29209 0.31408 0.06907 0.11470 0.01041 0.00861 0.00468 0.00266 0.00262 0.00043 
157	2	0.00182 0.00315 0.00503 0.02550 0.05756 0.09166 0.15681 0.18640 0.26407 0.09267 0.04368 0.02662 0.02699 0.01370 0.00402 0.00032 
158	2	0.00136 0.01489 0.07805 0.09430 0.05806 0.04079 0.03933 0.04101 0.14954 0.33369 0.12100 0.01176 0.00897 0.00549 0.00164 0.00011 
159	2	0.00261 0.00809 0.00985 0.01871 0.08501 0.09672 0.05110 0.02695 0.05201 0.16361 0.31290 0.15542 0.00945 0.00394 0.00321 0.00043 
160	2	0.03871 0.11382 0.11655 0.10887 0.09199 0.05978 0.04913 0.04716 0.06418 0.07088 0.06013 0.09021 0.06930 0.01786 0.00139 0.00004 
161	2	0.00092 0.00413 0.00632 0.00889 0.01849 0.03141 0.10190 0.29822 0.42759 0.07250 0.01466 0.00692 0.00417 0.00289 0.00091 0.00009 
162	2	0.01463 0.02992 0.04642 0.04948 0.06106 0.09108 0.08312 0.11855 0.15502 0.13006 0.09624 0.08568 0.03224 0.00432 0.00191 0.00027 
163	2	0.00093 0.00145 0.00744 0.01524 0.02636 0.02980 0.03094 0.03201 0.08507 0.19119 0.29487 0.14577 0.08525 0.03829 0.01500 0.00039 
164	2	0.00130 0.01897 0.12334 0.25075 0.14130 0.03806 0.04959 0.13100 0.15991 0.05424 0.01169 0.00676 0.00593 0.00470 0.00226 0.00019 
165	2	0.01057 0.01699 0.04036 0.11612 0.12043 0.16612 0.15697 0.02799 0.18697 0.13017 0.00984 0.00674 0.00549 0.00328 0.00181 0.00014 
166	2	0.02004 0.04877 0.05440 0.05077 0.05405 0.09100 0.16286 0.23710 0.04717 0.07228 0.07906 0.05210 0.02191 0.00665 0.00176 0.00007 
167	2	0.04728 0.10109 0.12887 0.14696 0.09415 0.06680 0.05230 0.11485 0.14398 0.06549 0.01804 0.00753 0.00722 0.00463 0.00078 0.00003 
168	2	0.01102 0.10345 0.07868 0.06477 0.06730 0.15075 0.18315 0.10661 0.01391 0.02317 0.06126 0.09532 0.03680 0.00336 0.00042 0.00004 
169	2	0.01105 0.07432 0.04099 0.05953 0.06754 0.17256 0.27920 0.02715 0.03109 0.05696 0.07352 0.04755 0.03064 0.02586 0.00186 0.00021 
170	2	0.01684 0.03991 0.07847 0.11289 0.14749 0.09056 0.10028 0.08416 0.09251 0.09945 0.05291 0.04027 0.04063 0.00315 0.00042 0.00007 
171	2	0.01201 0.07426 0.08817 0.14166 0.14604 0.11882 0.11552 0.12038 0.14349 0.01676 0.00711 0.00504 0.00332 0.00345 0.00338 0.00060 
172	2	0.00382 0.03595 0.04445 0.04722 0.14484 0.19355 0.27277 0.12632 0.06003 0.02412 0.03333 0.01074 0.00175 0.00057 0.00044 0.00010 
173	2	0.00335 0.00540 0.00574 0.00800 0.07325 0.16344 0.27437 0.07050 0.05856 0.17003 0.05143 0.03051 0.02184 0.03490 0.02852 0.00015 
174	2	0.00311 0.04249 0.05552 0.05579 0.13781 0.22091 0.14868 0.12729 0.10361 0.03695 0.01506 0.01259 0.01246 0.02033 0.00717 0.00023 
175	2	0.00100 0.06382 0.09289 0.09255 0.08897 0.09085 0.11030 0.12810 0.10395 0.06175 0.04799 0.04228 0.03651 0.03435 0.00453 0.00016 
176	2	0.00141 0.02088 0.04444 0.05517 0.06149 0.05578 0.05447 0.14070 0.29294 0.11974 0.07109 0.02950 0.04355 0.00808 0.00071 0.00005 
177	2	0.00457 0.04470 0.02703 0.06305 0.07521 0.04205 0.04456 0.07015 0.37670 0.18855 0.03583 0.01384 0.00834 0.00374 0.00160 0.00009 
178	2	0.00237 0.04439 0.09313 0.15282 0.20573 0.12918 0.05455 0.06052 0.06351 0.04038 0.03944 0.04928 0.04359 0.01722 0.00381 0.00008 
179	2	0.02916 0.05747 0.03634 0.03527 0.05178 0.14394 0.10356 0.08712 0.23828 0.12931 0.06220 0.01925 0.00446 0.00120 0.00059 0.00007 
180	2	0.00431 0.01331 0.01864 0.01896 0.01711 0.03321 0.06870 0.27053 0.22655 0.23995 0.05731 0.01579 0.00901 0.00467 0.00180 0.00015 
181	2	0.00484 0.12624 0.07084 0.06886 0.07496 0.28776 0.18577 0.02858 0.03484 0.05103 0.02354 0.01261 0.01459 0.01349 0.00193 0.00011 
182	2	0.10919 0.19219 0.15007 0.09100 0.06109 0.04621 0.05546 0.10058 0.08944 0.04095 0.01539 0.02313 0.02046 0.00425 0.00055 0.00004 
183	2	0.00035 0.01031 0.02316 0.04356 0.25972 0.19123 0.12214 0.06734 0.15731 0.07262 0.01791 0.01576 0.01537 0.00271 0.00044 0.00006 
184	2	0.00642 0.02017 0.02326 0.02587 0.02876 0.06144 0.15969 0.18378 0.08267 0.21523 0.14629 0.02362 0.00911 0.00903 0.00420 0.00045 
185	2	0.00309 0.02586 0.01213 0.01065 0.01967 0.09030 0.17517 0.19523 0.12020 0.08577 0.12752 0.09653 0.01913 0.01710 0.00163 0.00001 
186	2	0.00339 0.02320 0.03211 0.07133 0.14996 0.24520 0.25550 0.16859 0.03976 0.00660 0.00216 0.00101 0.00060 0.00036 0.00019 0.00003 
187	2	0.00187 0.01253 0.13866 0.13925 0.11353 0.09456 0.09648 0.04305 0.05635 0.09874 0.15222 0.04255 0.00854 0.00123 0.00035 0.00008 
188	2	0.01657 0.04791 0.09778 0.10448 0.15109 0.11909 0.10152 0.05156 0.05190 0.08043 0.06376 0.08508 0.02779 0.00092 0.00009 0.00001 
189	2	0.09129 0.14116 0.22106 0.10602 0.08310 0.07660 0.08650 0.03716 0.01760 0.02471 0.03198 0.04198 0.03182 0.00873 0.00027 0.00002 
190	2	0.01078 0.07352 0.10558 0.12017 0.10763 0.08597 0.07221 0.05514 0.05820 0.10320 0.08434 0.08016 0.03271 0.00651 0.00359 0.00030 
191	2	0.00675 0.01991 0.02571 0.02802 0.03472 0.03909 0.04387 0.26694 0.33445 0.14011 0.03124 0.01228 0.01001 0.00569 0.00114 0.00008 
192	2	0.01030 0.01942 0.01801 0.01959 0.02818 0.02318 0.02794 0.06976 0.22297 0.33538 0.17318 0.02148 0.01403 0.01511 0.00136 0.00010 
193	2	0.01087 0.05275 0.07913 0.07084 0.06939 0.06621 0.07591 0.15566 0.08385 0.04887 0.04658 0.14303 0.08419 0.01141 0.00128 0.00002 
194	2	0.00227 0.00940 0.01454 0.01622 0.03906 0.07283 0.13146 0.23830 0.18751 0.06293 0.06724 0.09633 0.02744 0.03054 0.00385 0.00010 
195	2	0.02632 0.01786 0.01468 0.01881 0.02416 0.03142 0.04730 0.09321 0.25448 0.21057 0.17859 0.04438 0.02045 0.01193 0.00540 0.00044 
196	2	0.03201 0.08931 0.10138 0.10864 0.16045 0.09506 0.06533 0.04635 0.03880 0.02775 0.03045 0.09355 0.09373 0.01456 0.00252 0.00011 
197	2	0.05373 0.04781 0.02963 0.02464 0.06580 0.09390 0.13547 0.15155 0.21393 0.09826 0.06213 0.01836 0.00398 0.00068 0.00012 0.00001 
198	2	0.01591 0.06409 0.03060 0.02029 0.02113 0.01831 0.02756 0.07065 0.19276 0.15454 0.21618 0.10959 0.04622 0.01079 0.00137 0.00001 
199	2	0.00048 0.00355 0.02783 0.03755 0.09353 0.06486 0.06136 0.11883 0.09679 0.14061 0.07287 0.03462 0.10638 0.12650 0.01423 0.00002 
200	3	0.08123 0.10000 0.05754 0.06108 0.06164 0.12179 0.19213 0.16217 0.06789 0.03512 0.03185 0.02066 0.00550 0.00114 0.00025 0.00003 
201	3	0.14925 0.15924 0.08623 0.07545 0.06188 0.04485 0.03334 0.02204 0.01781 0.08569 0.09527 0.12159 0.04501 0.00219 0.00014 0.00001 
202	3	0.01503 0.05731 0.04306 0.05284 0.05044 0.04475 0.04034 0.04022 0.08275 0.17831 0.21921 0.13865 0.01923 0.01298 0.00460 0.00027 
203	3	0.07506 0.13912 0.05556 0.05797 0.06271 0.06530 0.07031 0.07381 0.07151 0.16481 0.07862 0.03472 0.03513 0.01207 0.00311 0.00017 
204	3	0.03266 0.05363 0.03129 0.04683 0.05762 0.07068 0.08742 0.19027 0.18290 0.11639 0.06255 0.03725 0.01950 0.00805 0.00282 0.00013 
205	3	0.03019 0.05136 0.03014 0.02513 0.02708 0.17997 0.14570 0.12039 0.13498 0.10591 0.05326 0.04666 0.03137 0.01464 0.00301 0.00020 
206	3	0.13719 0.09539 0.03079 0.06235 0.13385 0.07257 0.07150 0.06742 0.06985 0.06038 0.05188 0.06088 0.05376 0.03008 0.00203 0.00006 
207	3	0.10384 0.11796 0.06475 0.06388 0.05280 0.05113 0.04044 0.03872 0.02987 0.03350 0.05920 0.10166 0.09454 0.13789 0.00954 0.00028 
208	3	0.08721 0.20363 0.11687 0.07407 0.05270 0.04650 0.04918 0.05128 0.06832 0.08442 0.08312 0.04526 0.00447 0.02253 0.01020 0.00023 
209	3	0.00672 0.07179 0.16849 0.13624 0.08373 0.06582 0.05242 0.04399 0.03419 0.03583 0.04312 0.04401 0.03584 0.16485 0.01269 0.00030 
210	3	0.02160 0.13505 0.13942 0.10046 0.06505 0.05656 0.06284 0.06245 0.05702 0.04696 0.03997 0.02278 0.04363 0.13862 0.00733 0.00026 
211	3	0.06545 0.13126 0.04836 0.13426 0.06036 0.05236 0.04984 0.05444 0.04219 0.04988 0.06297 0.07774 0.09379 0.06295 0.01381 0.00036 
212	3	0.08543 0.12542 0.08999 0.07673 0.07910 0.08770 0.10571 0.08744 0.07182 0.05385 0.03284 0.01962 0.01799 0.05508 0.01103 0.00025 
213	3	0.01634 0.03429 0.06013 0.22415 0.19810 0.15668 0.11981 0.02897 0.01757 0.01740 0.02210 0.03363 0.05376 0.01580 0.00119 0.00008 
214	3	0.04843 0.05724 0.05047 0.04769 0.04715 0.16121 0.15988 0.17051 0.14489 0.01827 0.01996 0.02303 0.02109 0.02297 0.00682 0.00040 
215	3	0.10956 0.07676 0.04676 0.03632 0.02599 0.06229 0.13775 0.12975 0.11849 0.09801 0.08006 0.04538 0.01883 0.00944 0.00437 0.00024 
216	3	0.04854 0.16841 0.05990 0.15559 0.05765 0.03051 0.02639 0.02584 0.03287 0.03591 0.04302 0.06974 0.12452 0.10862 0.01225 0.00025 
217	3	0.05576 0.18678 0.05632 0.05240 0.04950 0.05211 0.06084 0.08562 0.09268 0.06083 0.04199 0.03553 0.10696 0.05692 0.00559 0.00016 
218	3	0.04837 0.14291 0.06132 0.04288 0.03859 0.04238 0.06655 0.08851 0.13124 0.12215 0.12381 0.06728 0.02030 0.00312 0.00055 0.00003 
219	3	0.02222 0.11037 0.05627 0.04177 0.03969 0.04755 0.05201 0.06827 0.08371 0.15186 0.14672 0.13576 0.03221 0.00785 0.00362 0.00012 
220	3	0.00617 0.01556 0.01580 0.03516 0.22610 0.15244 0.10653 0.08708 0.08634 0.11013 0.05945 0.04664 0.03128 0.01777 0.00333 0.00022 
221	3	0.04414 0.07847 0.03871 0.04707 0.05825 0.05455 0.06131 0.06797 0.08469 0.10714 0.12153 0.11511 0.08027 0.03463 0.00598 0.00019 
222	3	0.02848 0.06374 0.05811 0.09124 0.09856 0.07370 0.08420 0.09578 0.14580 0.12901 0.05801 0.03112 0.02335 0.01397 0.00475 0.00018 
223	3	0.07892 0.26113 0.11676 0.08170 0.05962 0.06250 0.06053 0.03100 0.01714 0.01319 0.01256 0.00687 0.02066 0.16530 0.01156 0.00057 
224	3	0.02428 0.10080 0.03729 0.02088 0.08321 0.16084 0.10795 0.10594 0.10596 0.11520 0.09049 0.01804 0.01459 0.01188 0.00261 0.00003 
225	3	0.02195 0.09419 0.09074 0.13718 0.17074 0.13072 0.05388 0.03794 0.02650 0.02284 0.02235 0.04211 0.12123 0.01971 0.00768 0.00024 
226	3	0.01952 0.07056 0.06372 0.08940 0.07789 0.05494 0.08749 0.10270 0.06499 0.04649 0.04006 0.06113 0.17793 0.03207 0.01078 0.00033 
227	3	0.19088 0.07659 0.03896 0.03702 0.07461 0.15538 0.13420 0.12418 0.06110 0.03595 0.02344 0.01690 0.01532 0.01297 0.00247 0.00006 
228	3	0.18083 0.16056 0.06290 0.04336 0.03554 0.04549 0.08820 0.12872 0.09231 0.06176 0.03901 0.02181 0.01760 0.01682 0.00489 0.00021 
229	3	0.04016 0.14943 0.05885 0.04687 0.04295 0.07618 0.11580 0.08751 0.12974 0.09625 0.06605 0.03661 0.02621 0.02048 0.00680 0.00009 
230	3	0.06497 0.13064 0.08489 0.05299 0.04437 0.04932 0.06450 0.11435 0.11559 0.09249 0.06286 0.05812 0.03409 0.02291 0.00776 0.00016 
231	3	0.02500 0.11078 0.15753 0.11717 0.09770 0.07495 0.08800 0.06500 0.07534 0.05976 0.04857 0.03691 0.02068 0.01549 0.00667 0.00044 
232	3	0.02927 0.10138 0.05646 0.07030 0.08450 0.08852 0.09558 0.11306 0.13332 0.12547 0.02813 0.02813 0.02442 0.01528 0.00595 0.00023 
233	3	0.03227 0.17720 0.11177 0.12267 0.10856 0.07715 0.06777 0.06821 0.05270 0.05627 0.04619 0.03455 0.02592 0.01467 0.00396 0.00015 
234	3	0.00815 0.39487 0.00582 0.01378 0.09846 0.13397 0.11665 0.08914 0.09254 0.03676 0.00721 0.00222 0.00039 0.00002 0.00001 0.00001 
235	3	0.02148 0.08334 0.07311 0.05407 0.03389 0.08396 0.16217 0.16056 0.13358 0.05908 0.03265 0.03601 0.02770 0.03561 0.00271 0.00006 
236	3	0.01821 0.12112 0.08759 0.14952 0.13372 0.12682 0.13641 0.10697 0.05319 0.02297 0.01202 0.00635 0.00556 0.01688 0.00252 0.00014 
237	3	0.02149 0.08489 0.08426 0.06789 0.05830 0.06329 0.06596 0.06420 0.07748 0.08549 0.11382 0.10802 0.06734 0.03023 0.00701 0.00032 
238	3	0.03642 0.11201 0.05569 0.07934 0.08193 0.11191 0.12228 0.13938 0.08551 0.05497 0.04062 0.02947 0.02304 0.01824 0.00877 0.00042 
239	3	0.02281 0.05424 0.04320 0.04160 0.02900 0.03645 0.12628 0.18708 0.18394 0.14421 0.07184 0.01976 0.01810 0.01727 0.00406 0.00017 
240	3	0.02583 0.15599 0.13207 0.07724 0.07820 0.09397 0.08702 0.06475 0.06029 0.06269 0.04818 0.04195 0.03277 0.02852 0.01016 0.00038 
241	3	0.02758 0.07589 0.04628 0.04446 0.04502 0.06262 0.11553 0.14816 0.12430 0.11880 0.11257 0.05371 0.01340 0.00848 0.00300 0.00018 
242	3	0.01585 0.03143 0.02713 0.02496 0.02490 0.11597 0.16292 0.18432 0.21587 0.10298 0.03718 0.02315 0.01897 0.01169 0.00261 0.00006 
243	3	0.06421 0.07828 0.05215 0.03656 0.04308 0.14338 0.19846 0.11749 0.06544 0.05332 0.04368 0.03688 0.03461 0.02487 0.00734 0.00024 
244	3	0.03820 0.11272 0.05715 0.03889 0.04229 0.27500 0.13842 0.05576 0.05617 0.04625 0.04449 0.04428 0.03326 0.01381 0.00304 0.00025 
245	3	0.13824 0.43666 0.18489 0.12491 0.06308 0.01886 0.00777 0.00392 0.00274 0.00198 0.00148 0.00126 0.00236 0.00488 0.00674 0.00023 
246	3	0.00848 0.03909 0.06083 0.07255 0.06567 0.08311 0.10354 0.13122 0.11546 0.07425 0.04226 0.05514 0.06860 0.07478 0.00475 0.00027 
247	3	0.04219 0.14484 0.13811 0.13778 0.09408 0.08482 0.06680 0.06528 0.06312 0.04468 0.03970 0.02418 0.01664 0.02817 0.00938 0.00024 
248	3	0.02948 0.05803 0.03896 0.03950 0.04192 0.03184 0.10404 0.22120 0.18203 0.08024 0.03302 0.04346 0.04921 0.03636 0.01049 0.00021 
249	3	0.07208 0.15610 0.15893 0.14405 0.10863 0.07935 0.07578 0.05594 0.04770 0.03527 0.02912 0.01579 0.01133 0.00727 0.00257 0.00009 
250	3	0.22015 0.13217 0.10901 0.11227 0.08018 0.06497 0.06474 0.05618 0.05006 0.03634 0.03003 0.01572 0.01195 0.01121 0.00479 0.00022 
251	3	0.05608 0.09357 0.05924 0.05495 0.11284 0.17323 0.13138 0.08300 0.06929 0.04682 0.04227 0.03564 0.02355 0.01560 0.00244 0.00009 
252	3	0.01688 0.09343 0.07343 0.05119 0.03269 0.02691 0.03232 0.03251 0.03613 0.05603 0.31427 0.11931 0.05786 0.04752 0.00931 0.00021 
253	3	0.07679 0.12314 0.07972 0.05046 0.03256 0.03150 0.03878 0.07358 0.05758 0.11754 0.12796 0.12540 0.04166 0.01640 0.00660 0.00034 
254	3	0.03346 0.08783 0.12179 0.12348 0.11362 0.09715 0.08739 0.05739 0.02755 0.01297 0.00951 0.01661 0.02687 0.11214 0.07191 0.00034 
255	3	0.03080 0.06038 0.06994 0.08195 0.08234 0.09143 0.11418 0.13696 0.13563 0.09603 0.05011 0.02027 0.01082 0.01410 0.00489 0.00016 
256	3	0.01015 0.03781 0.06266 0.10377 0.11606 0.12101 0.08197 0.05113 0.03552 0.02691 0.02055 0.01434 0.01096 0.28979 0.01719 0.00017 
257	3	0.03702 0.14257 0.13233 0.14126 0.12547 0.09484 0.07038 0.05763 0.05450 0.04054 0.02142 0.00822 0.00312 0.04894 0.02164 0.00012 
258	3	0.01236 0.07618 0.05615 0.04418 0.04112 0.03389 0.07426 0.06576 0.04459 0.02139 0.01240 0.04328 0.35774 0.10985 0.00653 0.00032 
259	3	0.06534 0.09983 0.05991 0.07208 0.08184 0.09217 0.11156 0.09362 0.08173 0.06967 0.05714 0.05162 0.03193 0.02105 0.01033 0.00019 
260	3	0.04635 0.15022 0.12857 0.14382 0.12736 0.11036 0.09150 0.07212 0.04616 0.02476 0.01694 0.01002 0.00728 0.01127 0.01313 0.00013 
261	3	0.06240 0.18555 0.08716 0.06726 0.06780 0.06337 0.05945 0.05602 0.06443 0.13896 0.06527 0.03589 0.02987 0.01297 0.00347 0.00014 
262	3	0.10247 0.12055 0.07065 0.17740 0.07651 0.04415 0.03807 0.03864 0.04213 0.03956 0.04483 0.05711 0.06662 0.06398 0.01700 0.00035 
263	3	0.01770 0.04844 0.09846 0.16669 0.12330 0.13093 0.11189 0.10914 0.08928 0.04423 0.02113 0.01418 0.01157 0.00916 0.00381 0.00009 
264	3	0.01644 0.04602 0.02558 0.07552 0.17026 0.12366 0.09676 0.09619 0.11612 0.12956 0.04750 0.02065 0.01788 0.01330 0.00445 0.00012 
265	3	0.07526 0.13536 0.13596 0.11401 0.07009 0.06360 0.05836 0.03531 0.02076 0.01630 0.01111 0.01068 0.06066 0.17708 0.01516 0.00032 
266	3	0.02187 0.07499 0.06220 0.07412 0.07579 0.07822 0.08385 0.08575 0.09879 0.11744 0.10027 0.06741 0.04136 0.01384 0.00392 0.00017 
267	3	0.01413 0.04303 0.06437 0.08647 0.08975 0.08941 0.10660 0.13391 0.12039 0.08932 0.07268 0.04447 0.02575 0.01452 0.00506 0.00014 
268	3	0.07950 0.20621 0.22369 0.11832 0.07389 0.06691 0.05936 0.03516 0.04121 0.04706 0.01914 0.00954 0.00746 0.00817 0.00424 0.00014 
269	3	0.10402 0.18104 0.12479 0.10471 0.08022 0.06027 0.05537 0.05014 0.04798 0.05008 0.04419 0.03167 0.02811 0.02602 0.01111 0.00028 
270	3	0.04902 0.04999 0.02631 0.02691 0.03238 0.02935 0.02851 0.13493 0.16860 0.09283 0.08407 0.15432 0.10228 0.01900 0.00142 0.00008 
271	3	0.00606 0.02920 0.04202 0.04320 0.03697 0.04007 0.04954 0.08142 0.18312 0.09410 0.03562 0.10432 0.22953 0.01919 0.00538 0.00026 
272	3	0.03505 0.10128 0.05445 0.04466 0.03442 0.03323 0.03884 0.10298 0.29561 0.06762 0.04592 0.05913 0.06057 0.02494 0.00121 0.00008 
273	3	0.34294 0.20037 0.09950 0.07738 0.05785 0.04905 0.04149 0.03652 0.02807 0.02091 0.01522 0.01115 0.01045 0.00693 0.00213 0.00005 
274	3	0.30312 0.30390 0.05236 0.03254 0.03160 0.03616 0.03840 0.04453 0.04610 0.03702 0.02463 0.01684 0.01516 0.01182 0.00551 0.00032 
275	3	0.03770 0.10513 0.06171 0.10895 0.19056 0.05526 0.03406 0.03926 0.04383 0.07055 0.10013 0.10004 0.03832 0.01283 0.00160 0.00009 
276	3	0.31967 0.18138 0.07169 0.05884 0.04635 0.04370 0.04416 0.03504 0.02523 0.01596 0.00908 0.00551 0.00592 0.11728 0.01970 0.00049 
277	3	0.03502 0.06021 0.06688 0.08057 0.08517 0.08578 0.11942 0.13462 0.15015 0.07571 0.04243 0.03127 0.01625 0.00454 0.01161 0.00037 
278	3	0.02726 0.11346 0.05899 0.06064 0.05014 0.04440 0.04184 0.09607 0.15526 0.18198 0.12835 0.01510 0.01109 0.01073 0.00451 0.00018 
279	3	0.01771 0.08867 0.12862 0.10296 0.06484 0.05656 0.04731 0.05423 0.11239 0.13898 0.12510 0.03956 0.01126 0.00890 0.00275 0.00016 
280	3	0.03302 0.07063 0.06310 0.05782 0.03788 0.03534 0.04825 0.09671 0.19542 0.16034 0.14803 0.02851 0.01507 0.00763 0.00218 0.00007 
281	3	0.03801 0.15918 0.08199 0.03870 0.03375 0.03294 0.05070 0.06144 0.07663 0.09265 0.20373 0.09434 0.02380 0.00972 0.00235 0.00006 
282	3	0.00811 0.03190 0.07925 0.12377 0.14693 0.12534 0.10816 0.07842 0.06346 0.04878 0.04613 0.06503 0.05730 0.01153 0.00587 0.00002 
283	3	0.02285 0.10698 0.14160 0.12309 0.07329 0.04372 0.02869 0.02833 0.03695 0.04137 0.06105 0.03947 0.07451 0.17690 0.00117 0.00003 
284	3	0.01620 0.07623 0.10959 0.09922 0.06608 0.05408 0.04263 0.04775 0.05993 0.07165 0.08038 0.11568 0.11568 0.03917 0.00530 0.00042 
285	3	0.01622 0.04631 0.05643 0.04569 0.04456 0.04504 0.05949 0.07095 0.10263 0.12099 0.19756 0.15878 0.02682 0.00753 0.00096 0.00004 
286	3	0.01719 0.04401 0.04735 0.04628 0.03751 0.03335 0.03385 0.04471 0.08340 0.15587 0.25537 0.15430 0.03097 0.01253 0.00316 0.00014 
287	3	0.01415 0.05649 0.10176 0.13073 0.08851 0.06084 0.05059 0.05811 0.06194 0.07163 0.15618 0.10104 0.03108 0.01474 0.00216 0.00006 
288	3	0.01151 0.03899 0.05478 0.05491 0.04616 0.05201 0.06611 0.08133 0.08617 0.12138 0.24525 0.10896 0.02173 0.00842 0.00214 0.00015 
289	3	0.01404 0.06982 0.05237 0.03379 0.02594 0.03888 0.07185 0.18186 0.19460 0.17523 0.07919 0.03215 0.01806 0.00900 0.00310 0.00011 
290	3	0.01451 0.07001 0.15631 0.17601 0.09931 0.04381 0.02516 0.01753 0.02495 0.06968 0.12529 0.12859 0.03080 0.01094 0.00689 0.00021 
291	3	0.01111 0.03593 0.06040 0.08678 0.09326 0.09407 0.10548 0.12356 0.15643 0.09922 0.05995 0.03620 0.02335 0.01023 0.00381 0.00021 
292	3	0.01469 0.08321 0.07069 0.05258 0.04868 0.04776 0.05348 0.05933 0.06561 0.05595 0.04204 0.03807 0.10455 0.21647 0.04678 0.00011 
293	3	0.01260 0.02649 0.03776 0.05262 0.05076 0.05414 0.06723 0.08086 0.20640 0.26290 0.09472 0.01887 0.01591 0.01115 0.00739 0.00020 
294	3	0.00996 0.07587 0.06984 0.04299 0.03869 0.05078 0.04880 0.04762 0.05293 0.06132 0.20928 0.24032 0.03163 0.01340 0.00644 0.00015 
295	3	0.05173 0.35500 0.04018 0.06459 0.11233 0.11001 0.10734 0.07726 0.03497 0.01404 0.00869 0.00755 0.00533 0.00495 0.00590 0.00014 
296	3	0.00360 0.04591 0.08663 0.09806 0.09324 0.09686 0.09153 0.10391 0.08210 0.09144 0.09109 0.05873 0.03712 0.01503 0.00456 0.00017 
