600	6	16
0	1	0.01328 0.00789 0.01020 0.05963 0.11932 0.01212 0.31091 0.12122 0.01330 0.02928 0.04184 0.08118 0.09244 0.04601 0.02692 0.01446 
1	1	0.03196 0.01550 0.02955 0.00569 0.00905 0.23347 0.31777 0.16655 0.01441 0.02274 0.01992 0.01670 0.01567 0.03648 0.04646 0.01808 
2	1	0.02023 0.00853 0.01271 0.22964 0.15477 0.00145 0.00617 0.18626 0.01704 0.03661 0.05131 0.12997 0.09978 0.01459 0.00655 0.02440 
3	1	0.01031 0.01760 0.10564 0.10102 0.03444 0.01383 0.03000 0.10157 0.01895 0.06771 0.15158 0.18641 0.09710 0.03471 0.01928 0.00985 
4	1	0.02004 0.04456 0.07211 0.19899 0.02270 0.00455 0.00371 0.18530 0.01932 0.05554 0.11650 0.14318 0.05444 0.01732 0.01502 0.02673 
5	1	0.01847 0.03879 0.11518 0.00137 0.00242 0.22986 0.03548 0.22849 0.02126 0.07094 0.06993 0.02313 0.02371 0.04442 0.04315 0.03341 
6	1	0.00534 0.02283 0.01555 0.00430 0.02568 0.05984 0.27915 0.21513 0.01351 0.04173 0.05041 0.05101 0.07878 0.07375 0.03702 0.02596 
7	1	0.00860 0.03643 0.20759 0.07073 0.01366 0.00109 0.01019 0.09496 0.01811 0.09034 0.18926 0.13287 0.04966 0.02430 0.02764 0.02455 
8	1	0.00349 0.02725 0.07826 0.07388 0.00139 0.00154 0.09981 0.32347 0.01060 0.04983 0.10432 0.09425 0.02999 0.02267 0.04487 0.03437 
9	1	0.05814 0.06875 0.10741 0.05087 0.00195 0.00009 0.07060 0.29523 0.03096 0.06089 0.08928 0.06884 0.01142 0.00848 0.03648 0.04061 
10	1	0.04777 0.04123 0.13879 0.04182 0.02907 0.00783 0.06430 0.26602 0.02786 0.06301 0.09597 0.06750 0.03414 0.01858 0.02727 0.02884 
11	1	0.00999 0.02292 0.00805 0.00200 0.00249 0.40039 0.27384 0.08747 0.01410 0.02700 0.01847 0.01431 0.01500 0.04997 0.03893 0.01508 
12	1	0.04666 0.10501 0.00313 0.00832 0.05899 0.15039 0.10907 0.15889 0.05451 0.08672 0.03224 0.03328 0.04785 0.05398 0.02951 0.02145 
13	1	0.02446 0.01274 0.00894 0.00246 0.03091 0.25878 0.38280 0.07587 0.01927 0.02731 0.02091 0.01580 0.02104 0.04660 0.03957 0.01251 
14	1	0.04806 0.15815 0.27770 0.01146 0.01241 0.00962 0.01533 0.01153 0.03242 0.10468 0.12236 0.07694 0.05145 0.03082 0.02186 0.01519 
15	1	0.04486 0.02508 0.02162 0.00752 0.02978 0.01990 0.38286 0.16347 0.02535 0.05439 0.05093 0.04286 0.04399 0.03130 0.03415 0.02194 
16	1	0.03539 0.17563 0.16253 0.08433 0.02297 0.01301 0.00807 0.05983 0.02211 0.12001 0.12730 0.07264 0.03846 0.02426 0.01924 0.01422 
17	1	0.02874 0.06099 0.16555 0.15373 0.01389 0.00937 0.02034 0.06506 0.02041 0.07850 0.12947 0.11191 0.05583 0.03706 0.03180 0.01736 
18	1	0.01027 0.04676 0.05874 0.09637 0.01748 0.06193 0.27766 0.15809 0.01649 0.04476 0.06080 0.06274 0.02938 0.01826 0.02164 0.01864 
19	1	0.02400 0.04544 0.05693 0.02248 0.03563 0.00517 0.11642 0.30060 0.02574 0.07537 0.07560 0.04973 0.04482 0.02523 0.04808 0.04876 
20	1	0.01261 0.01467 0.01793 0.09341 0.19193 0.05281 0.01765 0.21203 0.01737 0.03711 0.06175 0.08929 0.08195 0.04898 0.02569 0.02482 
21	1	0.00973 0.03463 0.12135 0.05207 0.07306 0.00589 0.12626 0.20219 0.01952 0.06519 0.08313 0.08014 0.06507 0.02540 0.01975 0.01660 
22	1	0.02023 0.02131 0.00253 0.09792 0.17562 0.19470 0.08953 0.19822 0.01325 0.02319 0.01596 0.03135 0.04119 0.03705 0.02243 0.01552 
23	1	0.00742 0.01892 0.05128 0.02925 0.26638 0.07665 0.04029 0.19043 0.01680 0.03877 0.07247 0.06037 0.04427 0.04701 0.02558 0.01412 
24	1	0.01360 0.02095 0.00403 0.11486 0.30320 0.17726 0.07125 0.09215 0.01218 0.02443 0.01655 0.02519 0.04035 0.04097 0.02381 0.01922 
25	1	0.07071 0.08236 0.05377 0.00589 0.03255 0.08602 0.01659 0.14714 0.05775 0.12464 0.10188 0.06136 0.04881 0.05148 0.03114 0.02789 
26	1	0.09224 0.11237 0.02503 0.01529 0.04055 0.06338 0.03342 0.09272 0.06012 0.13510 0.10447 0.05840 0.05144 0.05366 0.03387 0.02795 
27	1	0.00691 0.09900 0.11452 0.00086 0.00126 0.17158 0.14114 0.10784 0.02034 0.08282 0.07672 0.02664 0.02255 0.05445 0.05350 0.01985 
28	1	0.03500 0.17260 0.03422 0.00209 0.18979 0.12479 0.00583 0.09743 0.03355 0.07656 0.05353 0.02413 0.05376 0.05212 0.02026 0.02434 
29	1	0.05676 0.06948 0.13018 0.00305 0.01101 0.06070 0.09377 0.18692 0.04901 0.11110 0.10068 0.03515 0.02350 0.03324 0.02271 0.01275 
30	1	0.02672 0.04466 0.00970 0.00337 0.00000 0.09650 0.56600 0.06353 0.01900 0.03721 0.02372 0.01096 0.00640 0.03157 0.04508 0.01558 
31	1	0.05609 0.05987 0.02915 0.00477 0.03174 0.09088 0.02129 0.20103 0.06765 0.13975 0.08234 0.03728 0.06327 0.07126 0.02672 0.01690 
32	1	0.00552 0.01595 0.03599 0.15033 0.01149 0.01112 0.12001 0.35079 0.00898 0.03230 0.06193 0.06873 0.02448 0.02028 0.04178 0.04032 
33	1	0.03929 0.01673 0.06819 0.03327 0.05004 0.05670 0.02289 0.26545 0.01798 0.04595 0.08007 0.09924 0.08957 0.05341 0.03429 0.02694 
34	1	0.03778 0.02728 0.11360 0.05415 0.00850 0.02072 0.01844 0.21085 0.04579 0.08262 0.12244 0.10919 0.04122 0.04555 0.03829 0.02359 
35	1	0.03496 0.19030 0.05005 0.00450 0.02722 0.03991 0.16302 0.21435 0.01464 0.06616 0.06263 0.02993 0.02981 0.03001 0.01950 0.02302 
36	1	0.04806 0.12263 0.14525 0.00448 0.00000 0.00098 0.00460 0.34597 0.03841 0.11589 0.09644 0.02175 0.00951 0.00920 0.01278 0.02406 
37	1	0.00095 0.00016 0.01795 0.05897 0.01774 0.00964 0.00388 0.64751 0.00226 0.00339 0.01673 0.06330 0.04874 0.02684 0.02653 0.05542 
38	1	0.01005 0.05056 0.00876 0.05416 0.06588 0.00519 0.20528 0.22390 0.01562 0.04635 0.05438 0.08420 0.08074 0.03649 0.03276 0.02568 
39	1	0.03511 0.04667 0.05686 0.05398 0.04345 0.05764 0.15961 0.14058 0.01683 0.04951 0.08509 0.10297 0.06821 0.03804 0.03003 0.01542 
40	1	0.02503 0.04429 0.04042 0.08795 0.00950 0.00108 0.00249 0.42479 0.02442 0.05830 0.07124 0.09251 0.05110 0.01694 0.01903 0.03092 
41	1	0.00644 0.02723 0.02301 0.03829 0.22406 0.06765 0.02005 0.15921 0.00581 0.03635 0.05029 0.06426 0.12998 0.09272 0.03025 0.02441 
42	1	0.09300 0.01697 0.00308 0.00025 0.25490 0.24165 0.12352 0.09394 0.02039 0.02077 0.01058 0.00761 0.02824 0.04649 0.02455 0.01406 
43	1	0.00644 0.02442 0.01319 0.02702 0.15943 0.27360 0.02682 0.13766 0.01110 0.03276 0.03335 0.07189 0.09946 0.04630 0.01823 0.01832 
44	1	0.04284 0.10076 0.03811 0.04215 0.01783 0.11726 0.08963 0.08811 0.03001 0.10707 0.09634 0.09266 0.06136 0.03880 0.02446 0.01261 
45	1	0.01665 0.03876 0.07955 0.04380 0.01089 0.02056 0.08503 0.33289 0.01275 0.05011 0.10553 0.08752 0.03052 0.02621 0.02909 0.03014 
46	1	0.01880 0.10133 0.08159 0.00845 0.00628 0.00267 0.00740 0.41423 0.02050 0.07832 0.09667 0.05024 0.03667 0.02872 0.02464 0.02350 
47	1	0.00557 0.01986 0.13428 0.14256 0.00796 0.00841 0.00112 0.26324 0.00562 0.04029 0.12937 0.12415 0.03946 0.01898 0.01848 0.04063 
48	1	0.00221 0.02341 0.03654 0.00699 0.00080 0.01009 0.20386 0.55773 0.00523 0.01869 0.02591 0.01631 0.00803 0.00808 0.03520 0.04092 
49	1	0.00779 0.00480 0.03496 0.09120 0.06311 0.01582 0.03642 0.31662 0.01269 0.03107 0.07574 0.10653 0.07098 0.04877 0.04656 0.03693 
50	1	0.02824 0.06165 0.11460 0.03761 0.06610 0.12307 0.05641 0.19980 0.02018 0.07936 0.09134 0.03413 0.02764 0.02558 0.01809 0.01620 
51	1	0.01562 0.01741 0.04980 0.05505 0.03168 0.00444 0.14085 0.26940 0.01809 0.03976 0.08065 0.09888 0.06293 0.03135 0.04392 0.04016 
52	1	0.00923 0.01296 0.01181 0.07687 0.05296 0.00869 0.00972 0.44290 0.01022 0.02290 0.03761 0.10348 0.09430 0.03421 0.03485 0.03729 
53	1	0.00769 0.00681 0.03160 0.19301 0.15659 0.00126 0.27634 0.06231 0.00681 0.01645 0.02973 0.08667 0.07490 0.01310 0.02397 0.01278 
54	1	0.01066 0.00815 0.00872 0.07093 0.15721 0.08740 0.00064 0.12954 0.01315 0.03637 0.04440 0.12637 0.19257 0.09160 0.00795 0.01434 
55	1	0.00178 0.01272 0.00776 0.03078 0.05656 0.24302 0.39176 0.01880 0.00480 0.02325 0.02480 0.02342 0.03104 0.06739 0.05446 0.00767 
56	1	0.03809 0.22330 0.00264 0.02978 0.11054 0.00658 0.02984 0.22745 0.02296 0.06979 0.03517 0.04019 0.04378 0.03222 0.05038 0.03730 
57	1	0.02684 0.06538 0.18150 0.00984 0.01444 0.01919 0.03331 0.22417 0.03599 0.08721 0.09863 0.05230 0.04147 0.03887 0.04074 0.03012 
58	1	0.00624 0.10975 0.07252 0.06068 0.05012 0.01781 0.00407 0.38387 0.01003 0.05634 0.06231 0.04786 0.03347 0.01845 0.02545 0.04102 
59	1	0.01828 0.02137 0.00572 0.00238 0.43052 0.21423 0.00263 0.06739 0.01645 0.02800 0.02002 0.01679 0.07336 0.06198 0.01010 0.01076 
60	1	0.00948 0.00658 0.01088 0.04169 0.11728 0.27655 0.02687 0.20344 0.01710 0.03143 0.03677 0.06433 0.07042 0.05015 0.02138 0.01564 
61	1	0.01207 0.02345 0.18306 0.00465 0.09808 0.16500 0.00363 0.23279 0.01701 0.05478 0.06427 0.01878 0.02784 0.03149 0.02839 0.03469 
62	1	0.02565 0.14816 0.02351 0.05002 0.06934 0.04175 0.01465 0.21950 0.02026 0.07886 0.06382 0.06484 0.07718 0.05310 0.02565 0.02373 
63	1	0.00998 0.03754 0.09114 0.07334 0.00744 0.01600 0.13164 0.23662 0.01045 0.04601 0.10187 0.08784 0.04356 0.03640 0.04366 0.02651 
64	1	0.00915 0.01925 0.08418 0.06700 0.00410 0.12453 0.14884 0.21343 0.01856 0.05015 0.08936 0.06168 0.01715 0.03162 0.03567 0.02533 
65	1	0.00957 0.01738 0.01436 0.01330 0.03783 0.11035 0.27708 0.12361 0.01270 0.03818 0.04135 0.03868 0.08011 0.10833 0.05818 0.01899 
66	1	0.01686 0.01298 0.00932 0.01031 0.02231 0.07884 0.40195 0.18786 0.01210 0.02087 0.01997 0.02016 0.05520 0.07532 0.03904 0.01692 
67	1	0.01777 0.11630 0.15426 0.04854 0.00164 0.00010 0.05764 0.27020 0.01945 0.07898 0.10869 0.06407 0.01475 0.00575 0.01660 0.02526 
68	1	0.03718 0.03472 0.05318 0.02538 0.10723 0.00040 0.11457 0.28383 0.02904 0.05514 0.05709 0.07127 0.06164 0.01208 0.02982 0.02743 
69	1	0.03511 0.01453 0.02222 0.02237 0.08101 0.03550 0.23558 0.19542 0.02129 0.03408 0.03378 0.06321 0.09918 0.05436 0.02990 0.02245 
70	1	0.01901 0.01431 0.00489 0.01525 0.01611 0.00154 0.09954 0.61332 0.01362 0.02135 0.01716 0.02273 0.01763 0.00987 0.05330 0.06037 
71	1	0.02928 0.03109 0.01796 0.00992 0.00096 0.00004 0.61859 0.10357 0.02306 0.04068 0.02869 0.01803 0.00951 0.00605 0.03941 0.02315 
72	1	0.01158 0.01734 0.00433 0.00993 0.07106 0.04463 0.32721 0.18147 0.01633 0.02595 0.02147 0.04834 0.09439 0.06776 0.03832 0.01988 
73	1	0.03110 0.26313 0.01803 0.02334 0.15259 0.02787 0.00503 0.11607 0.03200 0.08046 0.06560 0.06660 0.05766 0.02699 0.01675 0.01679 
74	1	0.02834 0.03543 0.02006 0.00157 0.00107 0.00409 0.76117 0.00050 0.01796 0.03236 0.02463 0.01440 0.01301 0.01285 0.03150 0.00105 
75	1	0.01074 0.01971 0.01994 0.04053 0.06466 0.09247 0.07241 0.13667 0.01293 0.04080 0.05908 0.07183 0.11984 0.14383 0.07417 0.02038 
76	1	0.05339 0.04998 0.04703 0.09124 0.02452 0.01881 0.02860 0.18917 0.03559 0.09398 0.11086 0.10138 0.05925 0.04217 0.03349 0.02056 
77	1	0.01916 0.07953 0.01350 0.01334 0.06370 0.02016 0.00993 0.40605 0.01820 0.04576 0.03979 0.06621 0.10534 0.04862 0.01800 0.03272 
78	1	0.15045 0.04107 0.01419 0.00449 0.01764 0.08417 0.00779 0.16927 0.05324 0.10143 0.07579 0.06042 0.07475 0.08684 0.03170 0.02677 
79	1	0.06416 0.00351 0.00277 0.00764 0.04083 0.11198 0.04054 0.19318 0.03273 0.04069 0.03105 0.04941 0.11775 0.15436 0.07590 0.03350 
80	1	0.01303 0.02912 0.14891 0.09236 0.01091 0.00454 0.02294 0.12655 0.01714 0.07174 0.19432 0.16004 0.04378 0.02168 0.02336 0.01959 
81	1	0.03695 0.03103 0.11663 0.04460 0.00500 0.06321 0.13996 0.22695 0.02493 0.05777 0.08386 0.05263 0.01990 0.02743 0.03431 0.03482 
82	1	0.04722 0.01839 0.01565 0.07531 0.10110 0.00455 0.02347 0.29682 0.02597 0.05840 0.05699 0.10181 0.09366 0.02584 0.02421 0.03060 
83	1	0.02188 0.08583 0.06185 0.08221 0.04406 0.02953 0.20215 0.00524 0.03045 0.09189 0.09052 0.09354 0.07652 0.03842 0.03778 0.00812 
84	1	0.02084 0.01162 0.00586 0.00684 0.12083 0.03066 0.23901 0.20509 0.01742 0.03286 0.02824 0.04638 0.10219 0.06423 0.03957 0.02837 
85	1	0.01310 0.19845 0.02876 0.01189 0.01083 0.03074 0.10805 0.28562 0.02447 0.07480 0.04949 0.03344 0.03190 0.03219 0.03584 0.03042 
86	1	0.02309 0.04322 0.02947 0.07379 0.04308 0.17079 0.07799 0.11779 0.01794 0.04121 0.06640 0.10266 0.07119 0.06295 0.04216 0.01627 
87	1	0.22042 0.09804 0.01260 0.00895 0.04501 0.09123 0.09311 0.09316 0.05680 0.07784 0.03476 0.03703 0.04740 0.04446 0.03054 0.00865 
88	1	0.07604 0.03232 0.05806 0.08323 0.01677 0.00471 0.19746 0.20988 0.03277 0.04433 0.05300 0.07054 0.04661 0.02324 0.02677 0.02429 
89	1	0.04088 0.01467 0.01875 0.08913 0.22660 0.14438 0.15897 0.08869 0.02189 0.03486 0.03305 0.03408 0.04090 0.02951 0.01619 0.00745 
90	1	0.01737 0.01992 0.00975 0.07098 0.01829 0.06269 0.18206 0.20971 0.01884 0.04248 0.05564 0.08662 0.05952 0.04446 0.06471 0.03696 
91	1	0.01284 0.02953 0.10499 0.11057 0.27936 0.03862 0.00330 0.03201 0.01202 0.04386 0.08256 0.10453 0.09537 0.03807 0.00685 0.00552 
92	1	0.00170 0.04275 0.10521 0.05430 0.03692 0.02328 0.11355 0.22911 0.00725 0.03318 0.09052 0.08437 0.04953 0.04734 0.05225 0.02875 
93	1	0.00717 0.02660 0.02817 0.06657 0.05564 0.10616 0.10670 0.20220 0.01052 0.03740 0.05618 0.09424 0.07474 0.05736 0.04590 0.02446 
94	1	0.00889 0.02482 0.02084 0.07723 0.06663 0.00193 0.21626 0.15100 0.01860 0.06289 0.06947 0.10171 0.08123 0.02655 0.04308 0.02885 
95	1	0.01287 0.06556 0.05131 0.19106 0.10812 0.01703 0.00934 0.13347 0.02457 0.06045 0.10840 0.13281 0.04079 0.01418 0.01270 0.01734 
96	1	0.05647 0.02946 0.04014 0.04141 0.02220 0.00654 0.06959 0.25919 0.03662 0.07547 0.09678 0.09476 0.06286 0.03593 0.04427 0.02829 
97	1	0.02315 0.04895 0.03258 0.02529 0.04325 0.01435 0.03482 0.22135 0.03689 0.08506 0.08560 0.12911 0.12682 0.04297 0.02587 0.02393 
98	1	0.11388 0.05175 0.01697 0.00941 0.05676 0.06705 0.07647 0.15200 0.04597 0.06792 0.04204 0.03683 0.07996 0.09003 0.05575 0.03722 
99	1	0.00104 0.02055 0.06032 0.03576 0.00382 0.00350 0.00089 0.65179 0.00786 0.03861 0.05955 0.03799 0.01363 0.01027 0.01442 0.04000 
100	2	0.08361 0.00469 0.02875 0.03955 0.00793 0.04718 0.32445 0.00293 0.07068 0.08308 0.07469 0.04920 0.02724 0.02957 0.08124 0.04521 
101	2	0.00005 0.00301 0.02335 0.03597 0.00138 0.04957 0.45209 0.01781 0.00103 0.02582 0.10018 0.11425 0.05273 0.05268 0.06348 0.00659 
102	2	0.00007 0.18652 0.06730 0.07554 0.04226 0.00483 0.01381 0.01164 0.01674 0.16714 0.15191 0.10832 0.08538 0.03643 0.02233 0.00977 
103	2	0.00000 0.00057 0.01954 0.01478 0.00680 0.00054 0.10003 0.42016 0.00435 0.02086 0.04903 0.07197 0.06171 0.04429 0.08951 0.09585 
104	2	0.00066 0.00715 0.00434 0.00371 0.00062 0.00029 0.00004 0.49175 0.02607 0.09737 0.12014 0.09998 0.05523 0.02162 0.01693 0.05413 
105	2	0.00000 0.00212 0.00498 0.00308 0.01458 0.00229 0.01377 0.57511 0.00139 0.05064 0.07758 0.05486 0.03889 0.01955 0.05367 0.08748 
106	2	0.00039 0.00638 0.00181 0.00083 0.00016 0.00002 0.00002 0.57250 0.02628 0.08864 0.10181 0.07606 0.04047 0.01520 0.01386 0.05557 
107	2	0.05140 0.02515 0.10040 0.21850 0.12521 0.00000 0.00000 0.00000 0.04178 0.09741 0.14814 0.13026 0.06084 0.00028 0.00038 0.00025 
108	2	0.00000 0.00184 0.04797 0.02427 0.00916 0.04052 0.10841 0.01382 0.00031 0.03333 0.21358 0.20203 0.06042 0.07864 0.12307 0.04261 
109	2	0.00003 0.02353 0.04830 0.02834 0.06139 0.05502 0.00693 0.00003 0.01173 0.09822 0.15327 0.16461 0.18087 0.13191 0.03415 0.00166 
110	2	0.02881 0.10410 0.03556 0.03141 0.07614 0.05408 0.01448 0.00027 0.04033 0.11698 0.11645 0.12396 0.12982 0.09212 0.03282 0.00269 
111	2	0.00000 0.00027 0.01904 0.02673 0.09326 0.21630 0.01640 0.03082 0.00237 0.04282 0.11166 0.13467 0.13427 0.10410 0.04122 0.02608 
112	2	0.00000 0.03012 0.01092 0.00030 0.00030 0.00008 0.00987 0.47947 0.01856 0.07300 0.07868 0.05137 0.04548 0.03693 0.06619 0.09873 
113	2	0.08927 0.27120 0.09836 0.03879 0.00245 0.00017 0.00033 0.00029 0.08052 0.16094 0.11185 0.07263 0.04187 0.01901 0.00905 0.00328 
114	2	0.34214 0.12355 0.00826 0.00258 0.00041 0.00014 0.00000 0.00000 0.15165 0.17534 0.09953 0.06402 0.02234 0.00721 0.00272 0.00011 
115	2	0.00006 0.00089 0.05042 0.06738 0.07059 0.19371 0.07062 0.01121 0.00229 0.02936 0.09686 0.11292 0.08539 0.10605 0.07641 0.02582 
116	2	0.25568 0.02036 0.04707 0.17436 0.10157 0.01683 0.02132 0.00000 0.07832 0.07847 0.05395 0.06136 0.05781 0.02192 0.01080 0.00019 
117	2	0.43140 0.03488 0.02671 0.01056 0.00158 0.00157 0.00727 0.03112 0.08752 0.13784 0.12118 0.06918 0.01787 0.00739 0.00793 0.00601 
118	2	0.01728 0.05284 0.00851 0.02541 0.12533 0.06472 0.06925 0.10686 0.07793 0.14173 0.07741 0.05959 0.06862 0.04611 0.03815 0.02029 
119	2	0.00052 0.05218 0.01646 0.08411 0.08434 0.04103 0.08226 0.03912 0.04140 0.14449 0.09648 0.08394 0.08388 0.06841 0.05608 0.02530 
120	2	0.00000 0.00328 0.06257 0.05943 0.04810 0.01538 0.00372 0.22723 0.00036 0.01876 0.13258 0.20635 0.12829 0.04395 0.02701 0.02301 
121	2	0.00505 0.06695 0.01046 0.04782 0.07333 0.04483 0.06144 0.04957 0.05717 0.16603 0.09425 0.07736 0.08713 0.08200 0.05148 0.02513 
122	2	0.00006 0.02628 0.01939 0.13934 0.26614 0.10080 0.05783 0.00920 0.00282 0.01750 0.04490 0.11229 0.11031 0.05475 0.03207 0.00632 
123	2	0.00393 0.05105 0.11697 0.03148 0.00819 0.00119 0.00083 0.00537 0.03047 0.11075 0.17901 0.18056 0.12895 0.06973 0.04803 0.03348 
124	2	0.59137 0.00191 0.00162 0.02639 0.00960 0.00309 0.00487 0.00008 0.09332 0.04357 0.03625 0.06975 0.06231 0.02891 0.01862 0.00833 
125	2	0.02938 0.06181 0.02612 0.00346 0.00221 0.00118 0.00707 0.44319 0.04658 0.12803 0.09468 0.04098 0.02426 0.02041 0.02880 0.04181 
126	2	0.00177 0.01443 0.00881 0.00201 0.00486 0.00218 0.40635 0.14128 0.02171 0.09488 0.10386 0.05423 0.03473 0.02063 0.05724 0.03102 
127	2	0.01773 0.04886 0.02167 0.02492 0.05044 0.05616 0.01514 0.00437 0.03327 0.10822 0.11699 0.12782 0.16370 0.13455 0.06188 0.01425 
128	2	0.04508 0.00046 0.01942 0.14599 0.02886 0.00040 0.00004 0.20304 0.06095 0.02274 0.09880 0.16498 0.09281 0.02302 0.02062 0.07279 
129	2	0.02116 0.16750 0.23625 0.00492 0.01582 0.00158 0.00041 0.00076 0.04462 0.11514 0.10531 0.09383 0.09211 0.05629 0.02966 0.01463 
130	2	0.00007 0.01151 0.01595 0.02353 0.02095 0.03012 0.05275 0.23188 0.01296 0.07873 0.13520 0.15114 0.10750 0.06036 0.04175 0.02561 
131	2	0.00000 0.00017 0.00973 0.02165 0.01235 0.10301 0.46158 0.00000 0.00056 0.02297 0.08192 0.08201 0.07613 0.07863 0.04776 0.00154 
132	2	0.00000 0.01291 0.01575 0.02333 0.00584 0.13514 0.46214 0.00000 0.00172 0.04703 0.08394 0.05268 0.03038 0.05137 0.07237 0.00539 
133	2	0.00000 0.03340 0.12670 0.41416 0.07808 0.00001 0.00000 0.00000 0.00009 0.02353 0.09683 0.15620 0.07004 0.00076 0.00014 0.00007 
134	2	0.00016 0.03524 0.11461 0.03984 0.19041 0.01668 0.05150 0.00000 0.01424 0.08647 0.12843 0.09384 0.09043 0.07464 0.05698 0.00653 
135	2	0.00002 0.00427 0.01633 0.03219 0.51689 0.01747 0.00150 0.00010 0.00979 0.07519 0.08496 0.08164 0.10787 0.04166 0.00684 0.00329 
136	2	0.00009 0.00200 0.02278 0.21343 0.07680 0.05819 0.06654 0.19810 0.01796 0.05090 0.07081 0.07795 0.05764 0.03624 0.02947 0.02109 
137	2	0.02353 0.50172 0.00681 0.00084 0.00010 0.00002 0.00000 0.00000 0.05412 0.23130 0.10320 0.02322 0.01533 0.01427 0.01725 0.00829 
138	2	0.00000 0.02151 0.05329 0.01065 0.00024 0.00001 0.00004 0.45041 0.00513 0.07637 0.16760 0.09333 0.02516 0.01815 0.02466 0.05345 
139	2	0.62127 0.00404 0.00066 0.00028 0.00012 0.00013 0.00004 0.00001 0.11423 0.09678 0.05585 0.03866 0.02890 0.02186 0.01230 0.00485 
140	2	0.00000 0.02428 0.08676 0.01885 0.06188 0.08061 0.32239 0.00000 0.00017 0.02975 0.09839 0.09400 0.08627 0.06259 0.03388 0.00018 
141	2	0.01303 0.07847 0.00213 0.00006 0.00000 0.00000 0.00006 0.32662 0.10375 0.23183 0.09224 0.02980 0.01796 0.01453 0.03293 0.05659 
142	2	0.00000 0.00985 0.09664 0.05164 0.03695 0.11498 0.11211 0.21794 0.00016 0.04145 0.08703 0.04498 0.03800 0.03862 0.05007 0.05956 
143	2	0.00881 0.18543 0.25772 0.00579 0.05032 0.07721 0.04431 0.08735 0.02289 0.08295 0.07346 0.02356 0.02194 0.02419 0.01923 0.01484 
144	2	0.14872 0.30387 0.02443 0.00326 0.00110 0.01253 0.00503 0.00028 0.06042 0.15792 0.11686 0.07141 0.04455 0.03382 0.01241 0.00338 
145	2	0.12417 0.03107 0.01283 0.01018 0.01064 0.00835 0.04072 0.03698 0.11455 0.18434 0.12109 0.08614 0.06744 0.05289 0.06503 0.03360 
146	2	0.01879 0.11977 0.01833 0.06480 0.03891 0.07435 0.03473 0.00159 0.11275 0.21015 0.08550 0.06781 0.05646 0.04756 0.03640 0.01210 
147	2	0.09565 0.03999 0.01647 0.01094 0.01749 0.01218 0.05742 0.01910 0.09679 0.16705 0.11187 0.09592 0.08773 0.06926 0.06968 0.03245 
148	2	0.01676 0.03438 0.00629 0.00839 0.00958 0.02296 0.12508 0.32697 0.02243 0.07716 0.07746 0.05844 0.04248 0.04269 0.06147 0.06749 
149	2	0.00098 0.06015 0.01403 0.02769 0.05314 0.39963 0.00001 0.00000 0.01677 0.08161 0.09535 0.07631 0.06919 0.09144 0.01360 0.00010 
150	2	0.00188 0.01015 0.00761 0.00414 0.00198 0.00183 0.00279 0.46283 0.04787 0.10701 0.10378 0.06549 0.03833 0.03020 0.04590 0.06821 
151	2	0.03192 0.03664 0.07287 0.02254 0.01243 0.03014 0.06212 0.19528 0.01909 0.08555 0.12538 0.09337 0.06484 0.05602 0.05915 0.03266 
152	2	0.00519 0.05756 0.04271 0.06482 0.03335 0.01143 0.00442 0.00097 0.02759 0.13365 0.19623 0.21349 0.14023 0.05147 0.01367 0.00322 
153	2	0.00358 0.05107 0.04463 0.04172 0.03062 0.02475 0.02306 0.00009 0.03364 0.14856 0.19993 0.18989 0.12291 0.05536 0.02515 0.00504 
154	2	0.07647 0.02041 0.00339 0.00163 0.08543 0.05303 0.00871 0.02640 0.12986 0.20621 0.13285 0.07869 0.08103 0.06332 0.02441 0.00817 
155	2	0.02269 0.00312 0.00765 0.00384 0.02347 0.18829 0.19609 0.04118 0.09681 0.09514 0.05162 0.03566 0.04494 0.09129 0.08210 0.01611 
156	2	0.23974 0.20414 0.02383 0.00627 0.00406 0.00622 0.00772 0.01137 0.09637 0.10764 0.08259 0.06186 0.04366 0.04058 0.04340 0.02054 
157	2	0.03757 0.03288 0.00526 0.00587 0.00901 0.14755 0.03235 0.02169 0.05286 0.09737 0.07943 0.06536 0.10898 0.20007 0.09040 0.01335 
158	2	0.00000 0.01935 0.06729 0.01960 0.00149 0.00348 0.00847 0.44742 0.00044 0.08407 0.14735 0.05911 0.03389 0.03056 0.03250 0.04497 
159	2	0.00083 0.00496 0.00416 0.00103 0.03413 0.09465 0.03937 0.26226 0.02473 0.06784 0.06214 0.05609 0.10526 0.14262 0.06718 0.03274 
160	2	0.00001 0.02405 0.05092 0.03920 0.34296 0.08273 0.00245 0.00000 0.00198 0.06059 0.09614 0.09496 0.12550 0.06469 0.01331 0.00051 
161	2	0.00000 0.07858 0.10021 0.03279 0.02234 0.02563 0.03420 0.00045 0.00707 0.05232 0.13713 0.16063 0.14361 0.10912 0.07412 0.02178 
162	2	0.00323 0.02848 0.02939 0.01288 0.03195 0.08990 0.05698 0.00000 0.04510 0.12329 0.11589 0.08570 0.10343 0.14740 0.11483 0.01156 
163	2	0.00016 0.50984 0.02752 0.01628 0.00729 0.00408 0.00076 0.00016 0.01718 0.13578 0.12418 0.08793 0.04734 0.01635 0.00404 0.00112 
164	2	0.00000 0.61401 0.06256 0.05068 0.02079 0.00006 0.00152 0.00005 0.00123 0.05363 0.06960 0.06638 0.04525 0.00809 0.00478 0.00137 
165	2	0.02665 0.06118 0.03498 0.05758 0.01089 0.24126 0.01652 0.03262 0.05830 0.14830 0.10245 0.05292 0.04500 0.04141 0.03468 0.03524 
166	2	0.00263 0.00685 0.03045 0.04857 0.01816 0.05801 0.21896 0.22359 0.01256 0.03368 0.05422 0.06161 0.04860 0.04402 0.08194 0.05615 
167	2	0.09978 0.01050 0.00848 0.00611 0.01829 0.08279 0.39811 0.00011 0.04842 0.07000 0.06305 0.04441 0.04580 0.05382 0.04556 0.00478 
168	2	0.03591 0.00750 0.00557 0.00273 0.00364 0.02568 0.11980 0.33135 0.03109 0.04636 0.06029 0.06435 0.06720 0.06342 0.07638 0.05874 
169	2	0.00020 0.02958 0.05041 0.01434 0.00280 0.01717 0.31691 0.00000 0.02352 0.11961 0.14328 0.08526 0.04538 0.06795 0.07755 0.00604 
170	2	0.00002 0.01129 0.00265 0.00070 0.00091 0.00360 0.00850 0.29625 0.01995 0.08888 0.10054 0.08852 0.08422 0.07244 0.11761 0.10393 
171	2	0.03874 0.07570 0.09575 0.07526 0.00145 0.00007 0.00024 0.13117 0.07106 0.17828 0.18062 0.09266 0.02165 0.00769 0.01101 0.01866 
172	2	0.01022 0.05650 0.01826 0.05572 0.11765 0.06304 0.00254 0.00117 0.02820 0.09215 0.10972 0.16620 0.17785 0.07806 0.01735 0.00537 
173	2	0.62288 0.02356 0.00012 0.00004 0.00015 0.00496 0.03000 0.00000 0.10585 0.05470 0.02008 0.01903 0.02868 0.04888 0.03720 0.00386 
174	2	0.05795 0.06541 0.04237 0.02338 0.05958 0.07394 0.02034 0.00253 0.03605 0.07176 0.07078 0.09848 0.18060 0.14942 0.04166 0.00576 
175	2	0.03302 0.01900 0.03077 0.02460 0.00107 0.01158 0.01676 0.49339 0.04365 0.06836 0.09264 0.06705 0.01920 0.01765 0.02379 0.03745 
176	2	0.07241 0.01628 0.00687 0.00760 0.00233 0.02892 0.07289 0.08164 0.09698 0.14997 0.10539 0.07360 0.04681 0.08603 0.11243 0.03984 
177	2	0.00330 0.02330 0.01193 0.01467 0.03398 0.05234 0.12302 0.06313 0.07646 0.12237 0.10459 0.08486 0.08440 0.08292 0.08437 0.03434 
178	2	0.02900 0.45192 0.01847 0.02527 0.02302 0.00019 0.05968 0.00001 0.04535 0.10610 0.08662 0.07600 0.03895 0.00720 0.03159 0.00062 
179	2	0.00535 0.03862 0.01854 0.01073 0.00777 0.01262 0.00478 0.47240 0.01899 0.07009 0.08315 0.06936 0.05514 0.04860 0.03700 0.04686 
180	2	0.02111 0.02407 0.00662 0.00879 0.01142 0.01905 0.09739 0.02635 0.10290 0.19106 0.16137 0.13926 0.08322 0.04226 0.05231 0.01283 
181	2	0.00910 0.08052 0.06222 0.07389 0.03150 0.11833 0.00318 0.00000 0.03197 0.12734 0.15249 0.13216 0.09946 0.06381 0.01375 0.00030 
182	2	0.00000 0.01426 0.11679 0.06462 0.05228 0.01210 0.01515 0.00517 0.00246 0.03796 0.12944 0.19176 0.17727 0.11513 0.04977 0.01583 
183	2	0.00000 0.08070 0.08356 0.04933 0.04377 0.08852 0.15695 0.00000 0.00616 0.10339 0.11565 0.09514 0.07758 0.05668 0.03940 0.00317 
184	2	0.67624 0.05743 0.00526 0.01749 0.00447 0.00000 0.00001 0.00001 0.08705 0.08024 0.03716 0.01449 0.00967 0.00145 0.00097 0.00805 
185	2	0.02553 0.01088 0.04835 0.01145 0.00416 0.00209 0.00045 0.44109 0.08174 0.07323 0.08815 0.05781 0.05206 0.03485 0.02822 0.03994 
186	2	0.00028 0.01747 0.03182 0.02211 0.16089 0.43219 0.00182 0.00000 0.00766 0.05784 0.06629 0.03970 0.06970 0.07719 0.01470 0.00033 
187	2	0.00000 0.00023 0.00203 0.01684 0.01214 0.00015 0.00321 0.43215 0.00968 0.03153 0.06748 0.09181 0.08409 0.03107 0.08822 0.12938 
188	2	0.44656 0.00326 0.01718 0.00199 0.00660 0.00569 0.00043 0.00000 0.08474 0.07221 0.08671 0.06756 0.09360 0.08226 0.02968 0.00154 
189	2	0.06248 0.01090 0.00093 0.00000 0.00346 0.02974 0.02386 0.30309 0.18103 0.18393 0.05377 0.02442 0.02220 0.03346 0.03006 0.03667 
190	2	0.13485 0.04339 0.05600 0.04282 0.03963 0.03285 0.03414 0.18978 0.08150 0.08972 0.05537 0.04644 0.04595 0.03501 0.03695 0.03560 
191	2	0.00000 0.02592 0.09302 0.00461 0.00204 0.01160 0.00228 0.40551 0.00134 0.06568 0.16259 0.07598 0.02644 0.02007 0.03778 0.06513 
192	2	0.06567 0.12683 0.12038 0.02233 0.02069 0.00866 0.01934 0.11154 0.03598 0.11915 0.12502 0.07252 0.05020 0.04284 0.03990 0.01897 
193	2	0.03392 0.08831 0.08176 0.07157 0.03139 0.03861 0.02424 0.07766 0.03878 0.12130 0.13769 0.09949 0.05976 0.04332 0.03618 0.01602 
194	2	0.01291 0.00266 0.00489 0.01560 0.01479 0.00287 0.00136 0.44199 0.05687 0.09873 0.10739 0.08873 0.05060 0.02562 0.02867 0.04631 
195	2	0.00000 0.00124 0.01441 0.05983 0.01646 0.03374 0.06896 0.36434 0.00164 0.01651 0.07077 0.10783 0.06914 0.04087 0.07009 0.06416 
196	2	0.43485 0.01817 0.00923 0.00698 0.02459 0.01594 0.00013 0.00000 0.08659 0.11120 0.09416 0.08391 0.07353 0.03649 0.00406 0.00018 
197	2	0.00813 0.08988 0.04421 0.00136 0.02426 0.04303 0.06886 0.23361 0.01433 0.10504 0.10252 0.03503 0.04164 0.05125 0.07424 0.06262 
198	2	0.02023 0.01872 0.00502 0.00286 0.00175 0.03714 0.33646 0.04398 0.02624 0.06422 0.07989 0.07836 0.07030 0.08934 0.09578 0.02970 
199	2	0.00000 0.05352 0.00171 0.00035 0.00056 0.40595 0.00053 0.00192 0.00065 0.08556 0.11508 0.09036 0.07770 0.10933 0.04395 0.01282 
200	3	0.00000 0.31061 0.13646 0.00035 0.00086 0.00057 0.00114 0.00028 0.00656 0.14646 0.16268 0.04523 0.05749 0.05490 0.04731 0.02909 
201	3	0.78086 0.00062 0.00814 0.00374 0.00577 0.00019 0.00000 0.00557 0.06251 0.02881 0.03881 0.02775 0.01888 0.00696 0.00503 0.00634 
202	3	0.24604 0.15369 0.02519 0.00489 0.00310 0.00244 0.00348 0.04700 0.08103 0.16573 0.11773 0.05975 0.03329 0.02032 0.01786 0.01846 
203	3	0.01958 0.00593 0.00128 0.00019 0.00047 0.02987 0.57796 0.00004 0.05200 0.06514 0.02846 0.01934 0.01737 0.04618 0.11605 0.02013 
204	3	0.78068 0.00006 0.00010 0.00160 0.01010 0.01527 0.00468 0.00000 0.04879 0.01498 0.01022 0.02267 0.04243 0.03716 0.01083 0.00043 
205	3	0.74384 0.00080 0.00031 0.00047 0.00074 0.00012 0.00008 0.00000 0.08358 0.05684 0.03726 0.03848 0.02648 0.00805 0.00255 0.00039 
206	3	0.00003 0.01281 0.01981 0.02560 0.18926 0.15927 0.12821 0.00282 0.00182 0.03860 0.07556 0.08111 0.14347 0.10389 0.01519 0.00255 
207	3	0.00164 0.00874 0.03637 0.04982 0.04605 0.23059 0.08343 0.00000 0.05384 0.08936 0.10084 0.09586 0.05241 0.08459 0.06080 0.00566 
208	3	0.00000 0.10806 0.01474 0.02714 0.30339 0.16609 0.00112 0.00454 0.00613 0.10211 0.06687 0.04315 0.06208 0.06722 0.02425 0.00312 
209	3	0.19799 0.05804 0.04601 0.05176 0.03904 0.00167 0.00076 0.00757 0.06560 0.11105 0.11024 0.12062 0.08634 0.04853 0.03913 0.01564 
210	3	0.00008 0.00008 0.00017 0.00220 0.00247 0.01507 0.04051 0.53937 0.00193 0.00503 0.01147 0.02563 0.05421 0.10264 0.10982 0.08931 
211	3	0.50752 0.00066 0.00070 0.00120 0.00483 0.00579 0.01512 0.01821 0.06672 0.03199 0.03189 0.04866 0.06710 0.07866 0.08034 0.04062 
212	3	0.00001 0.01561 0.05983 0.07955 0.18084 0.05052 0.01106 0.05022 0.00084 0.02493 0.05543 0.10377 0.14838 0.10952 0.05846 0.05103 
213	3	0.00965 0.46185 0.06044 0.03892 0.01286 0.02109 0.00394 0.00037 0.02276 0.10670 0.09231 0.06399 0.04596 0.04133 0.01662 0.00121 
214	3	0.01338 0.00644 0.00092 0.00005 0.03506 0.21611 0.27314 0.07018 0.04550 0.05010 0.02985 0.02020 0.02867 0.06703 0.08323 0.06015 
215	3	0.00000 0.00231 0.02704 0.01385 0.22982 0.27845 0.01315 0.00175 0.00287 0.02910 0.07397 0.07350 0.13544 0.09422 0.02166 0.00289 
216	3	0.00218 0.07912 0.21697 0.03937 0.00901 0.02558 0.00884 0.03905 0.01127 0.07219 0.12180 0.07876 0.06829 0.08137 0.09335 0.05287 
217	3	0.00000 0.00337 0.01060 0.01300 0.01550 0.01291 0.67371 0.00000 0.00105 0.01078 0.02874 0.04924 0.05983 0.04549 0.06817 0.00762 
218	3	0.00000 0.00148 0.02515 0.02596 0.03770 0.02150 0.03218 0.07436 0.00338 0.04125 0.08040 0.12456 0.14363 0.13088 0.17471 0.08287 
219	3	0.37623 0.17156 0.00082 0.00156 0.00341 0.00098 0.00083 0.00026 0.12042 0.09073 0.03591 0.04989 0.06261 0.04867 0.02579 0.01033 
220	3	0.03182 0.13571 0.03373 0.11618 0.15944 0.03640 0.00012 0.00026 0.02372 0.07836 0.07503 0.12674 0.13108 0.03873 0.00710 0.00558 
221	3	0.02690 0.01444 0.05176 0.03144 0.00060 0.00276 0.00925 0.01645 0.08454 0.12126 0.14978 0.10812 0.06844 0.10121 0.13206 0.08099 
222	3	0.77428 0.01964 0.00182 0.00144 0.00050 0.00021 0.00024 0.00290 0.06077 0.05427 0.02776 0.02089 0.01313 0.00859 0.00736 0.00619 
223	3	0.02404 0.10877 0.07273 0.08336 0.02463 0.02787 0.06690 0.06678 0.02766 0.08045 0.08297 0.08013 0.06326 0.06712 0.07327 0.05004 
224	3	0.00000 0.00239 0.00529 0.02587 0.32440 0.22547 0.00000 0.00000 0.00279 0.04329 0.09095 0.08973 0.10924 0.07541 0.00375 0.00144 
225	3	0.00335 0.00117 0.00371 0.00697 0.02473 0.16138 0.14905 0.34333 0.01031 0.00667 0.02264 0.02556 0.03653 0.06661 0.08653 0.05146 
226	3	0.72775 0.01433 0.00032 0.00079 0.00317 0.00492 0.00565 0.03297 0.06799 0.05351 0.01850 0.01342 0.01031 0.01296 0.01839 0.01503 
227	3	0.10053 0.00556 0.00084 0.00357 0.01238 0.05582 0.08204 0.25463 0.08654 0.06017 0.03111 0.04383 0.04339 0.06271 0.08050 0.07637 
228	3	0.03147 0.29555 0.12756 0.06670 0.03176 0.00051 0.00286 0.01046 0.05594 0.13037 0.11484 0.06912 0.03330 0.01029 0.00937 0.00990 
229	3	0.00055 0.05268 0.23175 0.20932 0.10200 0.00200 0.00296 0.00727 0.01452 0.06575 0.12095 0.09856 0.04640 0.01751 0.01130 0.01647 
230	3	0.00473 0.01656 0.00165 0.00009 0.10279 0.38703 0.00380 0.00000 0.06723 0.12157 0.06191 0.03944 0.08831 0.08586 0.01844 0.00059 
231	3	0.08129 0.28015 0.04443 0.00529 0.00158 0.00044 0.00081 0.00025 0.05419 0.15844 0.15386 0.09614 0.05778 0.03251 0.02439 0.00843 
232	3	0.00000 0.00176 0.00076 0.00012 0.06816 0.25105 0.25506 0.00000 0.00362 0.02952 0.03828 0.01793 0.03140 0.12271 0.16335 0.01630 
233	3	0.00035 0.00340 0.00643 0.03030 0.06934 0.07054 0.02357 0.09093 0.02751 0.05524 0.08459 0.14119 0.16516 0.12703 0.06234 0.04207 
234	3	0.00000 0.01133 0.01787 0.01080 0.01043 0.17009 0.27756 0.02581 0.00033 0.03510 0.08413 0.07266 0.06706 0.11585 0.08950 0.01148 
235	3	0.00024 0.00018 0.10059 0.14862 0.16258 0.00379 0.00176 0.00018 0.00902 0.01822 0.05886 0.20264 0.24121 0.02803 0.01479 0.00929 
236	3	0.00000 0.00627 0.00661 0.01763 0.22675 0.40351 0.03015 0.00550 0.00015 0.01092 0.02168 0.02870 0.07242 0.10968 0.05558 0.00444 
237	3	0.45161 0.14865 0.00133 0.00094 0.00091 0.00044 0.00283 0.00022 0.05545 0.09005 0.05450 0.05840 0.05491 0.04001 0.02931 0.01044 
238	3	0.25326 0.12305 0.02256 0.00798 0.00501 0.01075 0.01240 0.04800 0.05602 0.09832 0.07361 0.06337 0.06694 0.07010 0.05593 0.03270 
239	3	0.00433 0.00295 0.08735 0.09727 0.11078 0.13421 0.01451 0.00617 0.01409 0.04661 0.10341 0.13581 0.11900 0.08413 0.03042 0.00896 
240	3	0.00000 0.27538 0.11525 0.08019 0.09765 0.00100 0.00198 0.02390 0.00430 0.08905 0.12346 0.08619 0.04778 0.03494 0.01065 0.00827 
241	3	0.00000 0.57658 0.00050 0.00035 0.00090 0.00324 0.00049 0.13032 0.00143 0.05904 0.03872 0.03279 0.04321 0.04062 0.02750 0.04431 
242	3	0.00000 0.00938 0.16791 0.18297 0.09696 0.00781 0.01053 0.01332 0.00194 0.02886 0.12523 0.13268 0.06838 0.04796 0.06772 0.03835 
243	3	0.66659 0.01641 0.00000 0.00031 0.00167 0.01012 0.01519 0.01911 0.04750 0.02339 0.01320 0.01651 0.02963 0.05616 0.05525 0.02896 
244	3	0.00000 0.65377 0.00539 0.00831 0.00617 0.02588 0.00540 0.01467 0.00205 0.05625 0.04515 0.04423 0.04963 0.05697 0.02079 0.00535 
245	3	0.02620 0.30850 0.21280 0.07586 0.02510 0.00983 0.00362 0.01511 0.01425 0.06668 0.07413 0.05226 0.04134 0.03076 0.02637 0.01720 
246	3	0.00202 0.01218 0.08326 0.08214 0.13091 0.14006 0.14157 0.00361 0.00938 0.04517 0.07092 0.06970 0.06605 0.07313 0.05898 0.01094 
247	3	0.31248 0.04398 0.02163 0.00547 0.00299 0.00189 0.00441 0.00102 0.10571 0.12797 0.10247 0.06858 0.06380 0.06104 0.05349 0.02307 
248	3	0.08946 0.01588 0.13782 0.26466 0.10150 0.00503 0.00209 0.00848 0.02256 0.05214 0.07120 0.10854 0.06641 0.02378 0.01956 0.01089 
249	3	0.00077 0.31527 0.23866 0.02754 0.04328 0.01092 0.00194 0.00001 0.00978 0.10264 0.08791 0.06015 0.06074 0.03028 0.00911 0.00100 
250	3	0.00307 0.08079 0.11046 0.10678 0.15056 0.03354 0.01151 0.00317 0.02175 0.10333 0.13062 0.10505 0.07825 0.04200 0.01628 0.00283 
251	3	0.61348 0.05156 0.00658 0.00087 0.00004 0.00003 0.00021 0.00101 0.08935 0.11367 0.05849 0.03172 0.01489 0.00738 0.00754 0.00319 
252	3	0.00762 0.00989 0.01665 0.06904 0.16562 0.51626 0.00000 0.00000 0.01888 0.02941 0.01756 0.04450 0.06203 0.03976 0.00273 0.00004 
253	3	0.00004 0.00055 0.00287 0.00626 0.06952 0.07678 0.18017 0.02006 0.00130 0.01344 0.03814 0.06800 0.14967 0.16723 0.15073 0.05524 
254	3	0.00004 0.02095 0.00825 0.49147 0.09996 0.00771 0.00209 0.00480 0.00216 0.04570 0.05656 0.12540 0.09913 0.01771 0.01253 0.00554 
255	3	0.00000 0.24149 0.19427 0.01335 0.01083 0.00026 0.00073 0.00021 0.00108 0.17564 0.22866 0.08316 0.02399 0.01273 0.01115 0.00245 
256	3	0.00000 0.06312 0.18400 0.02682 0.20022 0.05028 0.00479 0.00114 0.00623 0.06635 0.10235 0.07774 0.07462 0.06887 0.06121 0.01227 
257	3	0.62512 0.00084 0.00171 0.00419 0.00952 0.02500 0.01684 0.00864 0.06258 0.02923 0.03036 0.04336 0.05381 0.05370 0.03025 0.00486 
258	3	0.00000 0.00461 0.00316 0.00151 0.00511 0.72639 0.02471 0.00000 0.00596 0.03287 0.02676 0.01465 0.03281 0.10046 0.02073 0.00028 
259	3	0.32041 0.21290 0.04294 0.00351 0.00024 0.00006 0.00011 0.00075 0.08432 0.15520 0.10947 0.04588 0.01444 0.00544 0.00313 0.00120 
260	3	0.00246 0.00407 0.00344 0.01165 0.07182 0.21123 0.00863 0.00259 0.04361 0.08374 0.08554 0.10552 0.15263 0.13520 0.05915 0.01875 
261	3	0.00001 0.00011 0.00086 0.00374 0.80593 0.00039 0.00001 0.00000 0.00053 0.00451 0.01287 0.05293 0.09636 0.01668 0.00447 0.00060 
262	3	0.00000 0.00013 0.00141 0.00181 0.06400 0.22084 0.22902 0.24603 0.00418 0.00970 0.01353 0.01999 0.03679 0.05323 0.06007 0.03927 
263	3	0.00146 0.00237 0.04352 0.32160 0.11664 0.00000 0.00009 0.02177 0.02314 0.04995 0.08884 0.18813 0.10793 0.01280 0.00854 0.01323 
264	3	0.03621 0.41891 0.02459 0.00185 0.00045 0.00455 0.01584 0.01511 0.03987 0.09795 0.04300 0.03192 0.04456 0.08116 0.11041 0.03363 
265	3	0.00000 0.00715 0.02237 0.14528 0.16573 0.01601 0.02036 0.01547 0.00097 0.03231 0.05912 0.14903 0.16972 0.08715 0.07689 0.03242 
266	3	0.40240 0.00181 0.00053 0.00049 0.00077 0.00323 0.00150 0.26160 0.06086 0.04181 0.03444 0.03864 0.05201 0.05390 0.02798 0.01802 
267	3	0.00000 0.00056 0.00140 0.00244 0.00771 0.46103 0.13071 0.00100 0.00060 0.00670 0.02319 0.03924 0.05598 0.14937 0.11294 0.00713 
268	3	0.00000 0.00000 0.00028 0.00796 0.61946 0.02178 0.00252 0.00026 0.00003 0.00050 0.00536 0.04053 0.17914 0.10459 0.01289 0.00471 
269	3	0.00000 0.00114 0.32962 0.02121 0.00030 0.00046 0.00501 0.24402 0.00305 0.03520 0.09640 0.07668 0.04691 0.04806 0.05246 0.03948 
270	3	0.00000 0.00001 0.33605 0.02689 0.00079 0.00035 0.00193 0.26373 0.00068 0.01345 0.07075 0.07093 0.04738 0.04871 0.06097 0.05740 
271	3	0.00000 0.00006 0.09277 0.28643 0.07140 0.00001 0.35359 0.00003 0.00012 0.00435 0.04190 0.07810 0.03759 0.00881 0.02222 0.00263 
272	3	0.00000 0.26312 0.13024 0.03390 0.01452 0.00376 0.29461 0.00000 0.00060 0.03988 0.05359 0.04435 0.05164 0.03823 0.02982 0.00174 
273	3	0.00000 0.02645 0.00268 0.00032 0.00066 0.00535 0.00472 0.74048 0.00012 0.03275 0.03279 0.02034 0.02289 0.02354 0.03563 0.05129 
274	3	0.00000 0.00000 0.00150 0.00172 0.00089 0.49264 0.09097 0.02921 0.00011 0.00109 0.01024 0.01782 0.02777 0.14280 0.13666 0.04658 
275	3	0.02494 0.13515 0.10092 0.14067 0.00094 0.00109 0.00213 0.00561 0.03888 0.15286 0.16533 0.13914 0.04348 0.02286 0.01996 0.00606 
276	3	0.00288 0.01951 0.00497 0.00104 0.11060 0.46005 0.02214 0.00105 0.01141 0.06161 0.05533 0.03525 0.06644 0.11230 0.03263 0.00282 
277	3	0.00178 0.36148 0.25876 0.03301 0.01068 0.00042 0.00011 0.00148 0.02011 0.07124 0.08450 0.06010 0.04081 0.02460 0.01553 0.01539 
278	3	0.00006 0.00328 0.00246 0.00422 0.15083 0.06945 0.15919 0.04298 0.00515 0.01597 0.02024 0.03654 0.08819 0.11892 0.18416 0.09836 
279	3	0.00000 0.00003 0.05356 0.13290 0.00133 0.00037 0.00003 0.00166 0.00339 0.03788 0.34301 0.35058 0.04760 0.01443 0.00833 0.00490 
280	3	0.00000 0.46193 0.02983 0.00639 0.00050 0.00045 0.00026 0.00292 0.01589 0.12474 0.09377 0.08071 0.06729 0.05767 0.03757 0.02009 
281	3	0.00001 0.00564 0.01012 0.05015 0.11127 0.17388 0.13399 0.04409 0.00221 0.03193 0.05617 0.07219 0.10099 0.10966 0.07825 0.01945 
282	3	0.00000 0.00007 0.01360 0.00321 0.27401 0.29996 0.09234 0.01170 0.00027 0.00985 0.04979 0.03740 0.06863 0.08456 0.04189 0.01271 
283	3	0.56467 0.00266 0.00123 0.00182 0.00755 0.00110 0.00007 0.00000 0.12789 0.08677 0.05753 0.05680 0.04921 0.02260 0.01768 0.00242 
284	3	0.00000 0.04244 0.40770 0.13438 0.00062 0.00090 0.01240 0.01317 0.00049 0.07156 0.13836 0.07583 0.03448 0.02845 0.03226 0.00695 
285	3	0.00102 0.00993 0.01112 0.04362 0.14018 0.07014 0.00581 0.00000 0.02357 0.04862 0.07326 0.13399 0.22061 0.15802 0.05973 0.00038 
286	3	0.00015 0.07566 0.21415 0.17873 0.07883 0.03240 0.02969 0.00187 0.00305 0.05399 0.09643 0.07929 0.06310 0.04676 0.04250 0.00342 
287	3	0.00344 0.00553 0.00187 0.03300 0.17230 0.20144 0.23187 0.09926 0.01443 0.03406 0.03405 0.02668 0.03170 0.04686 0.04569 0.01782 
288	3	0.00000 0.26201 0.07983 0.11395 0.18468 0.00091 0.00826 0.00135 0.00245 0.07386 0.09998 0.08520 0.04485 0.01653 0.02028 0.00587 
289	3	0.00000 0.00262 0.00464 0.01176 0.27584 0.22542 0.00044 0.00210 0.00219 0.02504 0.04772 0.08081 0.14095 0.12345 0.04874 0.00827 
290	3	0.00000 0.01594 0.00936 0.28061 0.27868 0.04752 0.00044 0.02919 0.00620 0.02754 0.02936 0.10130 0.10726 0.04733 0.01169 0.00758 
291	3	0.00000 0.00365 0.08104 0.46086 0.02842 0.00135 0.00128 0.00259 0.00083 0.02456 0.10374 0.18313 0.08198 0.01272 0.00960 0.00426 
292	3	0.00517 0.01170 0.00537 0.06298 0.20099 0.29642 0.10184 0.02493 0.03124 0.04661 0.02807 0.03393 0.03155 0.05437 0.05377 0.01107 
293	3	0.02513 0.02256 0.09716 0.23231 0.01938 0.02001 0.02833 0.00003 0.06133 0.08101 0.10951 0.12733 0.06708 0.05159 0.04698 0.01027 
294	3	0.00000 0.00002 0.00120 0.00393 0.06767 0.31126 0.11796 0.00048 0.00031 0.00663 0.02489 0.04449 0.07183 0.20443 0.14248 0.00242 
295	3	0.00187 0.00855 0.04524 0.03501 0.22300 0.32931 0.01754 0.00561 0.01822 0.03863 0.03119 0.02300 0.05210 0.09447 0.06134 0.01491 
296	3	0.04313 0.03420 0.00079 0.00024 0.00857 0.09301 0.25447 0.00021 0.06802 0.06479 0.03304 0.02988 0.03944 0.13805 0.16191 0.03024 
