600	6	8
0	1	0.02882 0.03781 0.05266 0.15693 0.20225 0.04512 0.33356 0.14286 
1	1	0.06730 0.05622 0.01889 0.01678 0.02357 0.27533 0.35726 0.18465 
2	1	0.05018 0.04304 0.09672 0.32732 0.24781 0.01164 0.01092 0.21237 
3	1	0.03516 0.08791 0.24706 0.34052 0.08199 0.04080 0.05459 0.11197 
4	1	0.03918 0.09406 0.15086 0.36884 0.09420 0.02133 0.01890 0.21262 
5	1	0.04791 0.11527 0.17412 0.02269 0.02555 0.17081 0.18821 0.25544 
6	1	0.02568 0.06670 0.06057 0.05248 0.10652 0.11037 0.29982 0.27786 
7	1	0.03269 0.12495 0.40245 0.19207 0.06365 0.02584 0.03464 0.12371 
8	1	0.02366 0.07536 0.19015 0.15994 0.02735 0.02478 0.14609 0.35267 
9	1	0.09837 0.12830 0.22514 0.08553 0.01191 0.00901 0.14795 0.29379 
10	1	0.07465 0.10071 0.22352 0.12106 0.06699 0.02639 0.08667 0.30001 
11	1	0.03307 0.04613 0.02401 0.01575 0.03288 0.52756 0.22032 0.10028 
12	1	0.10765 0.19188 0.03853 0.04202 0.09961 0.18253 0.15745 0.18034 
13	1	0.05285 0.03661 0.02643 0.01774 0.04465 0.32452 0.40988 0.08733 
14	1	0.10464 0.21610 0.41002 0.10464 0.06207 0.03898 0.03727 0.02629 
15	1	0.07065 0.07695 0.07214 0.05283 0.07070 0.05436 0.41641 0.18596 
16	1	0.05874 0.21740 0.35227 0.18343 0.04873 0.03587 0.02698 0.07659 
17	1	0.05225 0.10568 0.30939 0.27575 0.07532 0.04650 0.05147 0.08364 
18	1	0.02715 0.08538 0.12521 0.16218 0.04329 0.06218 0.31798 0.17664 
19	1	0.05859 0.11792 0.13140 0.07264 0.07316 0.03141 0.12994 0.38494 
20	1	0.03362 0.05097 0.08358 0.16667 0.26042 0.12085 0.04403 0.23986 
21	1	0.04570 0.22717 0.09420 0.11798 0.12672 0.02238 0.12700 0.23884 
22	1	0.03946 0.04006 0.01765 0.13123 0.22326 0.22801 0.10769 0.21265 
23	1	0.02960 0.05421 0.17196 0.03877 0.27908 0.15403 0.06756 0.20479 
24	1	0.03048 0.04312 0.02015 0.16168 0.34931 0.20765 0.08250 0.10511 
25	1	0.11493 0.18685 0.18292 0.06339 0.07639 0.14886 0.05183 0.17483 
26	1	0.13960 0.22815 0.15406 0.06824 0.08224 0.13608 0.07172 0.11993 
27	1	0.03114 0.13380 0.23129 0.03026 0.02225 0.18533 0.23762 0.12831 
28	1	0.07004 0.17159 0.16281 0.02708 0.20266 0.21821 0.02766 0.11996 
29	1	0.12519 0.18406 0.20891 0.04409 0.03127 0.09735 0.11007 0.19907 
30	1	0.05102 0.07291 0.03513 0.01605 0.00628 0.06207 0.64970 0.10684 
31	1	0.13140 0.18822 0.11325 0.03863 0.10249 0.16165 0.04699 0.21736 
32	1	0.01808 0.04980 0.09652 0.21963 0.03236 0.03129 0.16282 0.38950 
33	1	0.05911 0.06286 0.15209 0.13658 0.12989 0.11101 0.03827 0.31019 
34	1	0.11451 0.09014 0.23556 0.15821 0.04740 0.06469 0.05741 0.23208 
35	1	0.05596 0.26144 0.10341 0.03339 0.05205 0.06992 0.18123 0.24261 
36	1	0.08979 0.20401 0.27380 0.02588 0.00912 0.01079 0.03016 0.35646 
37	1	0.00321 0.00332 0.03264 0.10317 0.08730 0.03608 0.02892 0.70537 
38	1	0.03195 0.09599 0.07497 0.14315 0.13346 0.03240 0.20302 0.28507 
39	1	0.05100 0.09065 0.14318 0.16528 0.10851 0.04450 0.24033 0.15654 
40	1	0.05068 0.10040 0.11739 0.17980 0.05669 0.01826 0.02214 0.45463 
41	1	0.01703 0.07145 0.08638 0.12341 0.34160 0.13954 0.03824 0.18235 
42	1	0.12418 0.02875 0.01242 0.00764 0.28167 0.30363 0.13447 0.10724 
43	1	0.02342 0.05404 0.04666 0.11234 0.24988 0.14656 0.21123 0.15587 
44	1	0.08603 0.21308 0.13778 0.14705 0.04759 0.07980 0.18831 0.10038 
45	1	0.03426 0.08525 0.16465 0.14510 0.04187 0.03846 0.08567 0.40474 
46	1	0.04940 0.17313 0.18120 0.05694 0.04117 0.03110 0.02973 0.43734 
47	1	0.01861 0.10717 0.22909 0.25506 0.03901 0.02777 0.01686 0.30644 
48	1	0.02228 0.05997 0.04596 0.01039 0.00717 0.01759 0.20965 0.62699 
49	1	0.02257 0.03711 0.10727 0.20040 0.12263 0.07164 0.07626 0.36212 
50	1	0.05119 0.12862 0.20964 0.07323 0.09342 0.14709 0.08036 0.21644 
51	1	0.03659 0.05937 0.13250 0.16105 0.08349 0.03180 0.14122 0.35398 
52	1	0.02277 0.03717 0.04978 0.17448 0.14997 0.04169 0.04112 0.48302 
53	1	0.01783 0.02163 0.07283 0.32646 0.17565 0.01056 0.28786 0.08718 
54	1	0.02722 0.04327 0.05036 0.20885 0.35218 0.16595 0.00842 0.14376 
55	1	0.00824 0.03646 0.03344 0.04621 0.09090 0.26453 0.49395 0.02628 
56	1	0.06551 0.28357 0.04394 0.05587 0.16176 0.05184 0.07826 0.25925 
57	1	0.06833 0.14577 0.27099 0.07161 0.05462 0.05808 0.07129 0.25932 
58	1	0.07560 0.20807 0.04377 0.10220 0.08163 0.03541 0.03030 0.42303 
59	1	0.04633 0.04299 0.02399 0.03217 0.60324 0.16235 0.01250 0.07643 
60	1	0.03172 0.03709 0.04562 0.11592 0.18510 0.27408 0.09127 0.21920 
61	1	0.03293 0.08950 0.23615 0.02152 0.11054 0.21197 0.04154 0.25584 
62	1	0.04237 0.16150 0.14763 0.08578 0.16287 0.10705 0.04796 0.24485 
63	1	0.02320 0.08951 0.20057 0.15150 0.04710 0.05088 0.17962 0.25761 
64	1	0.03442 0.07726 0.19362 0.09444 0.02026 0.15799 0.18593 0.23608 
65	1	0.02584 0.05179 0.05558 0.05353 0.14103 0.20548 0.25813 0.20861 
66	1	0.03288 0.02918 0.02865 0.03045 0.08575 0.14429 0.40762 0.24118 
67	1	0.04104 0.18866 0.27433 0.10661 0.01339 0.00574 0.05673 0.31351 
68	1	0.07066 0.08630 0.10489 0.10603 0.16400 0.01245 0.13330 0.32235 
69	1	0.06677 0.04146 0.05473 0.10319 0.18485 0.06588 0.18323 0.29988 
70	1	0.03648 0.03232 0.02178 0.03859 0.03290 0.01117 0.03360 0.79316 
71	1	0.06902 0.06092 0.04506 0.02491 0.00939 0.00584 0.45051 0.33435 
72	1	0.03019 0.04111 0.02540 0.06501 0.16301 0.10283 0.29948 0.27298 
73	1	0.07547 0.34397 0.08818 0.09715 0.19074 0.05275 0.01959 0.13214 
74	1	0.05863 0.06102 0.04065 0.01561 0.01382 0.01608 0.79238 0.00179 
75	1	0.02971 0.05962 0.07549 0.11356 0.20072 0.22735 0.13655 0.15700 
76	1	0.10034 0.14043 0.15316 0.18957 0.08209 0.05688 0.06419 0.21335 
77	1	0.04806 0.12083 0.05127 0.08603 0.16154 0.06480 0.02788 0.43960 
78	1	0.23315 0.10625 0.09359 0.06794 0.11359 0.15530 0.03398 0.19620 
79	1	0.10581 0.03772 0.03081 0.06017 0.16370 0.26435 0.11201 0.22542 
80	1	0.03641 0.10251 0.35821 0.24225 0.04362 0.02745 0.04345 0.14611 
81	1	0.06624 0.09338 0.18795 0.09881 0.02251 0.06544 0.19773 0.26793 
82	1	0.07551 0.07902 0.06751 0.17438 0.19623 0.03221 0.04651 0.32864 
83	1	0.05208 0.17425 0.15528 0.16096 0.13577 0.06610 0.24203 0.01353 
84	1	0.04550 0.04391 0.03078 0.05489 0.23007 0.08454 0.27633 0.23398 
85	1	0.06620 0.26131 0.06481 0.04191 0.04131 0.05049 0.10896 0.36500 
86	1	0.04692 0.08127 0.09171 0.18351 0.10546 0.19140 0.16539 0.13434 
87	1	0.29408 0.17049 0.04359 0.08058 0.05444 0.13066 0.12550 0.10066 
88	1	0.10403 0.07532 0.10763 0.14908 0.07446 0.02833 0.21247 0.24869 
89	1	0.06345 0.04702 0.05070 0.10676 0.27346 0.18959 0.17500 0.09403 
90	1	0.04190 0.06253 0.08015 0.15767 0.06035 0.06592 0.28459 0.24689 
91	1	0.02796 0.07497 0.18948 0.23894 0.37139 0.05000 0.00974 0.03752 
92	1	0.01120 0.08666 0.17306 0.14729 0.08412 0.07062 0.16977 0.25728 
93	1	0.02817 0.08032 0.06653 0.16916 0.11648 0.15807 0.15578 0.22549 
94	1	0.03920 0.09394 0.07592 0.18887 0.13736 0.02545 0.24330 0.19597 
95	1	0.04876 0.12251 0.22026 0.26465 0.14153 0.03084 0.02216 0.14930 
96	1	0.11060 0.10685 0.14493 0.13425 0.06501 0.03962 0.10560 0.29315 
97	1	0.07142 0.13463 0.12352 0.17563 0.13876 0.04861 0.05093 0.25651 
98	1	0.17870 0.10747 0.05384 0.04823 0.14845 0.14452 0.10914 0.20965 
99	1	0.00963 0.06259 0.11915 0.07132 0.01609 0.01424 0.01536 0.69164 
100	2	0.15993 0.08550 0.11146 0.07911 0.03293 0.07771 0.40102 0.05233 
101	2	0.00099 0.02613 0.11756 0.15196 0.05870 0.10560 0.51731 0.02175 
102	2	0.00851 0.31571 0.25099 0.19961 0.12448 0.04028 0.03622 0.02422 
103	2	0.00464 0.01846 0.04635 0.09396 0.07457 0.05279 0.18567 0.52355 
104	2	0.02271 0.09599 0.11944 0.10178 0.06948 0.02711 0.01520 0.54828 
105	2	0.00237 0.05748 0.08314 0.06750 0.04035 0.01934 0.06372 0.66609 
106	2	0.02640 0.08850 0.09945 0.07644 0.04939 0.01730 0.01362 0.62890 
107	2	0.09828 0.11625 0.24665 0.35289 0.18497 0.00033 0.00038 0.00025 
108	2	0.00025 0.02710 0.17088 0.28495 0.09944 0.08906 0.23493 0.09340 
109	2	0.01290 0.11759 0.19360 0.19545 0.25924 0.17311 0.04619 0.00191 
110	2	0.16164 0.14408 0.12373 0.15061 0.20856 0.15104 0.05655 0.00378 
111	2	0.00231 0.04175 0.13459 0.16060 0.23847 0.30877 0.05721 0.05630 
112	2	0.02233 0.11731 0.07554 0.05066 0.04477 0.03660 0.07733 0.57546 
113	2	0.16687 0.42628 0.21413 0.11443 0.04586 0.02000 0.00914 0.00329 
114	2	0.50699 0.32370 0.10655 0.04299 0.01235 0.00470 0.00259 0.00011 
115	2	0.00238 0.03235 0.14727 0.18358 0.15879 0.29748 0.14153 0.03662 
116	2	0.31591 0.10811 0.08891 0.21336 0.19055 0.04857 0.03429 0.00031 
117	2	0.57354 0.20813 0.12080 0.02928 0.01048 0.00824 0.01468 0.03485 
118	2	0.10223 0.20405 0.07611 0.09043 0.20281 0.09956 0.09521 0.12960 
119	2	0.06662 0.19564 0.10595 0.17757 0.16945 0.09683 0.13742 0.05050 
120	2	0.00029 0.01712 0.17723 0.26751 0.19221 0.06264 0.03005 0.25295 
121	2	0.09351 0.22941 0.09006 0.12987 0.17164 0.11341 0.10013 0.07197 
122	2	0.00995 0.03825 0.06489 0.24100 0.38651 0.15420 0.08789 0.01731 
123	2	0.03527 0.16611 0.29163 0.20964 0.13699 0.07148 0.04937 0.03950 
124	2	0.68001 0.04614 0.02932 0.07456 0.09236 0.04108 0.02676 0.00977 
125	2	0.09970 0.18553 0.11461 0.03823 0.02249 0.02039 0.03624 0.48280 
126	2	0.01589 0.09158 0.12533 0.06326 0.04275 0.02383 0.46245 0.17492 
127	2	0.04569 0.14246 0.13927 0.14507 0.23439 0.19016 0.08203 0.02093 
128	2	0.10604 0.02255 0.11695 0.33127 0.10378 0.02277 0.02084 0.27579 
129	2	0.05172 0.25878 0.36015 0.09401 0.11245 0.07183 0.03635 0.01472 
130	2	0.01123 0.08312 0.14287 0.17889 0.13753 0.09288 0.09524 0.25824 
131	2	0.00059 0.01965 0.09256 0.10743 0.12157 0.15238 0.50425 0.00156 
132	2	0.00099 0.05068 0.10757 0.07560 0.03839 0.20087 0.51921 0.00669 
133	2	0.00014 0.06514 0.24913 0.61642 0.06851 0.00045 0.00015 0.00006 
134	2	0.01170 0.12369 0.22231 0.15314 0.27630 0.09693 0.10889 0.00704 
135	2	0.01483 0.09746 0.11375 0.53298 0.21539 0.01493 0.00749 0.00317 
136	2	0.01640 0.04965 0.09717 0.29177 0.13239 0.09754 0.09825 0.21682 
137	2	0.06932 0.75768 0.09248 0.02570 0.01581 0.01493 0.01829 0.00578 
138	2	0.00470 0.09203 0.21213 0.11605 0.02831 0.01758 0.02445 0.50475 
139	2	0.73283 0.10172 0.05687 0.03936 0.02964 0.02219 0.01243 0.00495 
140	2	0.00020 0.05986 0.17246 0.10986 0.14615 0.14712 0.36413 0.00022 
141	2	0.10909 0.30611 0.10346 0.03159 0.01871 0.01445 0.03149 0.38510 
142	2	0.00022 0.07028 0.17871 0.09386 0.08595 0.17728 0.13493 0.25877 
143	2	0.12031 0.42223 0.09680 0.02280 0.06683 0.10336 0.06296 0.10471 
144	2	0.38963 0.24116 0.14579 0.08510 0.05820 0.05481 0.02189 0.00342 
145	2	0.23764 0.20780 0.13482 0.09850 0.07965 0.06443 0.11736 0.05980 
146	2	0.13167 0.32478 0.10480 0.12489 0.10198 0.11340 0.08361 0.01487 
147	2	0.18948 0.20393 0.12897 0.10752 0.10825 0.08372 0.13066 0.04748 
148	2	0.04050 0.10983 0.08561 0.06791 0.05192 0.06922 0.19248 0.38252 
149	2	0.01667 0.13763 0.10899 0.10760 0.12584 0.48738 0.01581 0.00009 
150	2	0.03855 0.11503 0.11457 0.07317 0.04396 0.03280 0.04612 0.53580 
151	2	0.05272 0.10066 0.20519 0.12958 0.07879 0.08892 0.12064 0.22351 
152	2	0.02645 0.17984 0.22632 0.26633 0.20066 0.07772 0.01843 0.00424 
153	2	0.02579 0.18569 0.22841 0.22984 0.17794 0.10001 0.04672 0.00560 
154	2	0.20082 0.21980 0.14348 0.08115 0.16076 0.12495 0.03427 0.03477 
155	2	0.11202 0.10113 0.06200 0.03903 0.06759 0.26151 0.30021 0.05650 
156	2	0.34987 0.30893 0.09812 0.06604 0.05294 0.04322 0.04865 0.03224 
157	2	0.09100 0.12412 0.08867 0.07127 0.07921 0.31996 0.18840 0.03737 
158	2	0.00053 0.10737 0.21974 0.07246 0.03591 0.03548 0.03987 0.48865 
159	2	0.01731 0.06745 0.07047 0.05641 0.13433 0.23995 0.11516 0.29893 
160	2	0.00179 0.07181 0.15213 0.09750 0.48326 0.18315 0.01013 0.00023 
161	2	0.00738 0.15349 0.20998 0.18252 0.16935 0.13923 0.11820 0.01985 
162	2	0.05360 0.14758 0.14203 0.09888 0.13678 0.24161 0.16834 0.01118 
163	2	0.01922 0.64344 0.14773 0.10012 0.05750 0.02472 0.00541 0.00186 
164	2	0.00113 0.66822 0.14194 0.11593 0.05868 0.00680 0.00603 0.00126 
165	2	0.07817 0.20506 0.14783 0.10612 0.04673 0.29759 0.05568 0.06282 
166	2	0.01775 0.04173 0.07968 0.10335 0.07603 0.10360 0.30366 0.27419 
167	2	0.14830 0.07565 0.06810 0.05684 0.08795 0.11426 0.44478 0.00414 
168	2	0.06520 0.04654 0.06894 0.06667 0.07091 0.08954 0.18226 0.40996 
169	2	0.02484 0.14275 0.19534 0.10191 0.04900 0.09112 0.38881 0.00623 
170	2	0.01714 0.09693 0.09941 0.08810 0.08571 0.08183 0.42757 0.10332 
171	2	0.10661 0.27229 0.26495 0.16289 0.02374 0.00795 0.01044 0.15114 
172	2	0.03030 0.14728 0.11807 0.21115 0.33191 0.13502 0.01950 0.00678 
173	2	0.72351 0.08433 0.01997 0.01887 0.02843 0.05102 0.06903 0.00484 
174	2	0.11219 0.12904 0.11489 0.11176 0.23644 0.23474 0.05378 0.00716 
175	2	0.08325 0.08821 0.09788 0.10365 0.02600 0.03145 0.04002 0.52952 
176	2	0.15796 0.18298 0.11074 0.07599 0.04945 0.05141 0.20729 0.16419 
177	2	0.06975 0.15080 0.12464 0.10465 0.11473 0.13874 0.20686 0.08983 
178	2	0.12892 0.50198 0.10574 0.10465 0.05805 0.00866 0.09144 0.00056 
179	2	0.02164 0.10520 0.09758 0.08303 0.06860 0.06049 0.04202 0.52145 
180	2	0.10342 0.22106 0.16769 0.15085 0.10412 0.06615 0.17613 0.01059 
181	2	0.03930 0.19408 0.22163 0.20913 0.13591 0.18279 0.01681 0.00036 
182	2	0.00175 0.04858 0.24094 0.23105 0.22094 0.14266 0.08926 0.02483 
183	2	0.00922 0.20058 0.20744 0.14202 0.11351 0.14556 0.17958 0.00208 
184	2	0.75123 0.11951 0.06884 0.02373 0.02598 0.00162 0.00151 0.00758 
185	2	0.10031 0.08140 0.13433 0.07187 0.05737 0.04100 0.03032 0.48340 
186	2	0.01083 0.08256 0.09372 0.07994 0.26494 0.45999 0.00786 0.00016 
187	2	0.00956 0.03138 0.06835 0.14107 0.06453 0.03291 0.54884 0.10336 
188	2	0.56200 0.10289 0.06385 0.04874 0.08915 0.09332 0.03772 0.00233 
189	2	0.22713 0.20718 0.05723 0.02511 0.02529 0.06357 0.05375 0.34074 
190	2	0.21595 0.14482 0.11019 0.09552 0.08032 0.06458 0.07060 0.21802 
191	2	0.00108 0.09532 0.24511 0.09018 0.02648 0.03166 0.03928 0.47089 
192	2	0.09705 0.24757 0.24715 0.09879 0.06960 0.05115 0.05987 0.12882 
193	2	0.08365 0.19228 0.21896 0.18670 0.08674 0.08023 0.06353 0.08792 
194	2	0.05898 0.10139 0.11992 0.12456 0.04842 0.02773 0.02755 0.49144 
195	2	0.00188 0.01706 0.07883 0.16027 0.09604 0.07827 0.16387 0.40379 
196	2	0.53191 0.12152 0.09843 0.09761 0.09890 0.04724 0.00420 0.00021 
197	2	0.02285 0.16079 0.17901 0.04620 0.08298 0.08375 0.12985 0.29459 
198	2	0.06079 0.07220 0.07972 0.08100 0.07230 0.13009 0.42792 0.07599 
199	2	0.00064 0.13229 0.12012 0.08909 0.07938 0.52502 0.03697 0.01650 
200	3	0.00782 0.61830 0.14057 0.04537 0.05659 0.05626 0.04804 0.02705 
201	3	0.84397 0.03018 0.04780 0.03118 0.02327 0.00670 0.00501 0.01189 
202	3	0.37124 0.34836 0.10134 0.04676 0.02783 0.01815 0.01923 0.06709 
203	3	0.07427 0.07033 0.03026 0.01918 0.01753 0.12691 0.64736 0.01417 
204	3	0.83585 0.01173 0.01507 0.03603 0.05111 0.03772 0.01154 0.00095 
205	3	0.82972 0.05983 0.03837 0.03558 0.02631 0.00758 0.00221 0.00040 
206	3	0.00181 0.04116 0.09065 0.11302 0.30722 0.30127 0.13955 0.00532 
207	3	0.07290 0.11012 0.20387 0.06477 0.10188 0.34827 0.09387 0.00432 
208	3	0.00777 0.21809 0.07746 0.23719 0.26391 0.17209 0.01593 0.00755 
209	3	0.28984 0.15538 0.15553 0.15364 0.13279 0.05468 0.03661 0.02154 
210	3	0.00231 0.00555 0.01236 0.02894 0.05985 0.12446 0.14329 0.62324 
211	3	0.57777 0.03139 0.03324 0.05101 0.07259 0.08333 0.09163 0.05902 
212	3	0.00267 0.09325 0.07032 0.19142 0.32484 0.15358 0.06368 0.10025 
213	3	0.00601 0.61872 0.14791 0.09172 0.05690 0.05756 0.01992 0.00126 
214	3	0.06373 0.05530 0.02967 0.02066 0.08005 0.30701 0.36302 0.08056 
215	3	0.00514 0.03559 0.08265 0.09634 0.35899 0.38527 0.03133 0.00470 
216	3	0.01940 0.24426 0.28525 0.09110 0.07861 0.09989 0.09673 0.08475 
217	3	0.00196 0.02855 0.04003 0.06064 0.06608 0.05383 0.73105 0.01786 
218	3	0.00763 0.06633 0.11290 0.16681 0.15985 0.13482 0.18190 0.16977 
219	3	0.52482 0.23148 0.03362 0.04994 0.06561 0.05367 0.02848 0.01238 
220	3	0.06443 0.22127 0.10462 0.25065 0.28241 0.06389 0.00688 0.00585 
221	3	0.11280 0.12497 0.19667 0.14704 0.07144 0.10013 0.14233 0.10462 
222	3	0.85286 0.06181 0.02834 0.02092 0.01271 0.00770 0.00784 0.00782 
223	3	0.08079 0.16301 0.15516 0.16379 0.08858 0.09501 0.13927 0.11439 
224	3	0.00327 0.04936 0.09846 0.10804 0.43243 0.30372 0.00353 0.00119 
225	3	0.01364 0.00862 0.02517 0.03160 0.05481 0.20294 0.23738 0.42583 
226	3	0.81210 0.05479 0.01792 0.01283 0.01287 0.01808 0.02432 0.04708 
227	3	0.19018 0.06516 0.03394 0.04625 0.05615 0.11485 0.16025 0.33322 
228	3	0.16988 0.42132 0.19291 0.12464 0.05124 0.00829 0.01168 0.02005 
229	3	0.01332 0.10782 0.34936 0.30321 0.16834 0.02000 0.01378 0.02416 
230	3	0.07358 0.14109 0.06011 0.04192 0.21451 0.44857 0.01971 0.00051 
231	3	0.19540 0.46665 0.15347 0.08317 0.04547 0.02764 0.02079 0.00740 
232	3	0.00275 0.03037 0.03967 0.01907 0.09928 0.43112 0.36393 0.01380 
233	3	0.03714 0.06287 0.11492 0.18881 0.22064 0.17203 0.07142 0.13217 
234	3	0.00056 0.05677 0.10498 0.07672 0.07501 0.28333 0.36567 0.03696 
235	3	0.00935 0.01879 0.15773 0.35039 0.40587 0.03188 0.01628 0.00972 
236	3	0.00015 0.01827 0.02871 0.04789 0.32585 0.49086 0.07655 0.01171 
237	3	0.48838 0.25995 0.05686 0.05954 0.05543 0.03907 0.03132 0.00946 
238	3	0.30929 0.22137 0.09617 0.07135 0.07195 0.08085 0.06833 0.08070 
239	3	0.02295 0.05295 0.20553 0.22281 0.21908 0.21399 0.04760 0.01507 
240	3	0.00344 0.39571 0.23225 0.15051 0.15062 0.02271 0.01222 0.03252 
241	3	0.00117 0.62898 0.04559 0.03411 0.04355 0.04336 0.02478 0.17846 
242	3	0.00242 0.08933 0.32465 0.27283 0.13036 0.05363 0.08160 0.04517 
243	3	0.71902 0.03682 0.01396 0.01840 0.03843 0.07232 0.05700 0.04404 
244	3	0.00205 0.71003 0.05053 0.05253 0.05580 0.08285 0.02619 0.02001 
245	3	0.04445 0.40141 0.26988 0.12296 0.06497 0.03747 0.02834 0.03052 
246	3	0.01570 0.06625 0.16316 0.14431 0.19739 0.20859 0.18977 0.01483 
247	3	0.41958 0.16974 0.12255 0.07458 0.06726 0.06318 0.05832 0.02479 
248	3	0.13682 0.09739 0.27043 0.36427 0.07189 0.02186 0.01894 0.01840 
249	3	0.04504 0.55370 0.16045 0.08937 0.09950 0.04074 0.01034 0.00084 
250	3	0.04796 0.27301 0.16963 0.15709 0.22599 0.08523 0.03405 0.00703 
251	3	0.75932 0.12570 0.05751 0.02720 0.01237 0.00695 0.00696 0.00399 
252	3	0.02725 0.04296 0.03400 0.09956 0.21909 0.57444 0.00265 0.00005 
253	3	0.00224 0.01779 0.04739 0.07600 0.25061 0.22619 0.31790 0.06188 
254	3	0.00351 0.07282 0.06505 0.64204 0.17040 0.02360 0.01282 0.00977 
255	3	0.00087 0.39215 0.47132 0.08514 0.02582 0.01253 0.01003 0.00214 
256	3	0.01147 0.16509 0.28688 0.07155 0.27700 0.11710 0.06183 0.00906 
257	3	0.69214 0.02970 0.03609 0.05233 0.06383 0.07601 0.03672 0.01317 
258	3	0.00656 0.03975 0.02784 0.01646 0.04016 0.84065 0.02840 0.00018 
259	3	0.39221 0.39771 0.14366 0.04404 0.01281 0.00492 0.00269 0.00196 
260	3	0.05510 0.08605 0.08516 0.11054 0.22465 0.35124 0.06620 0.02106 
261	3	0.00057 0.00424 0.01496 0.06097 0.89838 0.01567 0.00461 0.00061 
262	3	0.00476 0.01034 0.01633 0.03043 0.09773 0.27006 0.26896 0.30139 
263	3	0.02860 0.05307 0.15772 0.51756 0.18872 0.01170 0.00836 0.03426 
264	3	0.09729 0.51567 0.05547 0.03416 0.05129 0.09373 0.11068 0.04171 
265	3	0.00117 0.04363 0.09727 0.29919 0.30838 0.09708 0.09088 0.06240 
266	3	0.46723 0.04173 0.03529 0.04007 0.05370 0.05610 0.02702 0.27886 
267	3	0.00056 0.00730 0.02459 0.04154 0.06148 0.52275 0.33297 0.00883 
268	3	0.00004 0.00058 0.00729 0.05215 0.78053 0.13991 0.01494 0.00455 
269	3	0.00347 0.03549 0.40077 0.12183 0.05001 0.04700 0.05679 0.28463 
270	3	0.00068 0.01816 0.40329 0.09616 0.04833 0.04893 0.06246 0.32200 
271	3	0.00015 0.00510 0.16829 0.35606 0.08312 0.00906 0.37567 0.00254 
272	3	0.00060 0.30042 0.18509 0.07976 0.06610 0.04162 0.32464 0.00177 
273	3	0.00006 0.05768 0.03668 0.01966 0.02430 0.02860 0.03516 0.79787 
274	3	0.00009 0.00103 0.01163 0.01907 0.02829 0.58914 0.27462 0.07612 
275	3	0.08109 0.29583 0.26747 0.26256 0.03952 0.02247 0.02006 0.01100 
276	3	0.01567 0.08495 0.05845 0.04274 0.24789 0.51004 0.03794 0.00232 
277	3	0.02023 0.37767 0.38702 0.09933 0.05550 0.02680 0.01579 0.01766 
278	3	0.00690 0.01978 0.02370 0.05245 0.25045 0.20297 0.33821 0.10555 
279	3	0.00348 0.03773 0.39477 0.48564 0.04893 0.01470 0.00830 0.00644 
280	3	0.02080 0.59175 0.12040 0.08623 0.06776 0.05604 0.03597 0.02104 
281	3	0.00348 0.04976 0.06260 0.10075 0.21156 0.28263 0.21837 0.07085 
282	3	0.00032 0.01205 0.06587 0.03523 0.34333 0.38621 0.13123 0.02576 
283	3	0.71606 0.07327 0.05668 0.05790 0.05443 0.02314 0.01580 0.00270 
284	3	0.00062 0.11444 0.62930 0.13014 0.03377 0.02994 0.04105 0.02074 
285	3	0.02754 0.05781 0.08621 0.17755 0.35915 0.22980 0.06149 0.00045 
286	3	0.00210 0.10129 0.32963 0.27121 0.14286 0.07606 0.07164 0.00520 
287	3	0.01716 0.03885 0.03658 0.04599 0.20381 0.24222 0.30078 0.11460 
288	3	0.00322 0.35246 0.20453 0.18268 0.20669 0.01610 0.02626 0.00804 
289	3	0.00415 0.03200 0.05492 0.10335 0.45450 0.30298 0.03837 0.00973 
290	3	0.00625 0.04337 0.03279 0.39509 0.43833 0.03651 0.01119 0.03647 
291	3	0.00420 0.03949 0.63490 0.26591 0.02951 0.01038 0.00911 0.00649 
292	3	0.03896 0.05698 0.03383 0.11328 0.23289 0.34783 0.14339 0.03285 
293	3	0.10498 0.09412 0.26243 0.30344 0.08113 0.06819 0.07627 0.00945 
294	3	0.00026 0.00723 0.02927 0.05098 0.16389 0.64042 0.10533 0.00262 
295	3	0.01819 0.05001 0.07487 0.03373 0.22262 0.37425 0.20236 0.02396 
296	3	0.11244 0.09683 0.03730 0.03276 0.06076 0.30167 0.33319 0.02506 
297	3	0.00055 0.00796 0.19575 0.30425 0.31359 0.05682 0.00416 0.11692 
298	3	0.00113 0.11103 0.49861 0.22984 0.03752 0.02404 0.00979 0.08803 
299	3	0.00033 0.12423 0.65786 0.06722 0.05656 0.05308 0.03039 0.01033 
300	4	0.00187 0.04293 0.07846 0.15480 0.40043 0.28120 0.03164 0.00867 
301	4	0.04426 0.05913 0.04306 0.06387 0.15742 0.43403 0.18965 0.00858 
302	4	0.00503 0.03189 0.07121 0.65111 0.19790 0.02327 0.01662 0.00298 
303	4	0.03225 0.18505 0.31219 0.36264 0.06029 0.02917 0.01480 0.00361 
304	4	0.20012 0.17693 0.13151 0.08343 0.05075 0.06496 0.27825 0.01406 
305	4	0.00360 0.36228 0.21588 0.11605 0.13493 0.10310 0.02307 0.04110 
306	4	0.03272 0.13194 0.22994 0.10744 0.08541 0.09526 0.12693 0.19036 
307	4	0.43172 0.09508 0.08953 0.11551 0.11070 0.10383 0.05023 0.00341 
308	4	0.02734 0.32505 0.25489 0.25327 0.07459 0.03828 0.02343 0.00315 
309	4	0.06381 0.28670 0.25176 0.12786 0.09048 0.07701 0.06817 0.03421 
310	4	0.07844 0.48792 0.12600 0.06737 0.06679 0.08354 0.06627 0.02367 
311	4	0.00982 0.16266 0.28252 0.20386 0.15376 0.10498 0.06631 0.01608 
312	4	0.01535 0.13496 0.10378 0.11358 0.17444 0.21534 0.23477 0.00779 
313	4	0.06572 0.11155 0.50612 0.18374 0.04711 0.04415 0.03797 0.00363 
314	4	0.01615 0.64495 0.14979 0.08676 0.05804 0.03024 0.01135 0.00273 
315	4	0.04634 0.63869 0.16673 0.03724 0.02403 0.02793 0.03553 0.02350 
316	4	0.22839 0.23297 0.08762 0.07998 0.13727 0.17691 0.04369 0.01315 
317	4	0.04480 0.11762 0.15987 0.18473 0.20901 0.16108 0.10277 0.02011 
318	4	0.00058 0.20629 0.39306 0.21793 0.08685 0.04361 0.03101 0.02067 
319	4	0.05664 0.15255 0.07080 0.03739 0.02760 0.01711 0.01163 0.62628 
320	4	0.03041 0.18480 0.50260 0.12781 0.01553 0.02737 0.05578 0.05571 
321	4	0.00224 0.03146 0.11223 0.20047 0.22977 0.28424 0.12561 0.01399 
322	4	0.00913 0.05350 0.11362 0.09194 0.07993 0.05694 0.03835 0.55658 
323	4	0.02342 0.14337 0.13869 0.08920 0.05863 0.04413 0.03422 0.46835 
324	4	0.00045 0.01229 0.05763 0.43198 0.20986 0.14055 0.07932 0.06792 
325	4	0.00040 0.01095 0.13193 0.49712 0.17620 0.15410 0.02738 0.00192 
326	4	0.05641 0.19693 0.14176 0.19110 0.21297 0.14923 0.04578 0.00582 
327	4	0.05383 0.11663 0.10639 0.13410 0.26151 0.28974 0.03313 0.00466 
328	4	0.00062 0.01704 0.09921 0.14876 0.14509 0.08219 0.02130 0.48578 
329	4	0.00020 0.00534 0.03811 0.10099 0.12037 0.07434 0.37707 0.28357 
330	4	0.00216 0.14352 0.26572 0.26494 0.19767 0.10798 0.01725 0.00076 
331	4	0.00259 0.11093 0.36287 0.21087 0.10679 0.13772 0.06667 0.00157 
332	4	0.02897 0.13637 0.11249 0.08505 0.34629 0.16568 0.06101 0.06413 
333	4	0.50228 0.31159 0.08713 0.03873 0.02413 0.01647 0.01244 0.00723 
334	4	0.00091 0.06265 0.49518 0.26159 0.10065 0.03682 0.02921 0.01298 
335	4	0.21689 0.17947 0.15787 0.08900 0.06748 0.15920 0.12964 0.00044 
336	4	0.00340 0.05936 0.08540 0.18847 0.59376 0.04468 0.02027 0.00465 
337	4	0.01078 0.22708 0.50815 0.11741 0.06518 0.04048 0.02571 0.00521 
338	4	0.31106 0.17549 0.21555 0.15080 0.05650 0.03761 0.03425 0.01875 
339	4	0.07104 0.11560 0.09492 0.12809 0.24647 0.30859 0.03092 0.00436 
340	4	0.39130 0.22238 0.12846 0.09194 0.06108 0.08350 0.01839 0.00296 
341	4	0.00055 0.04691 0.22745 0.26062 0.24969 0.16283 0.04874 0.00322 
342	4	0.07419 0.30753 0.17535 0.40237 0.00867 0.00686 0.00742 0.01761 
343	4	0.02301 0.30631 0.22440 0.24923 0.03718 0.03858 0.03941 0.08188 
344	4	0.00079 0.06589 0.23026 0.27833 0.24087 0.14392 0.03774 0.00220 
345	4	0.00492 0.34598 0.44140 0.09913 0.07133 0.02290 0.01110 0.00323 
346	4	0.00243 0.06445 0.83577 0.04002 0.02592 0.02473 0.00498 0.00170 
347	4	0.01626 0.03060 0.29057 0.23307 0.13956 0.12790 0.00647 0.15557 
348	4	0.01841 0.22039 0.28652 0.25351 0.13597 0.07016 0.01189 0.00315 
349	4	0.01273 0.11183 0.41947 0.13168 0.14653 0.11430 0.04752 0.01593 
350	4	0.01208 0.10571 0.47613 0.13485 0.13389 0.09545 0.03267 0.00923 
351	4	0.08833 0.11676 0.24702 0.28981 0.12841 0.06273 0.05113 0.01582 
352	4	0.41207 0.28440 0.14853 0.09380 0.02677 0.01631 0.01125 0.00687 
353	4	0.10470 0.18951 0.11609 0.06184 0.04460 0.04209 0.12431 0.31685 
354	4	0.27992 0.61384 0.04908 0.02169 0.01060 0.00893 0.01056 0.00537 
355	4	0.43332 0.17948 0.19875 0.13458 0.02818 0.01630 0.00899 0.00040 
356	4	0.00392 0.12194 0.43497 0.23887 0.11244 0.05778 0.02547 0.00461 
357	4	0.00390 0.15958 0.20456 0.49148 0.09351 0.02096 0.01580 0.01022 
358	4	0.01261 0.09828 0.18372 0.22322 0.17342 0.11173 0.17562 0.02140 
359	4	0.00031 0.19714 0.18487 0.14580 0.16840 0.26580 0.03094 0.00676 
360	4	0.00013 0.00292 0.02538 0.10843 0.79689 0.06622 0.00001 0.00001 
361	4	0.00189 0.05271 0.14392 0.15155 0.16905 0.36958 0.11045 0.00085 
362	4	0.00302 0.06161 0.30347 0.37447 0.12462 0.08976 0.03735 0.00571 
363	4	0.09144 0.41167 0.38602 0.03830 0.03309 0.02294 0.01304 0.00351 
364	4	0.01196 0.01892 0.03481 0.08159 0.23941 0.42262 0.16814 0.02255 
365	4	0.32260 0.25162 0.22625 0.15119 0.01952 0.01414 0.01149 0.00317 
366	4	0.00245 0.02057 0.44674 0.23158 0.10229 0.06846 0.07364 0.05428 
367	4	0.43604 0.16899 0.11420 0.11269 0.09074 0.05675 0.01844 0.00215 
368	4	0.00020 0.02692 0.07052 0.48135 0.26274 0.05512 0.04979 0.05336 
369	4	0.00162 0.09827 0.31127 0.39117 0.15704 0.02998 0.00970 0.00094 
370	4	0.05912 0.31327 0.23083 0.13643 0.07870 0.03993 0.03372 0.10800 
371	4	0.03723 0.36053 0.14512 0.09007 0.08767 0.11792 0.10972 0.05175 
372	4	0.09260 0.09705 0.11495 0.12209 0.16555 0.18863 0.18652 0.03262 
373	4	0.44048 0.23485 0.14167 0.10200 0.02742 0.02875 0.02175 0.00308 
374	4	0.02284 0.10203 0.13064 0.31527 0.22386 0.09897 0.08114 0.02524 
375	4	0.00616 0.25380 0.12448 0.13404 0.35300 0.09675 0.02892 0.00285 
376	4	0.00198 0.65287 0.28678 0.02744 0.01121 0.00553 0.00124 0.01295 
377	4	0.24478 0.29015 0.17686 0.08330 0.06392 0.06142 0.05030 0.02927 
378	4	0.00172 0.07134 0.77625 0.09654 0.04509 0.00819 0.00079 0.00009 
379	4	0.00746 0.39917 0.42645 0.10753 0.01764 0.01183 0.01586 0.01406 
380	4	0.00068 0.01668 0.51914 0.34843 0.06963 0.03127 0.01341 0.00076 
381	4	0.20432 0.29211 0.13359 0.10372 0.08565 0.06993 0.06357 0.04711 
382	4	0.01112 0.16731 0.13805 0.17625 0.31101 0.17187 0.02366 0.00073 
383	4	0.13937 0.14792 0.24723 0.31547 0.07438 0.02888 0.02318 0.02356 
384	4	0.02565 0.22662 0.49767 0.17127 0.04820 0.02372 0.00653 0.00035 
385	4	0.00960 0.20338 0.19996 0.09548 0.06697 0.11931 0.29711 0.00820 
386	4	0.00115 0.09538 0.31756 0.39488 0.08982 0.06939 0.02146 0.01035 
387	4	0.03921 0.34219 0.28585 0.06890 0.05147 0.05881 0.03974 0.11382 
388	4	0.00905 0.19807 0.35685 0.15868 0.14208 0.09533 0.03538 0.00455 
389	4	0.00116 0.06982 0.19169 0.22698 0.26723 0.19101 0.03808 0.01403 
390	4	0.06959 0.21150 0.20314 0.14236 0.22369 0.13501 0.01437 0.00034 
391	4	0.06023 0.16977 0.16260 0.27013 0.14212 0.11590 0.06747 0.01178 
392	4	0.00213 0.02885 0.35425 0.40223 0.10030 0.05264 0.05309 0.00650 
393	4	0.16879 0.44818 0.23808 0.06276 0.03754 0.02264 0.01567 0.00633 
394	4	0.00376 0.23241 0.38203 0.20329 0.12895 0.04769 0.00182 0.00004 
395	4	0.05973 0.37668 0.31839 0.14898 0.06049 0.02624 0.00828 0.00121 
396	4	0.00279 0.05929 0.09801 0.14998 0.09257 0.55343 0.04323 0.00071 
397	4	0.06934 0.02443 0.09586 0.14181 0.39151 0.26566 0.01124 0.00016 
398	4	0.14066 0.24230 0.24830 0.21383 0.10110 0.04306 0.01026 0.00050 
399	4	0.43295 0.18947 0.09365 0.08842 0.08067 0.06418 0.04012 0.01053 
400	5	0.04694 0.03990 0.03976 0.02759 0.03743 0.04400 0.04244 0.72194 
401	5	0.03819 0.05872 0.03974 0.03143 0.03436 0.03715 0.03126 0.72915 
402	5	0.03641 0.05731 0.05909 0.04157 0.03518 0.04318 0.03261 0.69465 
403	5	0.03211 0.04939 0.05865 0.05272 0.03931 0.03723 0.03720 0.69338 
404	5	0.03345 0.06178 0.04854 0.03373 0.03058 0.03488 0.03527 0.72176 
405	5	0.04028 0.04833 0.03838 0.03583 0.04112 0.03798 0.03351 0.72458 
406	5	0.04268 0.03421 0.02943 0.03020 0.04959 0.07877 0.03822 0.69690 
407	5	0.02496 0.05512 0.05333 0.04062 0.04377 0.05215 0.03814 0.69191 
408	5	0.03091 0.07307 0.05047 0.04348 0.03201 0.03779 0.03153 0.70074 
409	5	0.06099 0.06228 0.05120 0.04488 0.02985 0.02227 0.02125 0.70728 
410	5	0.03083 0.06045 0.04098 0.03643 0.03797 0.03143 0.03485 0.72705 
411	5	0.03471 0.05673 0.06522 0.03672 0.02785 0.02781 0.03205 0.71891 
412	5	0.05458 0.05408 0.04260 0.02689 0.03282 0.04500 0.03324 0.71078 
413	5	0.05579 0.07691 0.04206 0.03171 0.02541 0.01820 0.02884 0.72109 
414	5	0.05805 0.02860 0.02248 0.02362 0.03985 0.05659 0.04412 0.72670 
415	5	0.04461 0.03949 0.03258 0.02855 0.04168 0.05191 0.04680 0.71438 
416	5	0.04127 0.04972 0.03511 0.02832 0.03798 0.04704 0.04004 0.72051 
417	5	0.04548 0.04299 0.03073 0.02972 0.04115 0.04725 0.04157 0.72110 
418	5	0.06101 0.06096 0.03714 0.02464 0.03681 0.04994 0.03361 0.69589 
419	5	0.05443 0.04706 0.03797 0.03061 0.04723 0.04386 0.03771 0.70113 
420	5	0.04310 0.06534 0.03802 0.03590 0.03996 0.02447 0.02836 0.72485 
421	5	0.04270 0.03817 0.03400 0.03167 0.03728 0.04315 0.04122 0.73181 
422	5	0.04862 0.03511 0.02995 0.02909 0.04906 0.05596 0.03893 0.71330 
423	5	0.04414 0.04466 0.02987 0.02754 0.03179 0.04791 0.04662 0.72748 
424	5	0.03201 0.07476 0.05957 0.04339 0.03728 0.03745 0.03595 0.67959 
425	5	0.06145 0.08145 0.08671 0.23354 0.35735 0.14420 0.02204 0.01325 
426	5	0.02467 0.09183 0.04340 0.01344 0.01389 0.03737 0.62410 0.15132 
427	5	0.02728 0.07722 0.04544 0.02107 0.01954 0.02634 0.13897 0.64415 
428	5	0.06294 0.09318 0.07045 0.03228 0.02647 0.02871 0.03839 0.64757 
429	5	0.06785 0.07775 0.06942 0.20178 0.13944 0.09086 0.26444 0.08845 
430	5	0.05789 0.10843 0.06186 0.02976 0.03132 0.03024 0.04433 0.63618 
431	5	0.05650 0.08324 0.06240 0.03340 0.02830 0.02898 0.04219 0.66500 
432	5	0.09014 0.15252 0.13508 0.14231 0.08254 0.10050 0.15547 0.14144 
433	5	0.04613 0.12095 0.05988 0.02538 0.02555 0.02609 0.03273 0.66329 
434	5	0.07160 0.23817 0.20867 0.18327 0.11430 0.03639 0.02015 0.12746 
435	5	0.03922 0.07325 0.04531 0.03190 0.03496 0.04091 0.05207 0.68239 
436	5	0.05262 0.05885 0.04274 0.03555 0.03837 0.04318 0.04388 0.68481 
437	5	0.03870 0.04827 0.03429 0.02994 0.03611 0.04451 0.32777 0.44041 
438	5	0.01108 0.05977 0.03508 0.02354 0.02652 0.03265 0.33061 0.48075 
439	5	0.03086 0.05370 0.03842 0.03164 0.02679 0.03169 0.07980 0.70711 
440	5	0.00939 0.07199 0.04285 0.02800 0.02968 0.03623 0.41789 0.36397 
441	5	0.02898 0.07226 0.04413 0.01907 0.02074 0.03346 0.60834 0.17303 
442	5	0.04112 0.07183 0.03280 0.02381 0.02274 0.02681 0.10858 0.67230 
443	5	0.03910 0.05334 0.05010 0.03223 0.02721 0.03357 0.04746 0.71700 
444	5	0.02766 0.05511 0.04500 0.03583 0.03369 0.03328 0.26576 0.50365 
445	5	0.01329 0.06099 0.04176 0.02428 0.02831 0.04531 0.04224 0.74382 
446	5	0.05165 0.07943 0.04215 0.03713 0.03583 0.03002 0.18298 0.54081 
447	5	0.03690 0.08391 0.04699 0.03822 0.02909 0.03172 0.03359 0.69958 
448	5	0.07262 0.07975 0.04633 0.03184 0.03514 0.03139 0.03324 0.66970 
449	5	0.34763 0.14894 0.05984 0.06999 0.11575 0.09976 0.04459 0.11351 
450	5	0.03073 0.09863 0.05446 0.03133 0.03416 0.03076 0.10166 0.61826 
451	5	0.28267 0.18202 0.14668 0.11647 0.08378 0.04578 0.01864 0.12395 
452	5	0.02442 0.08667 0.05197 0.03101 0.02965 0.03513 0.04746 0.69370 
453	5	0.18152 0.28128 0.22024 0.09253 0.02876 0.02514 0.01188 0.15865 
454	5	0.01748 0.05575 0.03531 0.02787 0.03010 0.02652 0.60503 0.20194 
455	5	0.11566 0.54633 0.12284 0.03493 0.02312 0.01672 0.01922 0.12119 
456	5	0.01665 0.05800 0.04398 0.03411 0.03461 0.04403 0.54343 0.22520 
457	5	0.12276 0.53169 0.15615 0.03824 0.02353 0.01868 0.02070 0.08826 
458	5	0.01589 0.05625 0.03219 0.02943 0.02895 0.03868 0.34609 0.45252 
459	5	0.00661 0.05762 0.04822 0.02331 0.02351 0.03055 0.56361 0.24658 
460	5	0.22439 0.52450 0.10441 0.03309 0.01692 0.01416 0.01596 0.06656 
461	5	0.00243 0.04163 0.05144 0.02640 0.03141 0.04122 0.50479 0.30068 
462	5	0.00736 0.05304 0.04151 0.03025 0.03019 0.03696 0.50455 0.29615 
463	5	0.02190 0.04467 0.03357 0.02763 0.03001 0.03757 0.57653 0.22812 
464	5	0.41157 0.36349 0.06076 0.02981 0.01905 0.01475 0.02019 0.08038 
465	5	0.00799 0.05594 0.03863 0.02824 0.02318 0.04284 0.48745 0.31572 
466	5	0.21804 0.55209 0.09802 0.02338 0.01861 0.01813 0.01993 0.05181 
467	5	0.01859 0.08928 0.08412 0.04039 0.02631 0.03244 0.04520 0.66366 
468	5	0.03074 0.07657 0.04392 0.02809 0.02271 0.02396 0.40130 0.37271 
469	5	0.12154 0.09916 0.19126 0.05298 0.03234 0.02488 0.05307 0.42478 
470	5	0.25954 0.16112 0.08628 0.06632 0.06419 0.07957 0.13460 0.14837 
471	5	0.23103 0.33356 0.04646 0.02718 0.02535 0.02040 0.01878 0.29725 
472	5	0.03863 0.20532 0.15302 0.08103 0.10412 0.07456 0.00679 0.33652 
473	5	0.03852 0.22972 0.13021 0.08330 0.09582 0.06524 0.01147 0.34571 
474	5	0.04987 0.06663 0.02423 0.03051 0.02203 0.04284 0.40492 0.35896 
475	5	0.11925 0.27056 0.26831 0.22269 0.08103 0.02036 0.01449 0.00331 
476	5	0.06014 0.22779 0.17297 0.07249 0.07765 0.14110 0.19995 0.04792 
477	5	0.03695 0.09533 0.12538 0.20728 0.17877 0.26381 0.07065 0.02183 
478	5	0.06539 0.10474 0.10436 0.10278 0.14721 0.09480 0.03559 0.34513 
479	5	0.02141 0.08379 0.14635 0.14713 0.09435 0.07320 0.07770 0.35609 
480	5	0.13811 0.20983 0.18187 0.13160 0.04754 0.03987 0.07613 0.17505 
481	5	0.02508 0.13226 0.10580 0.17062 0.16330 0.05375 0.02277 0.32641 
482	5	0.00590 0.53550 0.06442 0.03519 0.02535 0.01449 0.00621 0.31295 
483	5	0.27394 0.20983 0.04652 0.03147 0.02814 0.02293 0.00565 0.38152 
484	5	0.00312 0.19407 0.13568 0.13933 0.07901 0.05162 0.01231 0.38486 
485	5	0.02340 0.38888 0.12203 0.05280 0.02489 0.01783 0.00766 0.36252 
486	5	0.30565 0.22571 0.07166 0.03328 0.02092 0.00971 0.00250 0.33056 
487	5	0.05139 0.07410 0.05963 0.08721 0.17632 0.10903 0.07340 0.36893 
488	5	0.41831 0.16418 0.05244 0.01998 0.01112 0.00704 0.00400 0.32294 
489	5	0.01240 0.53072 0.08101 0.02733 0.00902 0.00465 0.00286 0.33200 
490	5	0.06136 0.38940 0.09024 0.04748 0.03070 0.02117 0.01681 0.34285 
491	5	0.09042 0.39455 0.06558 0.04365 0.02677 0.01637 0.01070 0.35195 
492	5	0.04092 0.35979 0.08152 0.04838 0.03138 0.02704 0.03191 0.37906 
493	5	0.04132 0.45573 0.06568 0.04053 0.02530 0.01402 0.01086 0.34656 
494	5	0.02790 0.38646 0.09993 0.05387 0.03116 0.03179 0.02259 0.34630 
495	5	0.21294 0.23259 0.04779 0.04387 0.02251 0.01439 0.00939 0.41652 
496	5	0.07079 0.10482 0.14380 0.10615 0.07770 0.18518 0.20700 0.10455 
497	5	0.04696 0.10466 0.11911 0.15728 0.07853 0.33976 0.06117 0.09252 
498	5	0.01257 0.08436 0.17167 0.13157 0.07123 0.26125 0.01771 0.24964 
499	5	0.09629 0.05199 0.03601 0.02647 0.02137 0.02208 0.03070 0.71508 
500	6	0.00025 0.00545 0.01992 0.05039 0.07839 0.11189 0.19978 0.53394 
501	6	0.00646 0.14151 0.09967 0.16935 0.13467 0.17824 0.13852 0.13159 
502	6	0.00218 0.20240 0.06816 0.12980 0.26747 0.18485 0.09402 0.05112 
503	6	0.75553 0.05255 0.02487 0.01986 0.06175 0.03557 0.02599 0.02387 
504	6	0.00151 0.03262 0.07354 0.08549 0.06483 0.07030 0.15081 0.52090 
505	6	0.00239 0.02093 0.04197 0.07444 0.08437 0.11570 0.15249 0.50771 
506	6	0.79896 0.10477 0.00684 0.00808 0.02186 0.02270 0.02005 0.01675 
507	6	0.11324 0.12083 0.14440 0.02202 0.01330 0.01077 0.01432 0.56112 
508	6	0.00571 0.12472 0.23963 0.05557 0.02498 0.02140 0.02292 0.50508 
509	6	0.00093 0.01638 0.03212 0.03787 0.20936 0.27067 0.28426 0.14842 
510	6	0.00214 0.09475 0.19260 0.08748 0.15397 0.24649 0.05978 0.16279 
511	6	0.00546 0.01980 0.05476 0.07772 0.09903 0.10264 0.12788 0.51272 
512	6	0.10224 0.04048 0.03434 0.04424 0.05079 0.07841 0.05123 0.59826 
513	6	0.05862 0.21639 0.37787 0.21115 0.05799 0.05856 0.01654 0.00287 
514	6	0.00959 0.04611 0.06908 0.07346 0.07381 0.11566 0.16016 0.45213 
515	6	0.36102 0.07177 0.08360 0.09348 0.09405 0.09572 0.10015 0.10022 
516	6	0.00998 0.12219 0.07002 0.06738 0.09769 0.52578 0.07653 0.03043 
517	6	0.01353 0.02660 0.06909 0.15627 0.25804 0.16834 0.03983 0.26830 
518	6	0.11318 0.04637 0.02902 0.02956 0.04058 0.08401 0.25094 0.40633 
519	6	0.02675 0.07742 0.06201 0.19067 0.31921 0.29294 0.02769 0.00331 
520	6	0.03938 0.10114 0.09459 0.07695 0.07236 0.03687 0.03083 0.54788 
521	6	0.00758 0.09974 0.15062 0.20302 0.29841 0.18452 0.03767 0.01843 
522	6	0.14976 0.24516 0.12089 0.33179 0.12435 0.00710 0.00877 0.01218 
523	6	0.19083 0.13353 0.07715 0.17440 0.37475 0.01652 0.01645 0.01637 
524	6	0.06833 0.21242 0.18498 0.13223 0.11218 0.11813 0.14936 0.02236 
525	6	0.10278 0.09827 0.04679 0.10501 0.11239 0.11845 0.11272 0.30360 
526	6	0.04360 0.68454 0.04603 0.06341 0.06897 0.04762 0.03190 0.01392 
527	6	0.03852 0.07870 0.05523 0.03858 0.03439 0.03572 0.07966 0.63921 
528	6	0.00054 0.01022 0.05248 0.21887 0.20319 0.46014 0.03748 0.01708 
529	6	0.00163 0.08105 0.12383 0.09325 0.21873 0.08903 0.36870 0.02377 
530	6	0.00206 0.03040 0.16170 0.08244 0.07849 0.08521 0.13280 0.42690 
531	6	0.00166 0.00938 0.03607 0.33601 0.35264 0.15453 0.08763 0.02207 
532	6	0.06663 0.09718 0.04015 0.26270 0.31518 0.07671 0.10127 0.04019 
533	6	0.08197 0.15338 0.06238 0.07996 0.11751 0.12874 0.26264 0.11342 
534	6	0.16756 0.13504 0.17291 0.26354 0.20184 0.03309 0.01593 0.01009 
535	6	0.00254 0.03580 0.04074 0.20039 0.54715 0.12244 0.04585 0.00509 
536	6	0.00497 0.12881 0.16682 0.13067 0.15122 0.23688 0.15686 0.02377 
537	6	0.00559 0.03741 0.04930 0.18450 0.55909 0.10067 0.05493 0.00852 
538	6	0.00049 0.00179 0.01034 0.04240 0.12896 0.25696 0.54321 0.01584 
539	6	0.00310 0.01707 0.02807 0.03799 0.05357 0.05127 0.01760 0.79133 
540	6	0.00145 0.05240 0.07604 0.14827 0.12794 0.53590 0.02947 0.02853 
541	6	0.11939 0.03832 0.03394 0.05261 0.10796 0.09739 0.11180 0.43859 
542	6	0.11738 0.03112 0.02945 0.05578 0.10063 0.13165 0.13603 0.39795 
543	6	0.01096 0.02656 0.03759 0.04860 0.09973 0.12447 0.11461 0.53748 
544	6	0.01704 0.02967 0.04871 0.07429 0.10347 0.14160 0.08218 0.50304 
545	6	0.03390 0.02732 0.04759 0.06128 0.07552 0.13074 0.15642 0.46723 
546	6	0.17859 0.04708 0.03156 0.05076 0.09703 0.10751 0.08162 0.40584 
547	6	0.13393 0.03415 0.03032 0.04780 0.07994 0.08983 0.09840 0.48564 
548	6	0.01675 0.03124 0.03650 0.03992 0.05502 0.09787 0.14411 0.57859 
549	6	0.01357 0.02387 0.04746 0.05857 0.05535 0.06688 0.12545 0.60885 
550	6	0.01594 0.02244 0.03790 0.07469 0.11645 0.16582 0.11428 0.45249 
551	6	0.02667 0.05264 0.05656 0.06873 0.14425 0.17679 0.09033 0.38403 
552	6	0.00849 0.01388 0.02761 0.04211 0.06066 0.12074 0.22157 0.50494 
553	6	0.17629 0.04329 0.02520 0.04267 0.08683 0.12582 0.05267 0.44723 
554	6	0.03277 0.08553 0.10657 0.06277 0.05621 0.06078 0.11519 0.48018 
555	6	0.02689 0.02837 0.05209 0.07612 0.07862 0.09008 0.11065 0.53717 
556	6	0.03600 0.03102 0.03810 0.04915 0.06285 0.08940 0.14006 0.55342 
557	6	0.03172 0.03166 0.04149 0.08232 0.14281 0.14939 0.12382 0.39679 
558	6	0.02210 0.01610 0.02038 0.04976 0.07366 0.11063 0.16024 0.54713 
559	6	0.02508 0.02710 0.01959 0.03246 0.08738 0.09875 0.11649 0.59317 
560	6	0.00124 0.04254 0.08240 0.09712 0.11569 0.09134 0.09295 0.47671 
561	6	0.01165 0.18287 0.08849 0.05858 0.10287 0.49985 0.02687 0.02882 
562	6	0.01397 0.22411 0.08138 0.05643 0.13398 0.47168 0.01006 0.00840 
563	6	0.03618 0.08758 0.06351 0.28767 0.13802 0.20079 0.16664 0.01962 
