600	6	8
0	1	0.15860 0.00000 0.00132 0.00000 0.05597 0.00000 0.78412 0.00000 
1	1	0.09779 0.00000 0.00000 0.00000 0.05806 0.00000 0.84415 0.00000 
2	1	0.22252 0.00000 0.11309 0.00000 0.16188 0.00000 0.50252 0.00000 
3	1	0.39469 0.00000 0.00465 0.00000 0.13508 0.00000 0.46557 0.00000 
4	1	0.30721 0.00000 0.07346 0.00000 0.01601 0.00000 0.60332 0.00000 
5	1	0.33420 0.00000 0.00035 0.00000 0.02131 0.00000 0.64415 0.00000 
6	1	0.16164 0.00000 0.00556 0.00000 0.02806 0.00000 0.80473 0.00000 
7	1	0.67129 0.00000 0.01675 0.00000 0.06426 0.00000 0.24769 0.00000 
8	1	0.30058 0.00000 0.00090 0.00000 0.11239 0.00000 0.58613 0.00000 
9	1	0.40135 0.00000 0.00002 0.00000 0.12971 0.00000 0.46892 0.00000 
10	1	0.46965 0.00000 0.01937 0.00000 0.03045 0.00000 0.48054 0.00000 
11	1	0.10411 0.00000 0.00000 0.00000 0.01343 0.00000 0.88246 0.00000 
12	1	0.31721 0.00000 0.00012 0.00000 0.04025 0.00000 0.64242 0.00000 
13	1	0.11417 0.00000 0.00000 0.00000 0.01656 0.00000 0.86926 0.00000 
14	1	0.77658 0.00000 0.01418 0.00000 0.02635 0.00000 0.18289 0.00000 
15	1	0.24957 0.00000 0.00455 0.00000 0.01104 0.00000 0.73484 0.00000 
16	1	0.72775 0.00000 0.02787 0.00000 0.04608 0.00000 0.19830 0.00000 
17	1	0.58945 0.00000 0.04437 0.00000 0.03064 0.00000 0.33554 0.00000 
18	1	0.29559 0.00000 0.01297 0.00000 0.06698 0.00000 0.62447 0.00000 
19	1	0.32387 0.00000 0.00828 0.00000 0.02730 0.00000 0.64055 0.00000 
20	1	0.23629 0.00000 0.08903 0.00000 0.06227 0.00000 0.61241 0.00000 
21	1	0.18462 0.00000 0.00383 0.00000 0.23968 0.00000 0.57187 0.00000 
22	1	0.13712 0.00000 0.00005 0.00000 0.06553 0.00000 0.79729 0.00000 
23	1	0.12651 0.00000 0.04411 0.00000 0.16532 0.00000 0.66406 0.00000 
24	1	0.11750 0.00000 0.00000 0.00000 0.12150 0.00000 0.76100 0.00000 
25	1	0.52507 0.00000 0.03422 0.00000 0.00583 0.00000 0.43488 0.00000 
26	1	0.56465 0.00000 0.03774 0.00000 0.00503 0.00000 0.39259 0.00000 
27	1	0.41709 0.00000 0.00454 0.00000 0.00209 0.00000 0.57629 0.00000 
28	1	0.41818 0.00000 0.00251 0.00000 0.00562 0.00000 0.57368 0.00000 
29	1	0.52845 0.00000 0.00029 0.00000 0.02425 0.00000 0.44702 0.00000 
30	1	0.17362 0.00000 0.00138 0.00000 0.00030 0.00000 0.82470 0.00000 
31	1	0.44417 0.00000 0.01421 0.00000 0.00968 0.00000 0.53193 0.00000 
32	1	0.15221 0.00000 0.00006 0.00000 0.10872 0.00000 0.73901 0.00000 
33	1	0.30454 0.00000 0.00324 0.00000 0.05225 0.00000 0.63997 0.00000 
34	1	0.42875 0.00000 0.00170 0.00000 0.12300 0.00000 0.44655 0.00000 
35	1	0.43713 0.00000 0.00375 0.00000 0.01297 0.00000 0.54615 0.00000 
36	1	0.58515 0.00000 0.00001 0.00000 0.00696 0.00000 0.40787 0.00000 
37	1	0.19749 0.00000 0.01862 0.00000 0.00126 0.00000 0.78262 0.00000 
38	1	0.19803 0.00000 0.00757 0.00000 0.09342 0.00000 0.70098 0.00000 
39	1	0.32638 0.00000 0.01571 0.00000 0.03395 0.00000 0.62395 0.00000 
40	1	0.31906 0.00000 0.00258 0.00000 0.06565 0.00000 0.61271 0.00000 
41	1	0.12502 0.00000 0.00158 0.00000 0.09972 0.00000 0.77368 0.00000 
42	1	0.16696 0.00000 0.00000 0.00000 0.00508 0.00000 0.82796 0.00000 
43	1	0.13446 0.00000 0.00200 0.00000 0.02967 0.00000 0.83388 0.00000 
44	1	0.40390 0.00000 0.00041 0.00000 0.09017 0.00000 0.50552 0.00000 
45	1	0.38028 0.00000 0.03353 0.00000 0.01574 0.00000 0.57044 0.00000 
46	1	0.43005 0.00000 0.00114 0.00000 0.02284 0.00000 0.54597 0.00000 
47	1	0.22902 0.00000 0.00156 0.00000 0.26373 0.00000 0.50569 0.00000 
48	1	0.06543 0.00000 0.00000 0.00000 0.07255 0.00000 0.86202 0.00000 
49	1	0.20909 0.00000 0.00548 0.00000 0.07260 0.00000 0.71283 0.00000 
50	1	0.45994 0.00000 0.01624 0.00000 0.00259 0.00000 0.52123 0.00000 
51	1	0.25295 0.00000 0.00316 0.00000 0.08407 0.00000 0.65981 0.00000 
52	1	0.13656 0.00000 0.00614 0.00000 0.03362 0.00000 0.82369 0.00000 
53	1	0.14337 0.00000 0.00001 0.00000 0.23198 0.00000 0.62464 0.00000 
54	1	0.15203 0.00000 0.01249 0.00000 0.03288 0.00000 0.80259 0.00000 
55	1	0.11548 0.00000 0.03693 0.00000 0.01067 0.00000 0.83691 0.00000 
56	1	0.45827 0.00000 0.10899 0.00000 0.00560 0.00000 0.42713 0.00000 
57	1	0.53277 0.00000 0.00663 0.00000 0.01436 0.00000 0.44625 0.00000 
58	1	0.25470 0.00000 0.00171 0.00000 0.15740 0.00000 0.58619 0.00000 
59	1	0.10978 0.00000 0.00000 0.00000 0.02210 0.00000 0.86812 0.00000 
60	1	0.17124 0.00000 0.00950 0.00000 0.02410 0.00000 0.79516 0.00000 
61	1	0.36268 0.00000 0.00008 0.00000 0.01650 0.00000 0.62075 0.00000 
62	1	0.41923 0.00000 0.13031 0.00000 0.00188 0.00000 0.44858 0.00000 
63	1	0.31642 0.00000 0.00244 0.00000 0.11498 0.00000 0.56616 0.00000 
64	1	0.36674 0.00000 0.00223 0.00000 0.03169 0.00000 0.59934 0.00000 
65	1	0.16870 0.00000 0.01320 0.00000 0.00726 0.00000 0.81084 0.00000 
66	1	0.10991 0.00000 0.00680 0.00000 0.00235 0.00000 0.88094 0.00000 
67	1	0.49307 0.00000 0.00209 0.00000 0.07298 0.00000 0.43186 0.00000 
68	1	0.29720 0.00000 0.00213 0.00000 0.02897 0.00000 0.67170 0.00000 
69	1	0.17747 0.00000 0.00115 0.00000 0.02034 0.00000 0.80103 0.00000 
70	1	0.10084 0.00000 0.00019 0.00000 0.01094 0.00000 0.88803 0.00000 
71	1	0.18217 0.00000 0.00014 0.00000 0.01630 0.00000 0.80138 0.00000 
72	1	0.10993 0.00000 0.00464 0.00000 0.00591 0.00000 0.87951 0.00000 
73	1	0.49063 0.00000 0.00000 0.00000 0.07684 0.00000 0.43253 0.00000 
74	1	0.16963 0.00000 0.00031 0.00000 0.00913 0.00000 0.82093 0.00000 
75	1	0.23371 0.00000 0.00545 0.00000 0.02171 0.00000 0.73913 0.00000 
76	1	0.50186 0.00000 0.00849 0.00000 0.04027 0.00000 0.44938 0.00000 
77	1	0.22202 0.00000 0.00849 0.00000 0.03801 0.00000 0.73148 0.00000 
78	1	0.45548 0.00000 0.01485 0.00000 0.02153 0.00000 0.50814 0.00000 
79	1	0.20938 0.00000 0.01170 0.00000 0.00945 0.00000 0.76946 0.00000 
80	1	0.55734 0.00000 0.00352 0.00000 0.12705 0.00000 0.31209 0.00000 
81	1	0.41842 0.00000 0.01421 0.00000 0.00680 0.00000 0.56057 0.00000 
82	1	0.26299 0.00000 0.01241 0.00000 0.01516 0.00000 0.70944 0.00000 
83	1	0.42439 0.00000 0.02903 0.00000 0.02021 0.00000 0.52638 0.00000 
84	1	0.12213 0.00000 0.00040 0.00000 0.02386 0.00000 0.85361 0.00000 
85	1	0.41896 0.00000 0.00558 0.00000 0.01417 0.00000 0.56129 0.00000 
86	1	0.23228 0.00000 0.00871 0.00000 0.05064 0.00000 0.70836 0.00000 
87	1	0.49075 0.00000 0.00038 0.00000 0.04011 0.00000 0.46876 0.00000 
88	1	0.38035 0.00000 0.02539 0.00000 0.00059 0.00000 0.59367 0.00000 
89	1	0.25200 0.00000 0.10600 0.00000 0.00031 0.00000 0.64169 0.00000 
90	1	0.15877 0.00000 0.00132 0.00000 0.12470 0.00000 0.71521 0.00000 
91	1	0.39996 0.00000 0.00135 0.00000 0.07635 0.00000 0.52234 0.00000 
92	1	0.25362 0.00000 0.01982 0.00000 0.07021 0.00000 0.65634 0.00000 
93	1	0.13768 0.00000 0.00185 0.00000 0.09770 0.00000 0.76277 0.00000 
94	1	0.19326 0.00000 0.00592 0.00000 0.06158 0.00000 0.73924 0.00000 
95	1	0.29429 0.00000 0.01730 0.00000 0.31984 0.00000 0.36857 0.00000 
96	1	0.29676 0.00000 0.00025 0.00000 0.12027 0.00000 0.58272 0.00000 
97	1	0.31502 0.00000 0.00595 0.00000 0.10357 0.00000 0.57546 0.00000 
98	1	0.35339 0.00000 0.01237 0.00000 0.01345 0.00000 0.62079 0.00000 
99	1	0.23868 0.00000 0.00045 0.00000 0.02080 0.00000 0.74007 0.00000 
100	2	0.40936 0.00000 0.00093 0.00000 0.02618 0.00000 0.56354 0.00000 
101	2	0.26484 0.00000 0.03238 0.00000 0.00839 0.00000 0.69439 0.00000 
102	2	0.71564 0.00000 0.03945 0.00000 0.02713 0.00000 0.21778 0.00000 
103	2	0.11331 0.00000 0.06041 0.00000 0.00901 0.00000 0.81728 0.00000 
104	2	0.28601 0.00000 0.06429 0.00000 0.00196 0.00000 0.64774 0.00000 
105	2	0.16399 0.00000 0.00904 0.00000 0.02444 0.00000 0.80253 0.00000 
106	2	0.24740 0.00000 0.03909 0.00000 0.00610 0.00000 0.70742 0.00000 
107	2	0.96183 0.00000 0.00487 0.00000 0.02518 0.00000 0.00812 0.00000 
108	2	0.26792 0.00000 0.29952 0.00000 0.00016 0.00000 0.43241 0.00000 
109	2	0.36541 0.00000 0.05689 0.00000 0.10584 0.00000 0.47187 0.00000 
110	2	0.37526 0.00000 0.00401 0.00000 0.12768 0.00000 0.49305 0.00000 
111	2	0.24241 0.00000 0.01026 0.00000 0.03768 0.00000 0.70966 0.00000 
112	2	0.23790 0.00000 0.00003 0.00000 0.01858 0.00000 0.74348 0.00000 
113	2	0.90164 0.00000 0.01509 0.00000 0.01087 0.00000 0.07240 0.00000 
114	2	0.86370 0.00000 0.00000 0.00000 0.11715 0.00000 0.01915 0.00000 
115	2	0.26011 0.00000 0.00376 0.00000 0.04827 0.00000 0.68786 0.00000 
116	2	0.65292 0.00000 0.15068 0.00000 0.00005 0.00000 0.19635 0.00000 
117	2	0.74610 0.00000 0.00000 0.00000 0.18693 0.00000 0.06697 0.00000 
118	2	0.41387 0.00000 0.00252 0.00000 0.05104 0.00000 0.53257 0.00000 
119	2	0.42369 0.00000 0.00002 0.00000 0.11610 0.00000 0.46019 0.00000 
120	2	0.40858 0.00000 0.08027 0.00000 0.00717 0.00000 0.50398 0.00000 
121	2	0.44413 0.00000 0.00040 0.00000 0.08874 0.00000 0.46673 0.00000 
122	2	0.07897 0.00000 0.03102 0.00000 0.07365 0.00000 0.81636 0.00000 
123	2	0.66234 0.00000 0.01812 0.00000 0.02334 0.00000 0.29619 0.00000 
124	2	0.80058 0.00000 0.09861 0.00000 0.00054 0.00000 0.10027 0.00000 
125	2	0.37004 0.00000 0.00093 0.00000 0.05848 0.00000 0.57055 0.00000 
126	2	0.27429 0.00000 0.02787 0.00000 0.00347 0.00000 0.69437 0.00000 
127	2	0.46542 0.00000 0.11667 0.00000 0.01501 0.00000 0.40290 0.00000 
128	2	0.39572 0.00000 0.00084 0.00000 0.15289 0.00000 0.45055 0.00000 
129	2	0.70754 0.00000 0.07514 0.00000 0.00589 0.00000 0.21143 0.00000 
130	2	0.35446 0.00000 0.05056 0.00000 0.00550 0.00000 0.58948 0.00000 
131	2	0.06107 0.00000 0.02504 0.00000 0.04449 0.00000 0.86941 0.00000 
132	2	0.18165 0.00000 0.02355 0.00000 0.03336 0.00000 0.76144 0.00000 
133	2	0.55487 0.00000 0.00041 0.00000 0.36059 0.00000 0.08413 0.00000 
134	2	0.48911 0.00000 0.05803 0.00000 0.01053 0.00000 0.44233 0.00000 
135	2	0.16647 0.00000 0.00077 0.00000 0.65823 0.00000 0.17452 0.00000 
136	2	0.42792 0.00000 0.02657 0.00000 0.02235 0.00000 0.52316 0.00000 
137	2	0.93805 0.00000 0.00298 0.00000 0.00586 0.00000 0.05311 0.00000 
138	2	0.39973 0.00000 0.01907 0.00000 0.00301 0.00000 0.57819 0.00000 
139	2	0.92518 0.00000 0.00306 0.00000 0.00135 0.00000 0.07040 0.00000 
140	2	0.28849 0.00000 0.03523 0.00000 0.00161 0.00000 0.67466 0.00000 
141	2	0.54572 0.00000 0.00339 0.00000 0.00037 0.00000 0.45052 0.00000 
142	2	0.28966 0.00000 0.05426 0.00000 0.00000 0.00000 0.65608 0.00000 
143	2	0.38085 0.00000 0.01395 0.00000 0.28361 0.00000 0.32159 0.00000 
144	2	0.80711 0.00000 0.09818 0.00000 0.00138 0.00000 0.09332 0.00000 
145	2	0.64678 0.00000 0.02456 0.00000 0.00645 0.00000 0.32221 0.00000 
146	2	0.70798 0.00000 0.06674 0.00000 0.00013 0.00000 0.22515 0.00000 
147	2	0.58685 0.00000 0.01876 0.00000 0.01218 0.00000 0.38222 0.00000 
148	2	0.28102 0.00000 0.00382 0.00000 0.01826 0.00000 0.69690 0.00000 
149	2	0.39526 0.00000 0.01047 0.00000 0.00548 0.00000 0.58879 0.00000 
150	2	0.30919 0.00000 0.03293 0.00000 0.00933 0.00000 0.64855 0.00000 
151	2	0.41574 0.00000 0.00683 0.00000 0.02997 0.00000 0.54745 0.00000 
152	2	0.55762 0.00000 0.15489 0.00000 0.03423 0.00000 0.25326 0.00000 
153	2	0.56173 0.00000 0.15000 0.00000 0.00463 0.00000 0.28364 0.00000 
154	2	0.63287 0.00000 0.03514 0.00000 0.00067 0.00000 0.33131 0.00000 
155	2	0.30629 0.00000 0.00965 0.00000 0.00266 0.00000 0.68140 0.00000 
156	2	0.77922 0.00000 0.00967 0.00000 0.03307 0.00000 0.17804 0.00000 
157	2	0.33229 0.00000 0.06544 0.00000 0.01755 0.00000 0.58472 0.00000 
158	2	0.25459 0.00000 0.00081 0.00000 0.03259 0.00000 0.71201 0.00000 
159	2	0.17926 0.00000 0.03146 0.00000 0.00255 0.00000 0.78673 0.00000 
160	2	0.34902 0.00000 0.00057 0.00000 0.36709 0.00000 0.28332 0.00000 
161	2	0.45092 0.00000 0.03994 0.00000 0.02432 0.00000 0.48481 0.00000 
162	2	0.41674 0.00000 0.00795 0.00000 0.00733 0.00000 0.56798 0.00000 
163	2	0.90835 0.00000 0.02392 0.00000 0.01066 0.00000 0.05707 0.00000 
164	2	0.83124 0.00000 0.00003 0.00000 0.05017 0.00000 0.11855 0.00000 
165	2	0.54017 0.00000 0.00858 0.00000 0.00576 0.00000 0.44550 0.00000 
166	2	0.19591 0.00000 0.03382 0.00000 0.01676 0.00000 0.75350 0.00000 
167	2	0.31476 0.00000 0.01095 0.00000 0.00727 0.00000 0.66702 0.00000 
168	2	0.22921 0.00000 0.02082 0.00000 0.00070 0.00000 0.74927 0.00000 
169	2	0.46299 0.00000 0.00824 0.00000 0.00285 0.00000 0.52592 0.00000 
170	2	0.26581 0.00000 0.04223 0.00000 0.00824 0.00000 0.68372 0.00000 
171	2	0.75958 0.00000 0.01143 0.00000 0.03604 0.00000 0.19295 0.00000 
172	2	0.42793 0.00000 0.11102 0.00000 0.01507 0.00000 0.44598 0.00000 
173	2	0.83567 0.00000 0.00054 0.00000 0.00532 0.00000 0.15847 0.00000 
174	2	0.41396 0.00000 0.04841 0.00000 0.05300 0.00000 0.48463 0.00000 
175	2	0.34029 0.00000 0.03720 0.00000 0.00212 0.00000 0.62039 0.00000 
176	2	0.44917 0.00000 0.03138 0.00000 0.05730 0.00000 0.46215 0.00000 
177	2	0.36363 0.00000 0.01818 0.00000 0.05964 0.00000 0.55855 0.00000 
178	2	0.76020 0.00000 0.00348 0.00000 0.05136 0.00000 0.18496 0.00000 
179	2	0.28344 0.00000 0.02724 0.00000 0.00176 0.00000 0.68755 0.00000 
180	2	0.60240 0.00000 0.05216 0.00000 0.01250 0.00000 0.33295 0.00000 
181	2	0.76076 0.00000 0.00708 0.00000 0.01247 0.00000 0.21969 0.00000 
182	2	0.42195 0.00000 0.12966 0.00000 0.04858 0.00000 0.39981 0.00000 
183	2	0.40695 0.00000 0.00018 0.00000 0.13564 0.00000 0.45723 0.00000 
184	2	0.95864 0.00000 0.02016 0.00000 0.00040 0.00000 0.02080 0.00000 
185	2	0.35599 0.00000 0.03468 0.00000 0.00715 0.00000 0.60218 0.00000 
186	2	0.18415 0.00000 0.00000 0.00000 0.07417 0.00000 0.74168 0.00000 
187	2	0.18037 0.00000 0.00723 0.00000 0.04919 0.00000 0.76321 0.00000 
188	2	0.66593 0.00000 0.00636 0.00000 0.09018 0.00000 0.23753 0.00000 
189	2	0.51252 0.00000 0.00473 0.00000 0.00175 0.00000 0.48101 0.00000 
190	2	0.50767 0.00000 0.00020 0.00000 0.06270 0.00000 0.42943 0.00000 
191	2	0.39840 0.00000 0.00948 0.00000 0.02376 0.00000 0.56837 0.00000 
192	2	0.64001 0.00000 0.01071 0.00000 0.04128 0.00000 0.30800 0.00000 
193	2	0.59072 0.00000 0.05490 0.00000 0.04557 0.00000 0.30881 0.00000 
194	2	0.29680 0.00000 0.03910 0.00000 0.07616 0.00000 0.58794 0.00000 
195	2	0.16973 0.00000 0.04373 0.00000 0.04740 0.00000 0.73913 0.00000 
196	2	0.78479 0.00000 0.00662 0.00000 0.03551 0.00000 0.17308 0.00000 
197	2	0.34631 0.00000 0.00748 0.00000 0.03985 0.00000 0.60636 0.00000 
198	2	0.25388 0.00000 0.00895 0.00000 0.01186 0.00000 0.72530 0.00000 
199	2	0.30061 0.00000 0.04720 0.00000 0.00027 0.00000 0.65192 0.00000 
200	3	0.79553 0.00000 0.00000 0.00000 0.01554 0.00000 0.18893 0.00000 
201	3	0.93792 0.00000 0.00001 0.00000 0.01049 0.00000 0.05158 0.00000 
202	3	0.73392 0.00000 0.00004 0.00000 0.12680 0.00000 0.13924 0.00000 
203	3	0.18480 0.00000 0.00144 0.00000 0.00987 0.00000 0.80389 0.00000 
204	3	0.85621 0.00000 0.00000 0.00000 0.07896 0.00000 0.06483 0.00000 
205	3	0.94110 0.00000 0.00005 0.00000 0.01926 0.00000 0.03960 0.00000 
206	3	0.17711 0.00000 0.01963 0.00000 0.04088 0.00000 0.76238 0.00000 
207	3	0.24762 0.00000 0.00007 0.00000 0.19921 0.00000 0.55310 0.00000 
208	3	0.29223 0.00000 0.00000 0.00000 0.08924 0.00000 0.61853 0.00000 
209	3	0.70991 0.00000 0.06658 0.00000 0.05084 0.00000 0.17267 0.00000 
210	3	0.02521 0.00000 0.00004 0.00000 0.01515 0.00000 0.95960 0.00000 
211	3	0.65089 0.00000 0.00011 0.00000 0.02362 0.00000 0.32537 0.00000 
212	3	0.24768 0.00000 0.00343 0.00000 0.11722 0.00000 0.63167 0.00000 
213	3	0.77822 0.00000 0.00000 0.00000 0.08485 0.00000 0.13694 0.00000 
214	3	0.15931 0.00000 0.00002 0.00000 0.01099 0.00000 0.82969 0.00000 
215	3	0.16901 0.00000 0.02086 0.00000 0.03105 0.00000 0.77908 0.00000 
216	3	0.51129 0.00000 0.00003 0.00000 0.12505 0.00000 0.36363 0.00000 
217	3	0.04174 0.00000 0.00592 0.00000 0.08659 0.00000 0.86575 0.00000 
218	3	0.08757 0.00000 0.00001 0.00000 0.21966 0.00000 0.69276 0.00000 
219	3	0.84218 0.00000 0.03844 0.00000 0.00038 0.00000 0.11900 0.00000 
220	3	0.50094 0.00000 0.00023 0.00000 0.10995 0.00000 0.38888 0.00000 
221	3	0.57241 0.00000 0.02491 0.00000 0.00973 0.00000 0.39295 0.00000 
222	3	0.94524 0.00000 0.00000 0.00000 0.01776 0.00000 0.03699 0.00000 
223	3	0.43173 0.00000 0.00001 0.00000 0.11003 0.00000 0.45823 0.00000 
224	3	0.22388 0.00000 0.00841 0.00000 0.04145 0.00000 0.72625 0.00000 
225	3	0.07487 0.00000 0.01244 0.00000 0.00456 0.00000 0.90813 0.00000 
226	3	0.88764 0.00000 0.00125 0.00000 0.00932 0.00000 0.10179 0.00000 
227	3	0.30597 0.00000 0.00052 0.00000 0.02307 0.00000 0.67044 0.00000 
228	3	0.68613 0.00000 0.00019 0.00000 0.15012 0.00000 0.16357 0.00000 
229	3	0.74190 0.00000 0.07514 0.00000 0.01301 0.00000 0.16996 0.00000 
230	3	0.30741 0.00000 0.00055 0.00000 0.01001 0.00000 0.68202 0.00000 
231	3	0.68981 0.00000 0.00000 0.00000 0.19693 0.00000 0.11326 0.00000 
232	3	0.08874 0.00000 0.00171 0.00000 0.00122 0.00000 0.90833 0.00000 
233	3	0.19072 0.00000 0.00526 0.00000 0.18308 0.00000 0.62093 0.00000 
234	3	0.14769 0.00000 0.00009 0.00000 0.07584 0.00000 0.77639 0.00000 
235	3	0.49793 0.00000 0.02332 0.00000 0.01077 0.00000 0.46799 0.00000 
236	3	0.03470 0.00000 0.00000 0.00000 0.02460 0.00000 0.94070 0.00000 
237	3	0.84336 0.00000 0.00044 0.00000 0.01939 0.00000 0.13681 0.00000 
238	3	0.69817 0.00000 0.00000 0.00000 0.00000 0.00000 0.30183 0.00000 
239	3	0.41293 0.00000 0.01445 0.00000 0.09190 0.00000 0.48072 0.00000 
240	3	0.66171 0.00000 0.00251 0.00000 0.08513 0.00000 0.25065 0.00000 
241	3	0.69268 0.00000 0.00018 0.00000 0.01327 0.00000 0.29387 0.00000 
242	3	0.24047 0.00000 0.00312 0.00000 0.41838 0.00000 0.33803 0.00000 
243	3	0.77152 0.00000 0.00000 0.00000 0.01587 0.00000 0.21261 0.00000 
244	3	0.81245 0.00000 0.00000 0.00000 0.00000 0.00000 0.18755 0.00000 
245	3	0.79337 0.00000 0.00032 0.00000 0.05001 0.00000 0.15629 0.00000 
246	3	0.28730 0.00000 0.00000 0.00000 0.10392 0.00000 0.60877 0.00000 
247	3	0.77845 0.00000 0.00896 0.00000 0.00285 0.00000 0.20974 0.00000 
248	3	0.19820 0.00000 0.00000 0.00000 0.40575 0.00000 0.39605 0.00000 
249	3	0.75585 0.00000 0.00000 0.00000 0.04909 0.00000 0.19506 0.00000 
250	3	0.43733 0.00000 0.10952 0.00000 0.16909 0.00000 0.28407 0.00000 
251	3	0.92514 0.00000 0.00016 0.00000 0.04022 0.00000 0.03447 0.00000 
252	3	0.27669 0.00000 0.03575 0.00000 0.02347 0.00000 0.66409 0.00000 
253	3	0.07160 0.00000 0.00000 0.00000 0.06630 0.00000 0.86210 0.00000 
254	3	0.51261 0.00000 0.00001 0.00000 0.26956 0.00000 0.21781 0.00000 
255	3	0.77806 0.00000 0.00000 0.00000 0.15653 0.00000 0.06542 0.00000 
256	3	0.36482 0.00000 0.00190 0.00000 0.15803 0.00000 0.47526 0.00000 
257	3	0.74416 0.00000 0.00000 0.00000 0.04167 0.00000 0.21417 0.00000 
258	3	0.08676 0.00000 0.00000 0.00000 0.00541 0.00000 0.90784 0.00000 
259	3	0.95186 0.00000 0.00000 0.00000 0.02548 0.00000 0.02266 0.00000 
260	3	0.27263 0.00000 0.01775 0.00000 0.03272 0.00000 0.67690 0.00000 
261	3	0.03854 0.00000 0.00100 0.00000 0.03323 0.00000 0.92722 0.00000 
262	3	0.03850 0.00000 0.00000 0.00000 0.03052 0.00000 0.93098 0.00000 
263	3	0.78027 0.00000 0.04160 0.00000 0.08225 0.00000 0.09588 0.00000 
264	3	0.66529 0.00000 0.00000 0.00000 0.03559 0.00000 0.29912 0.00000 
265	3	0.20784 0.00000 0.01147 0.00000 0.20359 0.00000 0.57710 0.00000 
266	3	0.57436 0.00000 0.00000 0.00000 0.01184 0.00000 0.41380 0.00000 
267	3	0.07459 0.00000 0.00737 0.00000 0.00179 0.00000 0.91625 0.00000 
268	3	0.00315 0.00000 0.00001 0.00000 0.00764 0.00000 0.98919 0.00000 
269	3	0.56827 0.00000 0.01063 0.00000 0.00378 0.00000 0.41731 0.00000 
270	3	0.52869 0.00000 0.00671 0.00000 0.00048 0.00000 0.46412 0.00000 
271	3	0.22290 0.00000 0.00415 0.00000 0.15155 0.00000 0.62140 0.00000 
272	3	0.45619 0.00000 0.00010 0.00000 0.02915 0.00000 0.51455 0.00000 
273	3	0.02111 0.00000 0.00322 0.00000 0.02073 0.00000 0.95494 0.00000 
274	3	0.01180 0.00000 0.00011 0.00000 0.01036 0.00000 0.97773 0.00000 
275	3	0.84167 0.00000 0.00003 0.00000 0.05536 0.00000 0.10295 0.00000 
276	3	0.18782 0.00000 0.00007 0.00000 0.03809 0.00000 0.77402 0.00000 
277	3	0.87682 0.00000 0.02649 0.00000 0.00018 0.00000 0.09651 0.00000 
278	3	0.06492 0.00000 0.00000 0.00000 0.04915 0.00000 0.88594 0.00000 
279	3	0.90526 0.00000 0.00279 0.00000 0.00511 0.00000 0.08684 0.00000 
280	3	0.79314 0.00000 0.00014 0.00000 0.02882 0.00000 0.17790 0.00000 
281	3	0.09005 0.00000 0.02667 0.00000 0.09629 0.00000 0.78700 0.00000 
282	3	0.06975 0.00000 0.00002 0.00000 0.03355 0.00000 0.89667 0.00000 
283	3	0.86752 0.00000 0.00266 0.00000 0.03999 0.00000 0.08984 0.00000 
284	3	0.68872 0.00000 0.01056 0.00000 0.16075 0.00000 0.13997 0.00000 
285	3	0.26813 0.00000 0.00052 0.00000 0.06343 0.00000 0.66792 0.00000 
286	3	0.48879 0.00000 0.00000 0.00000 0.20076 0.00000 0.31046 0.00000 
287	3	0.12125 0.00000 0.07885 0.00000 0.00091 0.00000 0.79900 0.00000 
288	3	0.49363 0.00000 0.00000 0.00000 0.20789 0.00000 0.29848 0.00000 
289	3	0.09356 0.00000 0.00000 0.00000 0.08599 0.00000 0.82046 0.00000 
290	3	0.27456 0.00000 0.02646 0.00000 0.06338 0.00000 0.63560 0.00000 
291	3	0.05448 0.00000 0.00000 0.00000 0.89645 0.00000 0.04907 0.00000 
292	3	0.17510 0.00000 0.00001 0.00000 0.07444 0.00000 0.75045 0.00000 
293	3	0.63356 0.00000 0.01102 0.00000 0.12884 0.00000 0.22658 0.00000 
294	3	0.01211 0.00000 0.00000 0.00000 0.05102 0.00000 0.93686 0.00000 
295	3	0.19492 0.00000 0.39200 0.00000 0.00152 0.00000 0.41155 0.00000 
296	3	0.25644 0.00000 0.00046 0.00000 0.01926 0.00000 0.72384 0.00000 
297	3	0.32111 0.00000 0.00000 0.00000 0.09936 0.00000 0.57954 0.00000 
298	3	0.71574 0.00000 0.00000 0.00000 0.10360 0.00000 0.18066 0.00000 
299	3	0.83871 0.00000 0.00003 0.00000 0.00578 0.00000 0.15548 0.00000 
300	4	0.47810 0.00000 0.50436 0.00000 0.00000 0.00000 0.01753 0.00000 
301	4	0.17187 0.00000 0.37738 0.00000 0.00223 0.00000 0.44852 0.00000 
302	4	0.92313 0.00000 0.02003 0.00000 0.00086 0.00000 0.05598 0.00000 
303	4	0.89247 0.00000 0.05969 0.00000 0.00098 0.00000 0.04686 0.00000 
304	4	0.52297 0.00000 0.00032 0.00000 0.06655 0.00000 0.41016 0.00000 
305	4	0.78050 0.00000 0.13036 0.00000 0.00367 0.00000 0.08547 0.00000 
306	4	0.48942 0.00000 0.08538 0.00000 0.01038 0.00000 0.41482 0.00000 
307	4	0.47303 0.00000 0.00003 0.00000 0.20742 0.00000 0.31953 0.00000 
308	4	0.85984 0.00000 0.01296 0.00000 0.00627 0.00000 0.12093 0.00000 
309	4	0.74217 0.00000 0.11895 0.00000 0.00046 0.00000 0.13842 0.00000 
310	4	0.74587 0.00000 0.13403 0.00000 0.00371 0.00000 0.11638 0.00000 
311	4	0.66259 0.00000 0.05232 0.00000 0.00385 0.00000 0.28123 0.00000 
312	4	0.33782 0.00000 0.00131 0.00000 0.02368 0.00000 0.63718 0.00000 
313	4	0.82519 0.00000 0.00375 0.00000 0.04747 0.00000 0.12358 0.00000 
314	4	0.90179 0.00000 0.04141 0.00000 0.00071 0.00000 0.05609 0.00000 
315	4	0.88520 0.00000 0.04757 0.00000 0.00000 0.00000 0.06723 0.00000 
316	4	0.65312 0.00000 0.23875 0.00000 0.00429 0.00000 0.10384 0.00000 
317	4	0.47484 0.00000 0.29091 0.00000 0.00002 0.00000 0.23424 0.00000 
318	4	0.79432 0.00000 0.00234 0.00000 0.02708 0.00000 0.17626 0.00000 
319	4	0.31009 0.00000 0.00132 0.00000 0.00581 0.00000 0.68279 0.00000 
320	4	0.81234 0.00000 0.00017 0.00000 0.02950 0.00000 0.15799 0.00000 
321	4	0.29623 0.00000 0.59750 0.00000 0.00002 0.00000 0.10625 0.00000 
322	4	0.15636 0.00000 0.00000 0.00000 0.09301 0.00000 0.75063 0.00000 
323	4	0.28472 0.00000 0.00000 0.00000 0.09745 0.00000 0.61783 0.00000 
324	4	0.50593 0.00000 0.34343 0.00000 0.00002 0.00000 0.15063 0.00000 
325	4	0.63345 0.00000 0.30812 0.00000 0.00083 0.00000 0.05760 0.00000 
326	4	0.48447 0.00000 0.00872 0.00000 0.04392 0.00000 0.46288 0.00000 
327	4	0.36366 0.00000 0.33991 0.00000 0.02327 0.00000 0.27316 0.00000 
328	4	0.25010 0.00000 0.01497 0.00000 0.01466 0.00000 0.72027 0.00000 
329	4	0.13386 0.00000 0.38776 0.00000 0.00747 0.00000 0.47091 0.00000 
330	4	0.56843 0.00000 0.10708 0.00000 0.00161 0.00000 0.32288 0.00000 
331	4	0.60152 0.00000 0.11524 0.00000 0.00372 0.00000 0.27952 0.00000 
332	4	0.62245 0.00000 0.01491 0.00000 0.07283 0.00000 0.28981 0.00000 
333	4	0.93753 0.00000 0.00434 0.00000 0.00476 0.00000 0.05337 0.00000 
334	4	0.70774 0.00000 0.03717 0.00000 0.12271 0.00000 0.13238 0.00000 
335	4	0.70817 0.00000 0.02003 0.00000 0.01262 0.00000 0.25917 0.00000 
336	4	0.26895 0.00000 0.64241 0.00000 0.00834 0.00000 0.08030 0.00000 
337	4	0.86705 0.00000 0.05206 0.00000 0.00322 0.00000 0.07767 0.00000 
338	4	0.84226 0.00000 0.01540 0.00000 0.00524 0.00000 0.13709 0.00000 
339	4	0.36134 0.00000 0.36781 0.00000 0.02055 0.00000 0.25030 0.00000 
340	4	0.82156 0.00000 0.05703 0.00000 0.00000 0.00000 0.12141 0.00000 
341	4	0.40052 0.00000 0.04930 0.00000 0.06291 0.00000 0.48727 0.00000 
342	4	0.95651 0.00000 0.00447 0.00000 0.00175 0.00000 0.03726 0.00000 
343	4	0.80821 0.00000 0.00759 0.00000 0.00282 0.00000 0.18137 0.00000 
344	4	0.40925 0.00000 0.04944 0.00000 0.07712 0.00000 0.46419 0.00000 
345	4	0.88187 0.00000 0.08415 0.00000 0.00000 0.00000 0.03398 0.00000 
346	4	0.93493 0.00000 0.04563 0.00000 0.00000 0.00000 0.01943 0.00000 
347	4	0.60769 0.00000 0.21817 0.00000 0.00000 0.00000 0.17414 0.00000 
348	4	0.63793 0.00000 0.00796 0.00000 0.16046 0.00000 0.19365 0.00000 
349	4	0.67077 0.00000 0.21695 0.00000 0.00563 0.00000 0.10665 0.00000 
350	4	0.73222 0.00000 0.19831 0.00000 0.00281 0.00000 0.06667 0.00000 
351	4	0.68230 0.00000 0.08643 0.00000 0.00860 0.00000 0.22268 0.00000 
352	4	0.93514 0.00000 0.00359 0.00000 0.00621 0.00000 0.05506 0.00000 
353	4	0.30247 0.00000 0.00000 0.00000 0.15994 0.00000 0.53759 0.00000 
354	4	0.96459 0.00000 0.00200 0.00000 0.00179 0.00000 0.03162 0.00000 
355	4	0.93628 0.00000 0.02061 0.00000 0.00114 0.00000 0.04197 0.00000 
356	4	0.64277 0.00000 0.23667 0.00000 0.00000 0.00000 0.12057 0.00000 
357	4	0.68027 0.00000 0.00044 0.00000 0.13270 0.00000 0.18659 0.00000 
358	4	0.53010 0.00000 0.08965 0.00000 0.01557 0.00000 0.36468 0.00000 
359	4	0.53141 0.00000 0.28063 0.00000 0.01652 0.00000 0.17144 0.00000 
360	4	0.21159 0.00000 0.77344 0.00000 0.00099 0.00000 0.01399 0.00000 
361	4	0.26873 0.00000 0.73115 0.00000 0.00000 0.00000 0.00012 0.00000 
362	4	0.72852 0.00000 0.17530 0.00000 0.00794 0.00000 0.08824 0.00000 
363	4	0.92310 0.00000 0.06054 0.00000 0.00041 0.00000 0.01594 0.00000 
364	4	0.13760 0.00000 0.04080 0.00000 0.00883 0.00000 0.81277 0.00000 
365	4	0.77341 0.00000 0.00000 0.00000 0.16383 0.00000 0.06276 0.00000 
366	4	0.55061 0.00000 0.00000 0.00000 0.11055 0.00000 0.33884 0.00000 
367	4	0.79592 0.00000 0.03281 0.00000 0.00930 0.00000 0.16198 0.00000 
368	4	0.79041 0.00000 0.01202 0.00000 0.00211 0.00000 0.19547 0.00000 
369	4	0.73171 0.00000 0.00595 0.00000 0.05591 0.00000 0.20643 0.00000 
370	4	0.72056 0.00000 0.03606 0.00000 0.00597 0.00000 0.23741 0.00000 
371	4	0.54805 0.00000 0.02987 0.00000 0.05294 0.00000 0.36914 0.00000 
372	4	0.31196 0.00000 0.00000 0.00000 0.13764 0.00000 0.55040 0.00000 
373	4	0.91375 0.00000 0.00865 0.00000 0.00067 0.00000 0.07693 0.00000 
374	4	0.56797 0.00000 0.16242 0.00000 0.05615 0.00000 0.21346 0.00000 
375	4	0.48832 0.00000 0.00214 0.00000 0.02630 0.00000 0.48325 0.00000 
376	4	0.88677 0.00000 0.00000 0.00000 0.07747 0.00000 0.03576 0.00000 
377	4	0.77998 0.00000 0.03181 0.00000 0.00737 0.00000 0.18084 0.00000 
378	4	0.89092 0.00000 0.10907 0.00000 0.00000 0.00000 0.00002 0.00000 
379	4	0.94314 0.00000 0.01556 0.00000 0.00009 0.00000 0.04122 0.00000 
380	4	0.11345 0.00000 0.88655 0.00000 0.00000 0.00000 0.00000 0.00000 
381	4	0.71498 0.00000 0.04799 0.00000 0.02073 0.00000 0.21629 0.00000 
382	4	0.60271 0.00000 0.36205 0.00000 0.00001 0.00000 0.03522 0.00000 
383	4	0.87537 0.00000 0.05795 0.00000 0.00000 0.00000 0.06668 0.00000 
384	4	0.93287 0.00000 0.05785 0.00000 0.00000 0.00000 0.00928 0.00000 
385	4	0.46307 0.00000 0.10807 0.00000 0.01026 0.00000 0.41860 0.00000 
386	4	0.79579 0.00000 0.12463 0.00000 0.00000 0.00000 0.07958 0.00000 
387	4	0.72758 0.00000 0.01237 0.00000 0.00840 0.00000 0.25165 0.00000 
388	4	0.71342 0.00000 0.15271 0.00000 0.00325 0.00000 0.13063 0.00000 
389	4	0.42068 0.00000 0.23804 0.00000 0.02638 0.00000 0.31489 0.00000 
390	4	0.62887 0.00000 0.27674 0.00000 0.00457 0.00000 0.08982 0.00000 
391	4	0.66233 0.00000 0.08218 0.00000 0.00762 0.00000 0.24787 0.00000 
392	4	0.81345 0.00000 0.17461 0.00000 0.00000 0.00000 0.01194 0.00000 
393	4	0.91685 0.00000 0.02281 0.00000 0.00497 0.00000 0.05537 0.00000 
394	4	0.73917 0.00000 0.20858 0.00000 0.00001 0.00000 0.05224 0.00000 
395	4	0.88945 0.00000 0.02766 0.00000 0.00576 0.00000 0.07713 0.00000 
396	4	0.22918 0.00000 0.01794 0.00000 0.07028 0.00000 0.68260 0.00000 
397	4	0.34125 0.00000 0.63682 0.00000 0.00022 0.00000 0.02171 0.00000 
398	4	0.72270 0.00000 0.03084 0.00000 0.11574 0.00000 0.13072 0.00000 
399	4	0.63827 0.00000 0.00000 0.00000 0.13053 0.00000 0.23120 0.00000 
400	5	0.15447 0.00000 0.00183 0.00000 0.00043 0.00000 0.84327 0.00000 
401	5	0.16627 0.00000 0.00021 0.00000 0.00329 0.00000 0.83023 0.00000 
402	5	0.16298 0.00000 0.00028 0.00000 0.03177 0.00000 0.80496 0.00000 
403	5	0.19137 0.00000 0.00328 0.00000 0.00165 0.00000 0.80369 0.00000 
404	5	0.17695 0.00000 0.00021 0.00000 0.00078 0.00000 0.82206 0.00000 
405	5	0.16148 0.00000 0.00028 0.00000 0.00122 0.00000 0.83702 0.00000 
406	5	0.13569 0.00000 0.00022 0.00000 0.00100 0.00000 0.86309 0.00000 
407	5	0.17170 0.00000 0.00027 0.00000 0.00318 0.00000 0.82485 0.00000 
408	5	0.17577 0.00000 0.00015 0.00000 0.02278 0.00000 0.80130 0.00000 
409	5	0.21131 0.00000 0.00026 0.00000 0.00483 0.00000 0.78360 0.00000 
410	5	0.16723 0.00000 0.00017 0.00000 0.00173 0.00000 0.83087 0.00000 
411	5	0.19308 0.00000 0.00033 0.00000 0.00042 0.00000 0.80618 0.00000 
412	5	0.17691 0.00000 0.00018 0.00000 0.00120 0.00000 0.82172 0.00000 
413	5	0.20598 0.00000 0.00000 0.00000 0.00052 0.00000 0.79350 0.00000 
414	5	0.13193 0.00000 0.00000 0.00000 0.00096 0.00000 0.86710 0.00000 
415	5	0.13984 0.00000 0.00015 0.00000 0.00507 0.00000 0.85494 0.00000 
416	5	0.14762 0.00000 0.00034 0.00000 0.00705 0.00000 0.84499 0.00000 
417	5	0.14740 0.00000 0.00012 0.00000 0.00148 0.00000 0.85100 0.00000 
418	5	0.17599 0.00000 0.00028 0.00000 0.00786 0.00000 0.81587 0.00000 
419	5	0.16603 0.00000 0.00017 0.00000 0.00311 0.00000 0.83069 0.00000 
420	5	0.17965 0.00000 0.00041 0.00000 0.00350 0.00000 0.81643 0.00000 
421	5	0.14482 0.00000 0.00010 0.00000 0.00151 0.00000 0.85357 0.00000 
422	5	0.13608 0.00000 0.00032 0.00000 0.00384 0.00000 0.85976 0.00000 
423	5	0.13989 0.00000 0.00030 0.00000 0.00673 0.00000 0.85308 0.00000 
424	5	0.20820 0.00000 0.00145 0.00000 0.00133 0.00000 0.78902 0.00000 
425	5	0.26129 0.00000 0.00063 0.00000 0.17299 0.00000 0.56509 0.00000 
426	5	0.17418 0.00000 0.00102 0.00000 0.00030 0.00000 0.82449 0.00000 
427	5	0.17269 0.00000 0.00306 0.00000 0.00050 0.00000 0.82375 0.00000 
428	5	0.26043 0.00000 0.00192 0.00000 0.00143 0.00000 0.73622 0.00000 
429	5	0.18440 0.00000 0.00002 0.00000 0.12924 0.00000 0.68634 0.00000 
430	5	0.25693 0.00000 0.00023 0.00000 0.00377 0.00000 0.73907 0.00000 
431	5	0.23616 0.00000 0.00065 0.00000 0.00211 0.00000 0.76107 0.00000 
432	5	0.33425 0.00000 0.01209 0.00000 0.12855 0.00000 0.52510 0.00000 
433	5	0.25145 0.00000 0.00010 0.00000 0.00291 0.00000 0.74554 0.00000 
434	5	0.49079 0.00000 0.00022 0.00000 0.18448 0.00000 0.32451 0.00000 
435	5	0.18766 0.00000 0.00000 0.00000 0.00169 0.00000 0.81065 0.00000 
436	5	0.18522 0.00000 0.00219 0.00000 0.00478 0.00000 0.80782 0.00000 
437	5	0.14285 0.00000 0.00000 0.00000 0.01175 0.00000 0.84540 0.00000 
438	5	0.13172 0.00000 0.00402 0.00000 0.00146 0.00000 0.86280 0.00000 
439	5	0.15468 0.00000 0.00937 0.00000 0.00018 0.00000 0.83576 0.00000 
440	5	0.15367 0.00000 0.00745 0.00000 0.00030 0.00000 0.83858 0.00000 
441	5	0.16522 0.00000 0.00241 0.00000 0.00000 0.00000 0.83237 0.00000 
442	5	0.16901 0.00000 0.00171 0.00000 0.00082 0.00000 0.82845 0.00000 
443	5	0.15371 0.00000 0.00324 0.00000 0.02133 0.00000 0.82171 0.00000 
444	5	0.16130 0.00000 0.00045 0.00000 0.00199 0.00000 0.83626 0.00000 
445	5	0.11317 0.00000 0.00006 0.00000 0.02750 0.00000 0.85927 0.00000 
446	5	0.20964 0.00000 0.00319 0.00000 0.00049 0.00000 0.78668 0.00000 
447	5	0.20017 0.00000 0.00006 0.00000 0.00574 0.00000 0.79403 0.00000 
448	5	0.22659 0.00000 0.00000 0.00000 0.00321 0.00000 0.77020 0.00000 
449	5	0.56530 0.00000 0.00000 0.00000 0.03855 0.00000 0.39616 0.00000 
450	5	0.21267 0.00000 0.00003 0.00000 0.00212 0.00000 0.78519 0.00000 
451	5	0.53777 0.00000 0.00004 0.00000 0.17222 0.00000 0.28997 0.00000 
452	5	0.19335 0.00000 0.00000 0.00000 0.00056 0.00000 0.80609 0.00000 
453	5	0.71569 0.00000 0.00296 0.00000 0.05861 0.00000 0.22274 0.00000 
454	5	0.13946 0.00000 0.00349 0.00000 0.00127 0.00000 0.85579 0.00000 
455	5	0.82223 0.00000 0.01188 0.00000 0.00004 0.00000 0.16584 0.00000 
456	5	0.15358 0.00000 0.00257 0.00000 0.00273 0.00000 0.84112 0.00000 
457	5	0.85070 0.00000 0.01291 0.00000 0.00004 0.00000 0.13635 0.00000 
458	5	0.13203 0.00000 0.00107 0.00000 0.00208 0.00000 0.86482 0.00000 
459	5	0.13540 0.00000 0.00121 0.00000 0.00182 0.00000 0.86157 0.00000 
460	5	0.88810 0.00000 0.00827 0.00000 0.00002 0.00000 0.10361 0.00000 
461	5	0.12457 0.00000 0.00662 0.00000 0.00024 0.00000 0.86858 0.00000 
462	5	0.13256 0.00000 0.00620 0.00000 0.00027 0.00000 0.86098 0.00000 
463	5	0.12903 0.00000 0.00338 0.00000 0.00162 0.00000 0.86597 0.00000 
464	5	0.86779 0.00000 0.00613 0.00000 0.00015 0.00000 0.12593 0.00000 
465	5	0.13231 0.00000 0.00214 0.00000 0.00013 0.00000 0.86542 0.00000 
466	5	0.89449 0.00000 0.00560 0.00000 0.00022 0.00000 0.09969 0.00000 
467	5	0.23142 0.00000 0.00146 0.00000 0.00441 0.00000 0.76271 0.00000 
468	5	0.17504 0.00000 0.00000 0.00000 0.01095 0.00000 0.81402 0.00000 
469	5	0.45691 0.00000 0.01253 0.00000 0.00124 0.00000 0.52932 0.00000 
470	5	0.56438 0.00000 0.01231 0.00000 0.01761 0.00000 0.40571 0.00000 
471	5	0.63305 0.00000 0.00137 0.00000 0.00868 0.00000 0.35691 0.00000 
472	5	0.44844 0.00000 0.00498 0.00000 0.03733 0.00000 0.50925 0.00000 
473	5	0.46299 0.00000 0.00482 0.00000 0.02532 0.00000 0.50688 0.00000 
474	5	0.16962 0.00000 0.00074 0.00000 0.00110 0.00000 0.82854 0.00000 
475	5	0.74604 0.00000 0.00016 0.00000 0.10048 0.00000 0.15332 0.00000 
476	5	0.46940 0.00000 0.00010 0.00000 0.07395 0.00000 0.45655 0.00000 
477	5	0.35705 0.00000 0.00169 0.00000 0.07779 0.00000 0.56347 0.00000 
478	5	0.33151 0.00000 0.00201 0.00000 0.05462 0.00000 0.61185 0.00000 
479	5	0.31734 0.00000 0.01192 0.00000 0.07963 0.00000 0.59111 0.00000 
480	5	0.66449 0.00000 0.01087 0.00000 0.01103 0.00000 0.31361 0.00000 
481	5	0.29175 0.00000 0.00136 0.00000 0.14349 0.00000 0.56340 0.00000 
482	5	0.63765 0.00000 0.00251 0.00000 0.00130 0.00000 0.35853 0.00000 
483	5	0.55784 0.00000 0.00037 0.00000 0.00189 0.00000 0.43989 0.00000 
484	5	0.43787 0.00000 0.00045 0.00000 0.02925 0.00000 0.53243 0.00000 
485	5	0.52806 0.00000 0.00000 0.00000 0.05505 0.00000 0.41689 0.00000 
486	5	0.58812 0.00000 0.00024 0.00000 0.04690 0.00000 0.36473 0.00000 
487	5	0.22851 0.00000 0.00324 0.00000 0.00512 0.00000 0.76314 0.00000 
488	5	0.62079 0.00000 0.00023 0.00000 0.03402 0.00000 0.34496 0.00000 
489	5	0.62460 0.00000 0.00003 0.00000 0.02678 0.00000 0.34859 0.00000 
490	5	0.53775 0.00000 0.00013 0.00000 0.05182 0.00000 0.41031 0.00000 
491	5	0.58875 0.00000 0.00005 0.00000 0.00400 0.00000 0.40719 0.00000 
492	5	0.46637 0.00000 0.00000 0.00000 0.06133 0.00000 0.47230 0.00000 
493	5	0.60287 0.00000 0.00082 0.00000 0.00237 0.00000 0.39394 0.00000 
494	5	0.48395 0.00000 0.00017 0.00000 0.07961 0.00000 0.43627 0.00000 
495	5	0.52728 0.00000 0.00155 0.00000 0.00467 0.00000 0.46650 0.00000 
496	5	0.43939 0.00000 0.05672 0.00000 0.00070 0.00000 0.50319 0.00000 
497	5	0.40446 0.00000 0.00029 0.00000 0.02692 0.00000 0.56833 0.00000 
498	5	0.19951 0.00000 0.00000 0.00000 0.19875 0.00000 0.60173 0.00000 
499	5	0.20695 0.00000 0.00281 0.00000 0.00513 0.00000 0.78511 0.00000 
500	6	0.03124 0.00000 0.00186 0.00000 0.00514 0.00000 0.96176 0.00000 
501	6	0.32367 0.00000 0.00107 0.00000 0.07867 0.00000 0.59659 0.00000 
502	6	0.29280 0.00000 0.00628 0.00000 0.07734 0.00000 0.62358 0.00000 
503	6	0.85857 0.00000 0.01674 0.00000 0.00008 0.00000 0.12461 0.00000 
504	6	0.19248 0.00000 0.00402 0.00000 0.00009 0.00000 0.80340 0.00000 
505	6	0.12871 0.00000 0.00072 0.00000 0.00696 0.00000 0.86361 0.00000 
506	6	0.92132 0.00000 0.00556 0.00000 0.00007 0.00000 0.07305 0.00000 
507	6	0.39677 0.00000 0.00018 0.00000 0.00285 0.00000 0.60021 0.00000 
508	6	0.42443 0.00000 0.00114 0.00000 0.00074 0.00000 0.57368 0.00000 
509	6	0.06707 0.00000 0.00000 0.00000 0.01824 0.00000 0.91469 0.00000 
510	6	0.33174 0.00000 0.00124 0.00000 0.02405 0.00000 0.64297 0.00000 
511	6	0.14162 0.00000 0.00006 0.00000 0.01741 0.00000 0.84091 0.00000 
512	6	0.22026 0.00000 0.00050 0.00000 0.00008 0.00000 0.77917 0.00000 
513	6	0.82669 0.00000 0.02092 0.00000 0.00892 0.00000 0.14346 0.00000 
514	6	0.18093 0.00000 0.01158 0.00000 0.01000 0.00000 0.79749 0.00000 
515	6	0.61217 0.00000 0.04118 0.00000 0.00047 0.00000 0.34618 0.00000 
516	6	0.23065 0.00000 0.00012 0.00000 0.03321 0.00000 0.73602 0.00000 
517	6	0.24755 0.00000 0.00403 0.00000 0.01317 0.00000 0.73525 0.00000 
518	6	0.19620 0.00000 0.00647 0.00000 0.02380 0.00000 0.77353 0.00000 
519	6	0.19214 0.00000 0.00074 0.00000 0.12336 0.00000 0.68376 0.00000 
520	6	0.28021 0.00000 0.00016 0.00000 0.02092 0.00000 0.69871 0.00000 
521	6	0.34416 0.00000 0.20132 0.00000 0.10246 0.00000 0.35207 0.00000 
522	6	0.63782 0.00000 0.00216 0.00000 0.17371 0.00000 0.18631 0.00000 
523	6	0.46340 0.00000 0.00412 0.00000 0.05458 0.00000 0.47790 0.00000 
524	6	0.53560 0.00000 0.00003 0.00000 0.05445 0.00000 0.40992 0.00000 
525	6	0.30357 0.00000 0.00064 0.00000 0.03058 0.00000 0.66520 0.00000 
526	6	0.78744 0.00000 0.00037 0.00000 0.02603 0.00000 0.18616 0.00000 
527	6	0.17181 0.00000 0.00003 0.00000 0.03433 0.00000 0.79384 0.00000 
528	6	0.09768 0.00000 0.00000 0.00000 0.14663 0.00000 0.75569 0.00000 
529	6	0.26153 0.00000 0.01922 0.00000 0.02165 0.00000 0.69760 0.00000 
530	6	0.24440 0.00000 0.00138 0.00000 0.01788 0.00000 0.73635 0.00000 
531	6	0.44486 0.00000 0.07563 0.00000 0.04876 0.00000 0.43076 0.00000 
532	6	0.61276 0.00000 0.15814 0.00000 0.00440 0.00000 0.22469 0.00000 
533	6	0.36717 0.00000 0.00519 0.00000 0.00903 0.00000 0.61861 0.00000 
534	6	0.51336 0.00000 0.00721 0.00000 0.08499 0.00000 0.39443 0.00000 
535	6	0.15156 0.00000 0.01213 0.00000 0.05311 0.00000 0.78320 0.00000 
536	6	0.36326 0.00000 0.01473 0.00000 0.04598 0.00000 0.57602 0.00000 
537	6	0.17926 0.00000 0.01378 0.00000 0.06524 0.00000 0.74172 0.00000 
538	6	0.02476 0.00000 0.00000 0.00000 0.01653 0.00000 0.95871 0.00000 
539	6	0.07182 0.00000 0.00028 0.00000 0.01252 0.00000 0.91538 0.00000 
540	6	0.20563 0.00000 0.01547 0.00000 0.03837 0.00000 0.74053 0.00000 
541	6	0.19242 0.00000 0.00000 0.00000 0.03756 0.00000 0.77002 0.00000 
542	6	0.23143 0.00000 0.00660 0.00000 0.00011 0.00000 0.76186 0.00000 
543	6	0.05444 0.00000 0.00000 0.00000 0.04520 0.00000 0.90036 0.00000 
544	6	0.12438 0.00000 0.00184 0.00000 0.02689 0.00000 0.84689 0.00000 
545	6	0.16595 0.00000 0.00187 0.00000 0.00011 0.00000 0.83207 0.00000 
546	6	0.25660 0.00000 0.00013 0.00000 0.02794 0.00000 0.71532 0.00000 
547	6	0.23857 0.00000 0.00038 0.00000 0.00291 0.00000 0.75814 0.00000 
548	6	0.07960 0.00000 0.00002 0.00000 0.02827 0.00000 0.89211 0.00000 
549	6	0.11094 0.00000 0.00061 0.00000 0.02117 0.00000 0.86728 0.00000 
550	6	0.12780 0.00000 0.00031 0.00000 0.02039 0.00000 0.85150 0.00000 
551	6	0.14485 0.00000 0.00133 0.00000 0.03992 0.00000 0.81391 0.00000 
552	6	0.08530 0.00000 0.00010 0.00000 0.00504 0.00000 0.90956 0.00000 
553	6	0.26406 0.00000 0.00018 0.00000 0.01215 0.00000 0.72361 0.00000 
554	6	0.21238 0.00000 0.00044 0.00000 0.07192 0.00000 0.71527 0.00000 
555	6	0.14823 0.00000 0.00254 0.00000 0.02476 0.00000 0.82447 0.00000 
556	6	0.15179 0.00000 0.00060 0.00000 0.00044 0.00000 0.84717 0.00000 
557	6	0.14558 0.00000 0.00703 0.00000 0.02311 0.00000 0.82428 0.00000 
558	6	0.10612 0.00000 0.00576 0.00000 0.00024 0.00000 0.88788 0.00000 
559	6	0.10262 0.00000 0.00480 0.00000 0.00165 0.00000 0.89092 0.00000 
560	6	0.17695 0.00000 0.02214 0.00000 0.03381 0.00000 0.76711 0.00000 
561	6	0.33203 0.00000 0.00838 0.00000 0.00104 0.00000 0.65855 0.00000 
562	6	0.36942 0.00000 0.01008 0.00000 0.00192 0.00000 0.61858 0.00000 
563	6	0.28709 0.00000 0.00091 0.00000 0.14036 0.00000 0.57164 0.00000 
