600	6	8
0	1	0.02658 0.03717 0.05204 0.14081 0.21176 0.05813 0.33783 0.13568 
1	1	0.04637 0.03825 0.04947 0.02239 0.02472 0.26995 0.36423 0.18463 
2	1	0.03727 0.04514 0.06401 0.35961 0.25455 0.01604 0.01272 0.21066 
3	1	0.02926 0.08532 0.25722 0.28743 0.13154 0.04854 0.04927 0.11142 
4	1	0.03936 0.10010 0.18861 0.34217 0.07714 0.02186 0.01873 0.21203 
5	1	0.03973 0.10973 0.18511 0.02449 0.02614 0.27427 0.07864 0.26190 
6	1	0.01885 0.06456 0.06596 0.05532 0.10446 0.13360 0.31617 0.24108 
7	1	0.02671 0.12677 0.39686 0.20360 0.06333 0.02538 0.03784 0.11951 
8	1	0.01409 0.07709 0.18258 0.16813 0.03139 0.02421 0.14468 0.35784 
9	1	0.08910 0.12964 0.19669 0.11971 0.01337 0.00857 0.10708 0.33584 
10	1	0.07564 0.10424 0.23475 0.10932 0.06321 0.02641 0.09157 0.29486 
11	1	0.02409 0.04992 0.02651 0.01631 0.01749 0.45036 0.31277 0.10255 
12	1	0.10117 0.19173 0.03537 0.04160 0.10684 0.20437 0.13858 0.18034 
13	1	0.04374 0.04005 0.02985 0.01827 0.05195 0.30538 0.42237 0.08839 
14	1	0.08049 0.26283 0.40007 0.08840 0.06386 0.04045 0.03719 0.02672 
15	1	0.07021 0.07947 0.07255 0.05038 0.07377 0.05120 0.41701 0.18542 
16	1	0.05750 0.29564 0.28983 0.15697 0.06143 0.03726 0.02731 0.07405 
17	1	0.04915 0.13949 0.29502 0.26563 0.06972 0.04643 0.05214 0.08243 
18	1	0.02676 0.09152 0.11954 0.15912 0.04686 0.08019 0.29930 0.17672 
19	1	0.04973 0.12081 0.13253 0.07221 0.08045 0.03040 0.16450 0.34936 
20	1	0.02998 0.05178 0.07969 0.18270 0.27388 0.10179 0.04333 0.23685 
21	1	0.02925 0.09982 0.20449 0.13221 0.13814 0.03129 0.14601 0.21880 
22	1	0.03348 0.04449 0.01849 0.12928 0.21680 0.23176 0.11196 0.21374 
23	1	0.02422 0.05769 0.12375 0.08962 0.31065 0.12365 0.06587 0.20455 
24	1	0.02578 0.04538 0.02058 0.14005 0.34355 0.21822 0.09507 0.11136 
25	1	0.12846 0.20701 0.15566 0.06725 0.08137 0.13750 0.04773 0.17503 
26	1	0.15236 0.24747 0.12950 0.07369 0.09199 0.11703 0.06729 0.12067 
27	1	0.02725 0.18182 0.19124 0.02750 0.02381 0.22603 0.19464 0.12770 
28	1	0.06855 0.24916 0.08775 0.02622 0.24354 0.17691 0.02609 0.12177 
29	1	0.10577 0.18058 0.23086 0.03820 0.03451 0.09394 0.11648 0.19967 
30	1	0.04572 0.08187 0.03341 0.01434 0.00640 0.12807 0.61109 0.07911 
31	1	0.12373 0.19962 0.11150 0.04205 0.09501 0.16214 0.04802 0.21793 
32	1	0.01450 0.04824 0.09792 0.21907 0.03597 0.03140 0.16179 0.39111 
33	1	0.05727 0.06268 0.14826 0.13251 0.13960 0.11012 0.05718 0.29238 
34	1	0.08356 0.10991 0.23604 0.16334 0.04972 0.06627 0.05673 0.23443 
35	1	0.04960 0.25646 0.11268 0.03443 0.05703 0.06992 0.18252 0.23738 
36	1	0.08647 0.23852 0.24169 0.02623 0.00951 0.01018 0.01738 0.37003 
37	1	0.00321 0.00354 0.03468 0.12227 0.06648 0.03648 0.03041 0.70293 
38	1	0.02567 0.09691 0.06314 0.13836 0.14662 0.04168 0.23804 0.24958 
39	1	0.05194 0.09617 0.14195 0.15695 0.11167 0.09569 0.18964 0.15600 
40	1	0.04945 0.10259 0.11166 0.18046 0.06059 0.01801 0.02151 0.45571 
41	1	0.01225 0.06358 0.07330 0.10255 0.35404 0.16037 0.05030 0.18361 
42	1	0.11339 0.03774 0.01366 0.00786 0.28314 0.28814 0.14807 0.10800 
43	1	0.01753 0.05718 0.04654 0.09891 0.25890 0.31991 0.04505 0.15598 
44	1	0.07284 0.20783 0.13445 0.13481 0.07919 0.15606 0.11409 0.10073 
45	1	0.02940 0.08887 0.18508 0.13132 0.04141 0.04677 0.11412 0.36303 
46	1	0.03930 0.17965 0.17826 0.05869 0.04295 0.03139 0.03204 0.43773 
47	1	0.01119 0.06015 0.26365 0.26671 0.04743 0.02740 0.01961 0.30388 
48	1	0.00744 0.04210 0.06245 0.02330 0.00882 0.01818 0.23907 0.59865 
49	1	0.02048 0.03587 0.11070 0.19772 0.13410 0.06460 0.08298 0.35355 
50	1	0.04842 0.14100 0.20594 0.07174 0.09374 0.14866 0.07450 0.21600 
51	1	0.03372 0.05718 0.13045 0.15393 0.09461 0.03578 0.18477 0.30956 
52	1	0.01945 0.03586 0.04942 0.18035 0.14726 0.04290 0.04458 0.48019 
53	1	0.01449 0.02325 0.06133 0.27968 0.23148 0.01436 0.30031 0.07509 
54	1	0.02381 0.04452 0.05311 0.19730 0.34977 0.17901 0.00859 0.14388 
55	1	0.00658 0.03596 0.03256 0.05420 0.08760 0.31041 0.44623 0.02647 
56	1	0.06105 0.29309 0.03781 0.06996 0.15432 0.03881 0.08021 0.26475 
57	1	0.06283 0.15259 0.28014 0.06214 0.05591 0.05806 0.07405 0.25429 
58	1	0.01628 0.16610 0.13483 0.10854 0.08359 0.03626 0.02952 0.42489 
59	1	0.03473 0.04937 0.02574 0.01917 0.50388 0.27621 0.01273 0.07816 
60	1	0.02658 0.03801 0.04765 0.10602 0.18770 0.32670 0.04825 0.21909 
61	1	0.02908 0.07823 0.24733 0.02344 0.12593 0.19649 0.03202 0.26749 
62	1	0.04591 0.22702 0.08733 0.11485 0.14652 0.09485 0.04030 0.24323 
63	1	0.02042 0.08355 0.19301 0.16118 0.05101 0.05240 0.17529 0.26313 
64	1	0.02771 0.06940 0.17354 0.12868 0.02125 0.15616 0.18451 0.23876 
65	1	0.02227 0.05557 0.05570 0.05198 0.11794 0.21868 0.33526 0.14260 
66	1	0.02897 0.03384 0.02929 0.03046 0.07751 0.15416 0.44100 0.20478 
67	1	0.03722 0.19528 0.26295 0.11261 0.01638 0.00585 0.07425 0.29546 
68	1	0.06623 0.08986 0.11027 0.09665 0.16887 0.01248 0.14438 0.31125 
69	1	0.05641 0.04861 0.05599 0.08558 0.18019 0.08986 0.26549 0.21787 
70	1	0.03263 0.03566 0.02205 0.03798 0.03374 0.01141 0.15284 0.67369 
71	1	0.05234 0.07177 0.04665 0.02795 0.01048 0.00609 0.65799 0.12672 
72	1	0.02791 0.04329 0.02580 0.05827 0.16545 0.11239 0.36553 0.20135 
73	1	0.06309 0.34359 0.08363 0.08994 0.21025 0.05486 0.02178 0.13286 
74	1	0.04630 0.06779 0.04469 0.01597 0.01408 0.01694 0.79267 0.00155 
75	1	0.02367 0.06051 0.07902 0.11236 0.18450 0.23630 0.14658 0.15705 
76	1	0.08898 0.14395 0.15789 0.19261 0.08377 0.06098 0.06209 0.20973 
77	1	0.03736 0.12529 0.05329 0.07955 0.16903 0.06877 0.02793 0.43878 
78	1	0.20368 0.14250 0.08998 0.06490 0.09239 0.17101 0.03949 0.19604 
79	1	0.09689 0.04420 0.03381 0.05705 0.15858 0.26634 0.11643 0.22669 
80	1	0.03017 0.10086 0.34322 0.25240 0.05469 0.02622 0.04630 0.14614 
81	1	0.06188 0.08880 0.20049 0.09724 0.02490 0.09065 0.17427 0.26177 
82	1	0.07320 0.07680 0.07264 0.17712 0.19476 0.03039 0.04768 0.32742 
83	1	0.05233 0.17772 0.15237 0.17576 0.12058 0.06795 0.23993 0.01336 
84	1	0.03826 0.04448 0.03410 0.05322 0.22302 0.09488 0.27857 0.23346 
85	1	0.03757 0.27325 0.07825 0.04533 0.04274 0.06293 0.14388 0.31604 
86	1	0.04103 0.08442 0.09587 0.17645 0.11428 0.23374 0.12015 0.13406 
87	1	0.27722 0.17588 0.04735 0.04599 0.09241 0.13569 0.12365 0.10181 
88	1	0.10881 0.07665 0.11105 0.15377 0.06337 0.02795 0.22423 0.23417 
89	1	0.06277 0.04953 0.05180 0.12321 0.26750 0.17389 0.17516 0.09614 
90	1	0.03620 0.06241 0.06538 0.15760 0.07781 0.10715 0.24677 0.24667 
91	1	0.02486 0.07339 0.18754 0.21510 0.37474 0.07668 0.01015 0.03753 
92	1	0.00895 0.07593 0.19573 0.13868 0.08644 0.07062 0.16579 0.25786 
93	1	0.01769 0.06400 0.08435 0.16081 0.13038 0.16352 0.15260 0.22665 
94	1	0.02749 0.08771 0.09031 0.17894 0.14787 0.02848 0.25935 0.17985 
95	1	0.03744 0.12601 0.15972 0.32387 0.14891 0.03121 0.02203 0.15080 
96	1	0.09309 0.10493 0.13693 0.13618 0.08505 0.04247 0.11386 0.28749 
97	1	0.06004 0.13401 0.11818 0.15440 0.17006 0.05733 0.06069 0.24528 
98	1	0.15985 0.11967 0.05900 0.04624 0.13672 0.15709 0.13221 0.18922 
99	1	0.00890 0.05916 0.11988 0.07375 0.01745 0.01376 0.01531 0.69178 
100	2	0.15429 0.08777 0.10344 0.08875 0.03517 0.07675 0.40569 0.04814 
101	2	0.00108 0.02883 0.12352 0.15023 0.05411 0.10225 0.51557 0.02440 
102	2	0.01681 0.35367 0.21922 0.18386 0.12764 0.04126 0.03614 0.02141 
103	2	0.00435 0.02143 0.06857 0.08675 0.06852 0.04483 0.18954 0.51601 
104	2	0.02673 0.10452 0.12447 0.10368 0.05585 0.02191 0.01696 0.54587 
105	2	0.00139 0.05276 0.08256 0.05793 0.05348 0.02184 0.06744 0.66260 
106	2	0.02667 0.09502 0.10362 0.07689 0.04063 0.01522 0.01388 0.62807 
107	2	0.09318 0.12256 0.24853 0.34876 0.18606 0.00028 0.00038 0.00025 
108	2	0.00031 0.03518 0.26156 0.22630 0.06958 0.11916 0.23148 0.05643 
109	2	0.01176 0.12175 0.20157 0.19295 0.24227 0.18693 0.04108 0.00169 
110	2	0.06914 0.22108 0.15201 0.15537 0.20595 0.14620 0.04730 0.00295 
111	2	0.00237 0.04309 0.13070 0.16140 0.22753 0.32039 0.05761 0.05690 
112	2	0.01856 0.10312 0.08960 0.05167 0.04578 0.03701 0.07606 0.57820 
113	2	0.16979 0.43214 0.21021 0.11142 0.04432 0.01918 0.00937 0.00357 
114	2	0.49379 0.29889 0.10779 0.06660 0.02275 0.00735 0.00272 0.00011 
115	2	0.00235 0.03026 0.14729 0.18030 0.15598 0.29976 0.14703 0.03703 
116	2	0.33400 0.09883 0.10101 0.23572 0.15939 0.03875 0.03212 0.00019 
117	2	0.51891 0.17272 0.14788 0.07974 0.01945 0.00895 0.01520 0.03714 
118	2	0.09520 0.19456 0.08592 0.08499 0.19394 0.11083 0.10740 0.12715 
119	2	0.04193 0.19667 0.11293 0.16805 0.16822 0.10943 0.13834 0.06442 
120	2	0.00036 0.02204 0.19515 0.26578 0.17639 0.05933 0.03072 0.25023 
121	2	0.06222 0.23298 0.10471 0.12519 0.16046 0.12683 0.11292 0.07470 
122	2	0.00289 0.04378 0.06429 0.25162 0.37645 0.15556 0.08990 0.01552 
123	2	0.03440 0.16180 0.29598 0.21204 0.13714 0.07092 0.04886 0.03885 
124	2	0.68469 0.04548 0.03788 0.09614 0.07191 0.03201 0.02349 0.00841 
125	2	0.07596 0.18985 0.12080 0.04444 0.02647 0.02159 0.03588 0.48501 
126	2	0.02348 0.10931 0.11267 0.05625 0.03959 0.02281 0.46359 0.17230 
127	2	0.05101 0.15708 0.13867 0.15274 0.21415 0.19071 0.07702 0.01862 
128	2	0.10603 0.02320 0.11822 0.31096 0.12167 0.02342 0.02067 0.27582 
129	2	0.06578 0.28264 0.34156 0.09875 0.10793 0.05787 0.03007 0.01539 
130	2	0.01303 0.09024 0.15115 0.17467 0.12845 0.09048 0.09450 0.25749 
131	2	0.00056 0.02314 0.09165 0.10366 0.08847 0.18164 0.50934 0.00154 
132	2	0.00172 0.05995 0.09969 0.07602 0.03622 0.18650 0.53451 0.00539 
133	2	0.00009 0.05693 0.22353 0.57036 0.14812 0.00077 0.00014 0.00007 
134	2	0.01440 0.12172 0.24304 0.13367 0.28084 0.09132 0.10847 0.00653 
135	2	0.00981 0.07945 0.10129 0.11383 0.62477 0.05913 0.00834 0.00338 
136	2	0.01805 0.05290 0.09359 0.29138 0.13444 0.09443 0.09602 0.21919 
137	2	0.07765 0.73303 0.11002 0.02406 0.01543 0.01428 0.01725 0.00829 
138	2	0.00513 0.09788 0.22089 0.10398 0.02540 0.01816 0.02470 0.50386 
139	2	0.73550 0.10082 0.05651 0.03895 0.02902 0.02200 0.01234 0.00487 
140	2	0.00017 0.05403 0.18515 0.11286 0.14815 0.14320 0.35627 0.00018 
141	2	0.11678 0.31031 0.09437 0.02986 0.01796 0.01453 0.03299 0.38321 
142	2	0.00016 0.05131 0.18367 0.09662 0.07495 0.15360 0.16219 0.27750 
143	2	0.03170 0.26838 0.33117 0.02935 0.07226 0.10141 0.06353 0.10219 
144	2	0.20914 0.46179 0.14129 0.07467 0.04565 0.04635 0.01744 0.00366 
145	2	0.23871 0.21542 0.13391 0.09631 0.07808 0.06124 0.10574 0.07058 
146	2	0.13154 0.32992 0.10383 0.13261 0.09537 0.12191 0.07113 0.01369 
147	2	0.19244 0.20704 0.12835 0.10686 0.10522 0.08143 0.12711 0.05156 
148	2	0.03919 0.11153 0.08374 0.06683 0.05206 0.06564 0.18654 0.39446 
149	2	0.01775 0.14176 0.10938 0.10400 0.12233 0.49107 0.01361 0.00010 
150	2	0.04975 0.11716 0.11139 0.06963 0.04032 0.03203 0.04869 0.53104 
151	2	0.05100 0.12219 0.19825 0.11591 0.07727 0.08616 0.12127 0.22794 
152	2	0.03278 0.19121 0.23895 0.27831 0.17358 0.06290 0.01808 0.00418 
153	2	0.03722 0.19963 0.24456 0.23161 0.15353 0.08011 0.04820 0.00513 
154	2	0.20633 0.22661 0.13624 0.08032 0.16645 0.11635 0.03312 0.03457 
155	2	0.11950 0.09826 0.05927 0.03950 0.06842 0.27958 0.27819 0.05728 
156	2	0.33611 0.31178 0.10642 0.06814 0.04772 0.04680 0.05112 0.03191 
157	2	0.09043 0.13024 0.08469 0.07123 0.11800 0.34763 0.12275 0.03504 
158	2	0.00044 0.10343 0.21464 0.07872 0.03538 0.03403 0.04097 0.49239 
159	2	0.02556 0.07280 0.06630 0.05712 0.13939 0.23727 0.10655 0.29500 
160	2	0.00199 0.08464 0.14706 0.13415 0.46847 0.14742 0.01576 0.00051 
161	2	0.00707 0.13090 0.23734 0.19342 0.16596 0.13475 0.10832 0.02223 
162	2	0.04833 0.15177 0.14528 0.09858 0.13537 0.23730 0.17181 0.01156 
163	2	0.01734 0.64562 0.15170 0.10420 0.05463 0.02043 0.00480 0.00128 
164	2	0.00123 0.66764 0.13216 0.11706 0.06605 0.00815 0.00630 0.00141 
165	2	0.08495 0.20948 0.13744 0.11050 0.05589 0.28267 0.05120 0.06786 
166	2	0.01519 0.04053 0.08468 0.11018 0.06675 0.10203 0.30090 0.27974 
167	2	0.14820 0.08050 0.07152 0.05052 0.06408 0.13661 0.44367 0.00488 
168	2	0.06700 0.05386 0.06586 0.06708 0.07083 0.08909 0.19618 0.39009 
169	2	0.02373 0.14919 0.19369 0.09959 0.04818 0.08512 0.39446 0.00604 
170	2	0.01997 0.10017 0.10319 0.08921 0.08513 0.07604 0.12611 0.40017 
171	2	0.10980 0.25397 0.27637 0.16791 0.02310 0.00777 0.01125 0.14984 
172	2	0.03843 0.14865 0.12798 0.22193 0.29550 0.14109 0.01989 0.00654 
173	2	0.72872 0.07827 0.02020 0.01907 0.02883 0.05384 0.06720 0.00386 
174	2	0.09400 0.13717 0.11315 0.12186 0.24017 0.22336 0.06200 0.00829 
175	2	0.07668 0.08736 0.12342 0.09164 0.02027 0.02924 0.04055 0.53085 
176	2	0.16939 0.16625 0.11227 0.08120 0.04914 0.11495 0.18532 0.12148 
177	2	0.07976 0.14568 0.11653 0.09953 0.11838 0.13527 0.20739 0.09747 
178	2	0.07436 0.55802 0.10509 0.10127 0.06196 0.00739 0.09127 0.00063 
179	2	0.02434 0.10871 0.10169 0.08009 0.06292 0.06122 0.04178 0.51926 
180	2	0.12400 0.21513 0.16799 0.14806 0.09464 0.06131 0.14970 0.03918 
181	2	0.04107 0.20785 0.21471 0.20605 0.13096 0.18213 0.01692 0.00030 
182	2	0.00246 0.05222 0.24622 0.25638 0.22956 0.12723 0.06492 0.02101 
183	2	0.00616 0.18410 0.19921 0.14447 0.12135 0.14520 0.19635 0.00317 
184	2	0.76330 0.13767 0.04242 0.03197 0.01414 0.00145 0.00098 0.00806 
185	2	0.10726 0.08411 0.13650 0.06926 0.05623 0.03694 0.02868 0.48102 
186	2	0.00795 0.07531 0.09811 0.06182 0.23060 0.50937 0.01652 0.00033 
187	2	0.00968 0.03176 0.06951 0.10864 0.09623 0.03122 0.09143 0.56153 
188	2	0.53129 0.07547 0.10389 0.06954 0.10019 0.08796 0.03011 0.00154 
189	2	0.24351 0.19482 0.05470 0.02442 0.02566 0.06321 0.05393 0.33976 
190	2	0.21635 0.13311 0.11137 0.08926 0.08558 0.06786 0.07109 0.22538 
191	2	0.00134 0.09160 0.25561 0.08059 0.02848 0.03167 0.04006 0.47065 
192	2	0.10164 0.24598 0.24540 0.09485 0.07089 0.05149 0.05924 0.13051 
193	2	0.07270 0.20961 0.21946 0.17106 0.09115 0.08193 0.06042 0.09368 
194	2	0.06978 0.10139 0.11228 0.10432 0.06539 0.02849 0.03004 0.48830 
195	2	0.00164 0.01776 0.08518 0.16767 0.08560 0.07461 0.13904 0.42850 
196	2	0.52144 0.12937 0.10339 0.09089 0.09811 0.05244 0.00418 0.00018 
197	2	0.02245 0.19492 0.14674 0.03639 0.06590 0.09428 0.14310 0.29623 
198	2	0.04647 0.08294 0.08491 0.08122 0.07206 0.12648 0.43224 0.07367 
199	2	0.00065 0.13908 0.11679 0.09071 0.07826 0.51529 0.04448 0.01474 
200	3	0.00656 0.45708 0.29914 0.04558 0.05835 0.05547 0.04845 0.02937 
201	3	0.84338 0.02943 0.04695 0.03149 0.02466 0.00716 0.00503 0.01190 
202	3	0.32708 0.31942 0.14291 0.06463 0.03639 0.02277 0.02134 0.06546 
203	3	0.07158 0.07108 0.02974 0.01953 0.01784 0.07605 0.69401 0.02017 
204	3	0.82947 0.01504 0.01033 0.02427 0.05253 0.05243 0.01551 0.00043 
205	3	0.82742 0.05765 0.03757 0.03895 0.02722 0.00817 0.00264 0.00039 
206	3	0.00185 0.05140 0.09537 0.10671 0.33273 0.26316 0.14340 0.00537 
207	3	0.05548 0.09811 0.13720 0.14568 0.09846 0.31518 0.14424 0.00566 
208	3	0.00613 0.21017 0.08161 0.07029 0.36547 0.23330 0.02537 0.00766 
209	3	0.26359 0.16910 0.15625 0.17239 0.12538 0.05021 0.03988 0.02321 
210	3	0.00201 0.00511 0.01164 0.02784 0.05668 0.11771 0.15033 0.62868 
211	3	0.57423 0.03265 0.03259 0.04986 0.07193 0.08445 0.09546 0.05883 
212	3	0.00086 0.04054 0.11526 0.18332 0.32922 0.16004 0.06952 0.10125 
213	3	0.03241 0.56855 0.15274 0.10291 0.05882 0.06242 0.02056 0.00158 
214	3	0.05888 0.05654 0.03077 0.02025 0.06373 0.28314 0.35637 0.13033 
215	3	0.00287 0.03141 0.10100 0.08735 0.36526 0.37266 0.03481 0.00464 
216	3	0.01344 0.15131 0.33876 0.11814 0.07729 0.10695 0.10219 0.09192 
217	3	0.00105 0.01415 0.03934 0.06225 0.07533 0.05840 0.74188 0.00762 
218	3	0.00338 0.04274 0.10555 0.15052 0.18133 0.15237 0.20689 0.15723 
219	3	0.49665 0.26229 0.03673 0.05145 0.06602 0.04965 0.02662 0.01059 
220	3	0.05553 0.21407 0.10876 0.24291 0.29052 0.07513 0.00723 0.00585 
221	3	0.11144 0.13570 0.20154 0.13956 0.06905 0.10397 0.14131 0.09744 
222	3	0.83505 0.07391 0.02959 0.02233 0.01363 0.00880 0.00760 0.00910 
223	3	0.05170 0.18923 0.15570 0.16349 0.08789 0.09499 0.14018 0.11683 
224	3	0.00279 0.04567 0.09624 0.11560 0.43364 0.30087 0.00375 0.00144 
225	3	0.01365 0.00784 0.02635 0.03254 0.06126 0.22799 0.23558 0.39480 
226	3	0.79574 0.06785 0.01882 0.01421 0.01347 0.01787 0.02404 0.04800 
227	3	0.18707 0.06573 0.03196 0.04740 0.05577 0.11854 0.16253 0.33100 
228	3	0.08741 0.42592 0.24240 0.13582 0.06506 0.01080 0.01223 0.02036 
229	3	0.01507 0.11843 0.35270 0.30788 0.14840 0.01951 0.01427 0.02375 
230	3	0.07196 0.13812 0.06357 0.03952 0.19110 0.47289 0.02224 0.00059 
231	3	0.13549 0.43860 0.19829 0.10143 0.05936 0.03296 0.02519 0.00868 
232	3	0.00362 0.03128 0.03903 0.01804 0.09955 0.37376 0.41841 0.01630 
233	3	0.02786 0.05864 0.09102 0.17150 0.23450 0.19757 0.08591 0.13301 
234	3	0.00033 0.04642 0.10199 0.08346 0.07750 0.28594 0.36706 0.03729 
235	3	0.00926 0.01840 0.15945 0.35126 0.40379 0.03182 0.01655 0.00947 
236	3	0.00015 0.01719 0.02829 0.04633 0.29917 0.51319 0.08574 0.00994 
237	3	0.50706 0.23870 0.05583 0.05934 0.05582 0.04045 0.03214 0.01066 
238	3	0.30929 0.22137 0.09617 0.07135 0.07195 0.08085 0.06833 0.08070 
239	3	0.01842 0.04956 0.19076 0.23307 0.22978 0.21834 0.04493 0.01513 
240	3	0.00430 0.36443 0.23871 0.16638 0.14543 0.03594 0.01263 0.03217 
241	3	0.00143 0.63562 0.03922 0.03314 0.04411 0.04387 0.02799 0.17463 
242	3	0.00194 0.03824 0.29314 0.31565 0.16535 0.05577 0.07824 0.05167 
243	3	0.71409 0.03980 0.01320 0.01682 0.03131 0.06628 0.07045 0.04806 
244	3	0.00205 0.71003 0.05053 0.05253 0.05580 0.08285 0.02619 0.02001 
245	3	0.04045 0.37517 0.28693 0.12812 0.06644 0.04059 0.02999 0.03231 
246	3	0.01140 0.05734 0.15418 0.15183 0.19696 0.21319 0.20055 0.01455 
247	3	0.41819 0.17194 0.12410 0.07405 0.06679 0.06293 0.05790 0.02410 
248	3	0.11202 0.06802 0.20902 0.37320 0.16791 0.02882 0.02166 0.01937 
249	3	0.01055 0.41792 0.32656 0.08769 0.10402 0.04120 0.01105 0.00101 
250	3	0.02482 0.18413 0.24107 0.21184 0.22881 0.07554 0.02780 0.00601 
251	3	0.70283 0.16523 0.06507 0.03259 0.01493 0.00741 0.00775 0.00419 
252	3	0.02650 0.03930 0.03421 0.11355 0.22765 0.55603 0.00273 0.00004 
253	3	0.00134 0.01400 0.04101 0.07426 0.21919 0.24401 0.33090 0.07530 
254	3	0.00220 0.06665 0.06482 0.61687 0.19909 0.02542 0.01461 0.01034 
255	3	0.00108 0.41714 0.42293 0.09651 0.03483 0.01299 0.01187 0.00266 
256	3	0.00623 0.12946 0.28635 0.10456 0.27483 0.11915 0.06600 0.01341 
257	3	0.68770 0.03007 0.03207 0.04755 0.06333 0.07870 0.04709 0.01349 
258	3	0.00596 0.03748 0.02991 0.01616 0.03793 0.82684 0.04544 0.00028 
259	3	0.40473 0.36810 0.15241 0.04939 0.01468 0.00550 0.00324 0.00195 
260	3	0.04607 0.08780 0.08898 0.11716 0.22444 0.34643 0.06778 0.02133 
261	3	0.00054 0.00462 0.01372 0.05668 0.90229 0.01707 0.00448 0.00060 
262	3	0.00418 0.00984 0.01493 0.02179 0.10079 0.27407 0.28910 0.28530 
263	3	0.02460 0.05233 0.13236 0.50973 0.22457 0.01280 0.00863 0.03499 
264	3	0.07608 0.51685 0.06759 0.03377 0.04501 0.08571 0.12625 0.04873 
265	3	0.00097 0.03946 0.08149 0.29432 0.33546 0.10316 0.09725 0.04789 
266	3	0.46326 0.04362 0.03498 0.03913 0.05278 0.05713 0.02948 0.27962 
267	3	0.00060 0.00725 0.02459 0.04168 0.06370 0.61040 0.24365 0.00813 
268	3	0.00003 0.00050 0.00564 0.04849 0.79860 0.12636 0.01540 0.00497 
269	3	0.00305 0.03634 0.42602 0.09789 0.04720 0.04852 0.05747 0.28350 
270	3	0.00068 0.01346 0.40679 0.09782 0.04817 0.04906 0.06290 0.32113 
271	3	0.00012 0.00440 0.13467 0.36452 0.10899 0.00882 0.37580 0.00266 
272	3	0.00060 0.30301 0.18382 0.07824 0.06616 0.04199 0.32443 0.00174 
273	3	0.00012 0.05920 0.03547 0.02066 0.02355 0.02889 0.04035 0.79177 
274	3	0.00011 0.00109 0.01174 0.01954 0.02866 0.63544 0.22762 0.07579 
275	3	0.06382 0.28801 0.26625 0.27981 0.04442 0.02394 0.02208 0.01167 
276	3	0.01429 0.08112 0.06029 0.03628 0.17704 0.57235 0.05477 0.00386 
277	3	0.02189 0.43272 0.34326 0.09311 0.05149 0.02502 0.01564 0.01687 
278	3	0.00521 0.01924 0.02270 0.04076 0.23902 0.18838 0.34335 0.14134 
279	3	0.00339 0.03791 0.39656 0.48348 0.04893 0.01480 0.00836 0.00656 
280	3	0.01589 0.58667 0.12359 0.08710 0.06780 0.05812 0.03783 0.02300 
281	3	0.00223 0.03758 0.06629 0.12234 0.21225 0.28354 0.21224 0.06354 
282	3	0.00027 0.00993 0.06339 0.04061 0.34263 0.38452 0.13423 0.02441 
283	3	0.69256 0.08943 0.05877 0.05862 0.05675 0.02370 0.01775 0.00242 
284	3	0.00049 0.11401 0.54606 0.21021 0.03510 0.02935 0.04466 0.02012 
285	3	0.02460 0.05855 0.08438 0.17761 0.36079 0.22817 0.06554 0.00038 
286	3	0.00320 0.12964 0.31058 0.25801 0.14193 0.07916 0.07219 0.00529 
287	3	0.01787 0.03959 0.03591 0.05968 0.20401 0.24830 0.27756 0.11708 
288	3	0.00245 0.33587 0.17980 0.19914 0.22953 0.01744 0.02854 0.00722 
289	3	0.00219 0.02766 0.05236 0.09258 0.41679 0.34887 0.04919 0.01037 
290	3	0.00620 0.04348 0.03872 0.38192 0.38594 0.09485 0.01213 0.03677 
291	3	0.00083 0.02820 0.18478 0.64400 0.11039 0.01406 0.01088 0.00686 
292	3	0.03641 0.05831 0.03344 0.09691 0.23254 0.35080 0.15560 0.03599 
293	3	0.08646 0.10357 0.20667 0.35964 0.08646 0.07160 0.07530 0.01030 
294	3	0.00031 0.00665 0.02609 0.04842 0.13949 0.51569 0.26044 0.00290 
295	3	0.02008 0.04717 0.07643 0.05801 0.27510 0.42379 0.07889 0.02052 
296	3	0.11115 0.09900 0.03383 0.03012 0.04801 0.23106 0.41639 0.03046 
297	3	0.00057 0.00785 0.19320 0.30748 0.31342 0.05625 0.00434 0.11689 
298	3	0.00108 0.11082 0.49769 0.22887 0.03831 0.02484 0.01033 0.08807 
299	3	0.00036 0.11243 0.67149 0.06649 0.05537 0.05303 0.03032 0.01051 
300	4	0.00224 0.04981 0.09596 0.32486 0.48205 0.02505 0.01723 0.00280 
301	4	0.04714 0.05980 0.05012 0.08770 0.27775 0.39677 0.07533 0.00539 
302	4	0.00495 0.03468 0.07847 0.74886 0.09352 0.02138 0.01551 0.00264 
303	4	0.04281 0.21799 0.32457 0.33294 0.04293 0.02319 0.01306 0.00250 
304	4	0.19786 0.16387 0.12716 0.08541 0.06165 0.06506 0.28396 0.01504 
305	4	0.00366 0.35986 0.21909 0.13057 0.16295 0.06984 0.01636 0.03767 
306	4	0.03872 0.17676 0.20105 0.10041 0.08511 0.09579 0.11763 0.18453 
307	4	0.38920 0.14359 0.10506 0.11482 0.09455 0.09800 0.05066 0.00411 
308	4	0.02776 0.33183 0.28562 0.23229 0.05792 0.03881 0.02296 0.00281 
309	4	0.06900 0.31049 0.25288 0.12443 0.08883 0.07444 0.06205 0.01789 
310	4	0.09363 0.51316 0.10716 0.06813 0.08086 0.06721 0.04919 0.02067 
311	4	0.01117 0.16947 0.28533 0.20257 0.15200 0.10058 0.06494 0.01394 
312	4	0.01598 0.13199 0.10333 0.11152 0.17297 0.21644 0.23926 0.00851 
313	4	0.05165 0.19802 0.52137 0.08907 0.04486 0.04494 0.04382 0.00628 
314	4	0.03016 0.67145 0.13314 0.07570 0.05163 0.02453 0.01107 0.00231 
315	4	0.07939 0.71321 0.08257 0.02546 0.02536 0.02939 0.03548 0.00915 
316	4	0.25860 0.21250 0.09371 0.11248 0.18136 0.10319 0.02695 0.01122 
317	4	0.03723 0.15045 0.18239 0.19736 0.19651 0.13901 0.08244 0.01460 
318	4	0.00063 0.23068 0.37397 0.21262 0.08332 0.04289 0.03381 0.02209 
319	4	0.05575 0.15147 0.07197 0.03778 0.02767 0.01735 0.01201 0.62600 
320	4	0.02674 0.17293 0.50179 0.14158 0.01776 0.02731 0.05572 0.05617 
321	4	0.00332 0.03834 0.16722 0.24444 0.31089 0.20124 0.02436 0.01020 
322	4	0.00337 0.04080 0.11265 0.09738 0.08401 0.06253 0.04112 0.55813 
323	4	0.00598 0.12817 0.14866 0.09897 0.06471 0.04817 0.03505 0.47029 
324	4	0.00093 0.02509 0.20776 0.40333 0.15945 0.09478 0.05890 0.04974 
325	4	0.00048 0.01470 0.41283 0.31545 0.17977 0.06382 0.01123 0.00172 
326	4	0.05243 0.19572 0.14041 0.19872 0.21758 0.14582 0.04391 0.00540 
327	4	0.05577 0.11645 0.10379 0.17107 0.32449 0.19582 0.02735 0.00527 
328	4	0.00060 0.01696 0.10188 0.14739 0.13988 0.08615 0.02234 0.48480 
329	4	0.00022 0.00584 0.03944 0.11295 0.13254 0.39215 0.11542 0.20143 
330	4	0.03418 0.14687 0.26155 0.25554 0.18788 0.09879 0.01458 0.00060 
331	4	0.00490 0.11752 0.44788 0.11478 0.08851 0.11741 0.10699 0.00202 
332	4	0.01945 0.13243 0.11994 0.06321 0.34065 0.20428 0.07679 0.04325 
333	4	0.23864 0.57284 0.08877 0.03897 0.02473 0.01639 0.01263 0.00704 
334	4	0.00069 0.04922 0.45167 0.33869 0.07810 0.03810 0.02970 0.01382 
335	4	0.18513 0.18327 0.16741 0.10288 0.07329 0.15572 0.13187 0.00044 
336	4	0.00556 0.06171 0.10429 0.47837 0.29515 0.03268 0.01961 0.00264 
337	4	0.00777 0.28756 0.46868 0.10744 0.06454 0.03832 0.02348 0.00221 
338	4	0.29581 0.19862 0.24179 0.12833 0.04550 0.03807 0.03541 0.01645 
339	4	0.07399 0.11447 0.09427 0.15191 0.33366 0.20174 0.02513 0.00483 
340	4	0.41578 0.22210 0.12455 0.08632 0.05360 0.07885 0.01644 0.00236 
341	4	0.00086 0.05313 0.24841 0.26881 0.23474 0.15277 0.03885 0.00243 
342	4	0.06032 0.33218 0.26161 0.30732 0.00753 0.00693 0.01188 0.01225 
343	4	0.02148 0.31204 0.24454 0.22591 0.03660 0.03890 0.03938 0.08114 
344	4	0.00126 0.06929 0.24876 0.28348 0.23197 0.13326 0.03031 0.00166 
345	4	0.00910 0.47738 0.34957 0.07608 0.06112 0.01668 0.00842 0.00165 
346	4	0.00465 0.14225 0.76203 0.03697 0.04010 0.00858 0.00432 0.00110 
347	4	0.01665 0.06348 0.35856 0.23969 0.15078 0.01215 0.00730 0.15139 
348	4	0.01253 0.19501 0.28082 0.24955 0.16402 0.07918 0.01530 0.00359 
349	4	0.01433 0.14072 0.44428 0.16948 0.12683 0.05865 0.03333 0.01237 
350	4	0.01368 0.13169 0.50932 0.16112 0.11621 0.04016 0.02031 0.00750 
351	4	0.09394 0.13386 0.26893 0.26703 0.11061 0.06075 0.05083 0.01405 
352	4	0.40801 0.28563 0.15392 0.09177 0.02603 0.01617 0.01157 0.00692 
353	4	0.05027 0.17875 0.14748 0.08176 0.05000 0.04546 0.12511 0.32117 
354	4	0.27124 0.62554 0.04861 0.01970 0.00989 0.00868 0.01083 0.00552 
355	4	0.45017 0.17173 0.19899 0.12594 0.02739 0.01663 0.00872 0.00042 
356	4	0.00448 0.16438 0.43394 0.21840 0.10384 0.05240 0.02051 0.00204 
357	4	0.00344 0.15531 0.18772 0.50203 0.10322 0.02164 0.01604 0.01060 
358	4	0.01448 0.11136 0.18682 0.22183 0.16421 0.13389 0.14515 0.02226 
359	4	0.00022 0.19708 0.19396 0.15463 0.23699 0.18377 0.02698 0.00638 
360	4	0.00010 0.00292 0.02956 0.30474 0.66093 0.00172 0.00001 0.00001 
361	4	0.00281 0.08566 0.18231 0.14481 0.43542 0.14413 0.00464 0.00023 
362	4	0.00224 0.07152 0.36126 0.35361 0.11909 0.06289 0.02711 0.00229 
363	4	0.06396 0.43054 0.41376 0.04099 0.02761 0.01398 0.00688 0.00228 
364	4	0.01205 0.01914 0.03550 0.08582 0.24208 0.41122 0.17100 0.02320 
365	4	0.31502 0.24476 0.19703 0.18154 0.03105 0.01492 0.01214 0.00354 
366	4	0.00213 0.01854 0.41603 0.25203 0.10859 0.07170 0.07512 0.05587 
367	4	0.44057 0.16844 0.11975 0.10704 0.08612 0.05560 0.02079 0.00170 
368	4	0.00023 0.02965 0.06741 0.63209 0.11341 0.05533 0.05006 0.05182 
369	4	0.00193 0.11442 0.31667 0.36640 0.15374 0.03447 0.01124 0.00114 
370	4	0.04893 0.34482 0.22589 0.12824 0.07244 0.03770 0.03415 0.10783 
371	4	0.04761 0.37328 0.12614 0.08332 0.09139 0.11548 0.11757 0.04521 
372	4	0.06786 0.10097 0.10652 0.12473 0.15564 0.19850 0.19694 0.04885 
373	4	0.43105 0.25918 0.20010 0.03045 0.02623 0.02842 0.02138 0.00318 
374	4	0.01593 0.09066 0.20987 0.38766 0.10231 0.09454 0.07932 0.01971 
375	4	0.00517 0.24475 0.13002 0.12532 0.36335 0.09880 0.02951 0.00308 
376	4	0.00118 0.56720 0.35645 0.04023 0.01359 0.00668 0.00172 0.01295 
377	4	0.26115 0.29471 0.16501 0.08043 0.06271 0.06001 0.04934 0.02664 
378	4	0.00227 0.15747 0.74487 0.07573 0.01723 0.00216 0.00022 0.00004 
379	4	0.00451 0.49411 0.40347 0.04266 0.01610 0.01187 0.01432 0.01295 
380	4	0.00098 0.02622 0.62064 0.26999 0.05207 0.02284 0.00710 0.00016 
381	4	0.18444 0.31073 0.13514 0.10599 0.08956 0.07347 0.06631 0.03437 
382	4	0.00897 0.18399 0.15155 0.25734 0.25562 0.12979 0.01250 0.00024 
383	4	0.15478 0.14572 0.26840 0.31321 0.05257 0.02384 0.02420 0.01726 
384	4	0.03055 0.23932 0.50967 0.14855 0.04522 0.02075 0.00570 0.00025 
385	4	0.02025 0.23169 0.18307 0.08898 0.07909 0.16297 0.22984 0.00411 
386	4	0.00167 0.13525 0.42969 0.27952 0.07643 0.05376 0.01522 0.00846 
387	4	0.04109 0.38787 0.25195 0.05728 0.05086 0.05805 0.03937 0.11353 
388	4	0.01024 0.25277 0.32731 0.16641 0.14100 0.07393 0.02591 0.00244 
389	4	0.00100 0.06123 0.19370 0.23252 0.33270 0.12763 0.03668 0.01454 
390	4	0.08095 0.24060 0.20517 0.16850 0.24628 0.04399 0.01409 0.00042 
391	4	0.05152 0.18822 0.18535 0.29310 0.09772 0.11678 0.05835 0.00897 
392	4	0.00302 0.03278 0.41066 0.41800 0.05944 0.05433 0.02125 0.00053 
393	4	0.17418 0.48428 0.20734 0.05830 0.03416 0.02114 0.01505 0.00556 
394	4	0.00188 0.21237 0.41151 0.20551 0.12902 0.03818 0.00147 0.00006 
395	4	0.06677 0.38806 0.31871 0.13761 0.05375 0.02579 0.00828 0.00102 
396	4	0.00127 0.04225 0.11551 0.14654 0.11282 0.54671 0.03436 0.00054 
397	4	0.07056 0.04217 0.14034 0.39654 0.27379 0.07428 0.00217 0.00014 
398	4	0.12351 0.24162 0.26369 0.20839 0.10291 0.04772 0.01171 0.00044 
399	4	0.38178 0.21348 0.08772 0.09035 0.09053 0.07535 0.05009 0.01070 
400	5	0.04703 0.04073 0.03957 0.02729 0.03717 0.04390 0.04236 0.72194 
401	5	0.03563 0.05687 0.04183 0.03291 0.03457 0.03751 0.03115 0.72954 
402	5	0.03480 0.04530 0.06422 0.04556 0.03763 0.04392 0.03345 0.69512 
403	5	0.03224 0.04954 0.05896 0.05260 0.03906 0.03720 0.03702 0.69338 
404	5	0.03343 0.06162 0.04863 0.03391 0.03042 0.03497 0.03518 0.72183 
405	5	0.04035 0.04835 0.03810 0.03564 0.04142 0.03814 0.03339 0.72461 
406	5	0.04279 0.03399 0.02940 0.03015 0.04945 0.07905 0.03820 0.69698 
407	5	0.02453 0.05231 0.05597 0.04046 0.04372 0.05210 0.03892 0.69199 
408	5	0.02754 0.06409 0.05798 0.04503 0.03418 0.03842 0.03171 0.70107 
409	5	0.06012 0.06230 0.05102 0.04419 0.03093 0.02284 0.02112 0.70748 
410	5	0.03030 0.06023 0.04091 0.03682 0.03783 0.03191 0.03480 0.72720 
411	5	0.03438 0.05703 0.06529 0.03665 0.02788 0.02778 0.03207 0.71891 
412	5	0.05463 0.05401 0.04235 0.02692 0.03302 0.04498 0.03319 0.71090 
413	5	0.05553 0.07673 0.04235 0.03174 0.02551 0.01822 0.02876 0.72116 
414	5	0.05797 0.02870 0.02248 0.02339 0.03982 0.05672 0.04414 0.72678 
415	5	0.04391 0.03842 0.03308 0.02883 0.04187 0.05204 0.04737 0.71448 
416	5	0.04025 0.04741 0.03654 0.02927 0.03769 0.04817 0.04004 0.72064 
417	5	0.04560 0.04275 0.03063 0.02962 0.04107 0.04745 0.04174 0.72113 
418	5	0.05947 0.05632 0.04185 0.02507 0.03706 0.05001 0.03387 0.69635 
419	5	0.05402 0.04725 0.03766 0.03030 0.04711 0.04467 0.03766 0.70132 
420	5	0.04140 0.06351 0.04075 0.03609 0.04005 0.02464 0.02865 0.72490 
421	5	0.04275 0.03797 0.03391 0.03155 0.03737 0.04337 0.04092 0.73216 
422	5	0.04822 0.03526 0.02965 0.02833 0.04808 0.05752 0.03937 0.71357 
423	5	0.04210 0.04371 0.03111 0.02816 0.03176 0.04824 0.04714 0.72778 
424	5	0.03174 0.07597 0.05930 0.04290 0.03718 0.03745 0.03593 0.67954 
425	5	0.05513 0.08465 0.07756 0.19378 0.36083 0.18873 0.02537 0.01396 
426	5	0.02445 0.09633 0.03959 0.01309 0.01376 0.03608 0.62346 0.15323 
427	5	0.02647 0.07982 0.04562 0.01943 0.01915 0.02621 0.13912 0.64419 
428	5	0.06262 0.09591 0.06966 0.03103 0.02551 0.02879 0.03814 0.64834 
429	5	0.06023 0.06250 0.07211 0.17979 0.17785 0.09514 0.26308 0.08931 
430	5	0.05462 0.10813 0.06377 0.03026 0.03117 0.03072 0.04435 0.63698 
431	5	0.05522 0.08229 0.06363 0.03377 0.02837 0.02900 0.04166 0.66606 
432	5	0.07848 0.11456 0.15783 0.16228 0.08772 0.10762 0.14602 0.14550 
433	5	0.04413 0.11774 0.06372 0.02586 0.02553 0.02634 0.03248 0.66420 
434	5	0.05769 0.22414 0.20392 0.14821 0.15927 0.05711 0.02130 0.12835 
435	5	0.03636 0.07456 0.04554 0.03237 0.03461 0.04155 0.05116 0.68385 
436	5	0.05233 0.05888 0.04257 0.03569 0.03831 0.04306 0.04388 0.68527 
437	5	0.03511 0.04919 0.03480 0.02943 0.03555 0.04460 0.28166 0.48966 
438	5	0.01031 0.06076 0.03588 0.02292 0.02614 0.03188 0.30970 0.50241 
439	5	0.03134 0.05802 0.03906 0.02806 0.02679 0.03146 0.07985 0.70543 
440	5	0.01052 0.07462 0.04285 0.02559 0.02970 0.03552 0.39223 0.38897 
441	5	0.02961 0.07618 0.04052 0.01885 0.02083 0.03385 0.60973 0.17044 
442	5	0.04153 0.07213 0.03369 0.02260 0.02251 0.02708 0.10900 0.67146 
443	5	0.03832 0.04586 0.05434 0.03443 0.02706 0.03428 0.04621 0.71950 
444	5	0.02730 0.05524 0.04543 0.03542 0.03309 0.03387 0.14174 0.62791 
445	5	0.01143 0.04739 0.04921 0.02833 0.02866 0.04533 0.04433 0.74533 
446	5	0.05326 0.07859 0.04224 0.03726 0.03533 0.03010 0.22071 0.50252 
447	5	0.03441 0.08431 0.04781 0.03797 0.02946 0.03195 0.03387 0.70023 
448	5	0.07116 0.08025 0.04657 0.03142 0.03528 0.03196 0.03312 0.67023 
449	5	0.30799 0.17414 0.06662 0.06009 0.11233 0.11556 0.04459 0.11867 
450	5	0.02870 0.09880 0.05529 0.03165 0.03419 0.03113 0.10040 0.61983 
451	5	0.26557 0.18522 0.10278 0.13648 0.09698 0.06588 0.02191 0.12518 
452	5	0.02410 0.08664 0.05205 0.03109 0.02931 0.03558 0.04722 0.69402 
453	5	0.17967 0.27771 0.21157 0.09847 0.03265 0.02450 0.01656 0.15886 
454	5	0.01708 0.05757 0.03480 0.02814 0.02910 0.02639 0.54595 0.26097 
455	5	0.12130 0.56898 0.09782 0.03484 0.02136 0.01705 0.01846 0.12018 
456	5	0.01536 0.06104 0.04382 0.03247 0.03370 0.04318 0.52937 0.24106 
457	5	0.12998 0.56765 0.11767 0.03668 0.02254 0.01813 0.02041 0.08694 
458	5	0.01501 0.05795 0.03234 0.02830 0.02876 0.03826 0.34559 0.45378 
459	5	0.00604 0.05988 0.04723 0.02221 0.02320 0.03064 0.56330 0.24750 
460	5	0.23161 0.56056 0.06475 0.03212 0.01544 0.01424 0.01612 0.06516 
461	5	0.00245 0.04404 0.05148 0.02503 0.03148 0.03998 0.50777 0.29777 
462	5	0.00758 0.05614 0.04035 0.02865 0.03010 0.03667 0.50377 0.29675 
463	5	0.02106 0.04675 0.03314 0.02695 0.02948 0.03656 0.53225 0.27382 
464	5	0.41347 0.36755 0.05666 0.02917 0.01828 0.01565 0.01947 0.07976 
465	5	0.00808 0.05749 0.04142 0.02487 0.02301 0.04224 0.48814 0.31475 
466	5	0.21965 0.57943 0.06991 0.02327 0.01876 0.01821 0.01972 0.05105 
467	5	0.01744 0.09022 0.08485 0.03901 0.02673 0.03084 0.04614 0.66477 
468	5	0.02548 0.07556 0.04659 0.02904 0.02324 0.02411 0.33632 0.43965 
469	5	0.13024 0.11925 0.17930 0.03837 0.03182 0.02469 0.06681 0.40952 
470	5	0.27177 0.14666 0.08628 0.06793 0.06521 0.07568 0.13225 0.15421 
471	5	0.20507 0.34917 0.05369 0.02865 0.02418 0.02319 0.01913 0.29692 
472	5	0.03740 0.20586 0.13693 0.09332 0.10785 0.07544 0.00668 0.33652 
473	5	0.03737 0.23604 0.11785 0.08714 0.09766 0.06639 0.01143 0.34611 
474	5	0.05261 0.06417 0.02403 0.03030 0.02184 0.04702 0.40394 0.35609 
475	5	0.11072 0.25370 0.27406 0.22178 0.09956 0.02217 0.01461 0.00339 
476	5	0.07234 0.19776 0.16857 0.07420 0.07221 0.13794 0.22476 0.05222 
477	5	0.03441 0.09275 0.11963 0.20274 0.14857 0.30907 0.07204 0.02079 
478	5	0.07588 0.09190 0.10173 0.09176 0.13720 0.11142 0.04413 0.34598 
479	5	0.02107 0.08282 0.12658 0.13610 0.10141 0.09613 0.07968 0.35622 
480	5	0.11307 0.23428 0.18054 0.13421 0.04732 0.03775 0.07582 0.17701 
481	5	0.01684 0.12633 0.10747 0.14387 0.18381 0.06927 0.02470 0.32771 
482	5	0.00590 0.53627 0.06489 0.03466 0.02455 0.01502 0.00580 0.31291 
483	5	0.27475 0.20806 0.04701 0.03174 0.02836 0.02275 0.00580 0.38152 
484	5	0.00340 0.19875 0.12473 0.14130 0.08366 0.05054 0.01259 0.38502 
485	5	0.02462 0.37504 0.11614 0.06486 0.02815 0.01967 0.00886 0.36265 
486	5	0.28547 0.22452 0.08171 0.03963 0.02388 0.01124 0.00293 0.33063 
487	5	0.05299 0.07310 0.05955 0.08065 0.18119 0.10922 0.07446 0.36885 
488	5	0.40616 0.12962 0.09387 0.02267 0.01243 0.00755 0.00477 0.32294 
489	5	0.00686 0.52333 0.08194 0.03700 0.00997 0.00563 0.00311 0.33215 
490	5	0.06611 0.37902 0.06875 0.06646 0.03509 0.02352 0.01720 0.34385 
491	5	0.07604 0.40762 0.06626 0.04365 0.02693 0.01693 0.01048 0.35209 
492	5	0.04133 0.34978 0.06776 0.06530 0.03465 0.02618 0.03426 0.38074 
493	5	0.03482 0.46132 0.06583 0.04084 0.02551 0.01414 0.01086 0.34668 
494	5	0.01941 0.38666 0.06780 0.08438 0.03777 0.03355 0.02251 0.34792 
495	5	0.18328 0.26153 0.04964 0.04222 0.02241 0.01457 0.00957 0.41678 
496	5	0.07241 0.10535 0.15009 0.10341 0.08443 0.21215 0.17405 0.09812 
497	5	0.04245 0.10174 0.11366 0.16434 0.07914 0.33726 0.06881 0.09261 
498	5	0.00696 0.06831 0.13999 0.16971 0.06632 0.25480 0.04260 0.25132 
499	5	0.09239 0.05493 0.03645 0.02655 0.02140 0.02268 0.03132 0.71426 
500	6	0.00025 0.00525 0.02004 0.05010 0.07959 0.11161 0.19689 0.53628 
501	6	0.00526 0.13247 0.09880 0.16090 0.14067 0.16610 0.15481 0.14098 
502	6	0.00197 0.20029 0.06608 0.11604 0.26433 0.20094 0.09530 0.05505 
503	6	0.75896 0.05172 0.02413 0.01951 0.06216 0.03378 0.02346 0.02627 
504	6	0.00157 0.03277 0.07532 0.08449 0.06408 0.07023 0.15103 0.52053 
505	6	0.00232 0.02127 0.04146 0.07392 0.08255 0.11793 0.15339 0.50716 
506	6	0.80233 0.10174 0.00682 0.00810 0.02221 0.02203 0.01968 0.01707 
507	6	0.11429 0.12342 0.14013 0.02171 0.01391 0.01102 0.01440 0.56112 
508	6	0.00808 0.13770 0.22504 0.05504 0.02466 0.02150 0.02296 0.50502 
509	6	0.00113 0.01662 0.03040 0.03840 0.20148 0.27449 0.28261 0.15487 
510	6	0.00180 0.07732 0.20399 0.09327 0.15601 0.24616 0.05970 0.16175 
511	6	0.00502 0.01877 0.05258 0.07772 0.09679 0.10535 0.12910 0.51467 
512	6	0.10222 0.04048 0.03424 0.04428 0.05070 0.07861 0.05121 0.59826 
513	6	0.07109 0.22126 0.45717 0.11942 0.05379 0.05822 0.01643 0.00262 
514	6	0.00905 0.04449 0.07024 0.07624 0.07218 0.11742 0.15997 0.45041 
515	6	0.36302 0.07420 0.08518 0.09452 0.09357 0.09667 0.10532 0.08753 
516	6	0.00844 0.11795 0.06939 0.06594 0.09801 0.51797 0.08791 0.03440 
517	6	0.01362 0.02646 0.06869 0.15469 0.25258 0.17484 0.04065 0.26847 
518	6	0.11365 0.03585 0.03353 0.03112 0.04342 0.08916 0.25482 0.39846 
519	6	0.02060 0.07836 0.05817 0.16421 0.31706 0.31965 0.03860 0.00336 
520	6	0.03779 0.09929 0.09287 0.07853 0.07326 0.03880 0.03114 0.54831 
521	6	0.00664 0.08506 0.15808 0.20174 0.35366 0.14332 0.04500 0.00650 
522	6	0.14185 0.25115 0.12016 0.30563 0.15327 0.00720 0.00887 0.01187 
523	6	0.18938 0.13227 0.07942 0.15072 0.39902 0.01658 0.01668 0.01593 
524	6	0.05064 0.21081 0.18431 0.14182 0.11767 0.11659 0.15187 0.02630 
525	6	0.09583 0.10251 0.04676 0.10326 0.11179 0.12129 0.11495 0.30362 
526	6	0.04273 0.68462 0.04359 0.06463 0.06983 0.04814 0.03283 0.01363 
527	6	0.02702 0.07637 0.06156 0.04107 0.03397 0.03710 0.08486 0.63806 
528	6	0.00036 0.00925 0.04413 0.20821 0.21313 0.46587 0.04129 0.01776 
529	6	0.00145 0.08150 0.12220 0.09463 0.21387 0.09048 0.38345 0.01242 
530	6	0.00208 0.02326 0.16643 0.08079 0.08176 0.08610 0.14074 0.41883 
531	6	0.00156 0.00871 0.04273 0.33410 0.32270 0.17606 0.08896 0.02519 
532	6	0.06466 0.09854 0.04650 0.42184 0.16664 0.06993 0.09274 0.03915 
533	6	0.07583 0.15732 0.06346 0.08090 0.11758 0.12788 0.26378 0.11326 
534	6	0.16290 0.13380 0.17431 0.26701 0.20523 0.03187 0.01546 0.00941 
535	6	0.00280 0.03561 0.03881 0.18826 0.55074 0.12870 0.04863 0.00644 
536	6	0.00434 0.12700 0.16979 0.13076 0.15913 0.24387 0.14382 0.02129 
537	6	0.00535 0.03730 0.04876 0.19115 0.54396 0.10537 0.05909 0.00902 
538	6	0.00041 0.00190 0.01034 0.04323 0.13067 0.28021 0.51804 0.01520 
539	6	0.00241 0.01667 0.02800 0.03796 0.05308 0.05156 0.01910 0.79123 
540	6	0.00196 0.05755 0.07915 0.14473 0.12229 0.53687 0.03051 0.02695 
541	6	0.11453 0.03844 0.03281 0.04687 0.09731 0.10648 0.12121 0.44234 
542	6	0.11766 0.03129 0.02954 0.05778 0.10110 0.12930 0.13570 0.39764 
543	6	0.00696 0.02491 0.03430 0.04602 0.09268 0.12711 0.12899 0.53904 
544	6	0.01531 0.02976 0.04436 0.07638 0.10093 0.13989 0.08973 0.50364 
545	6	0.03446 0.02723 0.04734 0.06119 0.07572 0.13477 0.15338 0.46590 
546	6	0.17472 0.04909 0.02900 0.04805 0.08262 0.11994 0.08978 0.40680 
547	6	0.13374 0.03408 0.03030 0.04726 0.07927 0.09030 0.09887 0.48618 
548	6	0.01188 0.03234 0.03599 0.03968 0.05101 0.09405 0.15462 0.58042 
549	6	0.01185 0.02345 0.04638 0.05815 0.05559 0.06641 0.12777 0.61040 
550	6	0.01553 0.02203 0.03601 0.07234 0.09920 0.18181 0.11957 0.45350 
551	6	0.02380 0.05446 0.05391 0.06074 0.13033 0.18450 0.10601 0.38626 
552	6	0.00823 0.01367 0.02729 0.04179 0.06038 0.12102 0.22084 0.50677 
553	6	0.17351 0.04478 0.02510 0.03940 0.08135 0.13363 0.05484 0.44739 
554	6	0.02495 0.06182 0.12122 0.07689 0.05772 0.06080 0.11481 0.48180 
555	6	0.02498 0.02915 0.04900 0.07750 0.07772 0.08799 0.11652 0.53713 
556	6	0.03596 0.03098 0.03756 0.04902 0.06227 0.09085 0.14002 0.55333 
557	6	0.02832 0.03329 0.04038 0.08190 0.12972 0.15768 0.13036 0.39834 
558	6	0.02251 0.01608 0.02077 0.05087 0.07396 0.10875 0.15996 0.54711 
559	6	0.02706 0.02530 0.01967 0.03302 0.08805 0.09733 0.11515 0.59442 
560	6	0.00062 0.04063 0.08124 0.09639 0.12053 0.09953 0.09142 0.46965 
561	6	0.01180 0.18378 0.08953 0.05890 0.10976 0.49637 0.02157 0.02829 
562	6	0.01561 0.22590 0.08101 0.05761 0.15826 0.44480 0.00848 0.00833 
563	6	0.03762 0.08483 0.06098 0.28057 0.15085 0.21978 0.14596 0.01942 
