600	6	16
0	1	0.00000 0.00682 0.00072 0.00066 0.00789 0.14250 0.16618 0.36356 0.00017 0.01328 0.01877 0.01891 0.03476 0.08773 0.09015 0.04792 
1	1	0.00000 0.02705 0.00221 0.01820 0.01002 0.00573 0.29805 0.45733 0.00103 0.02281 0.01976 0.02457 0.02398 0.01179 0.04367 0.03380 
2	1	0.00039 0.01277 0.00068 0.00726 0.10837 0.18561 0.08579 0.19610 0.00384 0.02813 0.01690 0.03701 0.11003 0.11066 0.07001 0.02645 
3	1	0.00000 0.00465 0.00130 0.02950 0.26653 0.02489 0.02926 0.12577 0.00353 0.02567 0.02407 0.10489 0.18431 0.10551 0.04992 0.02018 
4	1	0.00000 0.00145 0.01759 0.00345 0.18252 0.10830 0.01661 0.19745 0.00020 0.01343 0.03737 0.03715 0.17004 0.15144 0.03396 0.02901 
5	1	0.00007 0.00434 0.00457 0.07767 0.02403 0.00291 0.27098 0.27526 0.00329 0.02629 0.03675 0.10073 0.07343 0.02247 0.04301 0.03420 
6	1	0.00003 0.00093 0.00040 0.02895 0.01757 0.00435 0.15817 0.48640 0.00270 0.01343 0.01512 0.04550 0.06000 0.05378 0.08181 0.03086 
7	1	0.00000 0.00104 0.00258 0.00556 0.19618 0.15854 0.00421 0.12208 0.00002 0.01043 0.03070 0.04766 0.17834 0.16823 0.04249 0.03194 
8	1	0.00000 0.00052 0.00726 0.00345 0.06907 0.10366 0.01326 0.45197 0.00016 0.00704 0.03069 0.03416 0.10432 0.10023 0.03999 0.03421 
9	1	0.00000 0.06077 0.00120 0.06408 0.24612 0.00015 0.00188 0.41126 0.00096 0.03045 0.01984 0.05630 0.05064 0.01247 0.01717 0.02675 
10	1	0.00000 0.00729 0.02236 0.00839 0.13935 0.08934 0.02731 0.35519 0.00026 0.02584 0.05081 0.04935 0.09044 0.07451 0.03332 0.02625 
11	1	0.00003 0.00447 0.00208 0.00844 0.01246 0.00144 0.63829 0.16214 0.00347 0.01675 0.01766 0.02499 0.02046 0.01433 0.04702 0.02596 
12	1	0.00158 0.02226 0.02018 0.02825 0.01096 0.02889 0.23453 0.24923 0.00848 0.07014 0.08004 0.07956 0.04076 0.03777 0.05199 0.03538 
13	1	0.00000 0.00699 0.00605 0.00463 0.01430 0.00228 0.41302 0.33673 0.00260 0.02093 0.02480 0.02070 0.02446 0.01617 0.06025 0.04610 
14	1	0.00000 0.00516 0.05607 0.05902 0.21278 0.09078 0.02872 0.03235 0.00001 0.01978 0.07704 0.09374 0.14147 0.12241 0.04191 0.01874 
15	1	0.00000 0.01866 0.01499 0.00349 0.02500 0.04652 0.15966 0.39857 0.00013 0.02333 0.03844 0.03148 0.05198 0.06879 0.06768 0.05127 
16	1	0.00000 0.00949 0.02025 0.04844 0.09942 0.17007 0.03094 0.07964 0.00068 0.02029 0.07316 0.13223 0.16394 0.09665 0.03742 0.01739 
17	1	0.00000 0.01193 0.00938 0.02437 0.10645 0.27769 0.02319 0.09412 0.00036 0.01815 0.03846 0.06767 0.12716 0.12009 0.05195 0.02902 
18	1	0.00000 0.00103 0.00557 0.00875 0.07397 0.15742 0.09942 0.40551 0.00004 0.00995 0.02846 0.03466 0.06270 0.05070 0.03007 0.03176 
19	1	0.00003 0.00889 0.00185 0.10654 0.03417 0.01517 0.03134 0.46949 0.00526 0.03077 0.02975 0.06407 0.06847 0.04387 0.04921 0.04111 
20	1	0.00000 0.00587 0.00322 0.00344 0.00269 0.21884 0.24142 0.23960 0.00027 0.01443 0.02241 0.02448 0.04578 0.09119 0.05516 0.03121 
21	1	0.00000 0.00095 0.02342 0.01377 0.04814 0.09641 0.06003 0.32667 0.00029 0.01318 0.06922 0.06918 0.10344 0.08729 0.06168 0.02631 
22	1	0.00028 0.00968 0.00313 0.00727 0.00822 0.23830 0.29430 0.25433 0.00192 0.01735 0.01784 0.02241 0.02125 0.03809 0.04136 0.02428 
23	1	0.00000 0.00204 0.00643 0.00177 0.11013 0.01544 0.35967 0.22310 0.00025 0.01148 0.02974 0.02593 0.05955 0.06000 0.05656 0.03790 
24	1	0.00016 0.00225 0.00253 0.01448 0.03806 0.30028 0.32757 0.11762 0.00298 0.01240 0.01637 0.02326 0.02431 0.04180 0.05224 0.02366 
25	1	0.00003 0.01059 0.05471 0.02215 0.06195 0.03108 0.14049 0.16887 0.00339 0.04025 0.08343 0.07863 0.12211 0.08150 0.05990 0.04092 
26	1	0.00008 0.01752 0.04777 0.02203 0.05271 0.03589 0.12518 0.12784 0.00590 0.05161 0.09773 0.08650 0.13634 0.08091 0.06777 0.04420 
27	1	0.00000 0.00117 0.00887 0.04117 0.08678 0.01622 0.27768 0.17784 0.00004 0.01292 0.04632 0.08565 0.09369 0.04981 0.05695 0.04489 
28	1	0.00000 0.00845 0.01900 0.07588 0.03444 0.04409 0.29709 0.11293 0.00002 0.02862 0.07850 0.09403 0.05554 0.06283 0.06128 0.02731 
29	1	0.00000 0.02185 0.02387 0.01108 0.13459 0.02177 0.08149 0.26147 0.00004 0.04049 0.06971 0.06795 0.11690 0.06870 0.04828 0.03180 
30	1	0.00000 0.00716 0.01810 0.00720 0.01478 0.00761 0.27687 0.47762 0.00120 0.01758 0.03176 0.02702 0.03005 0.01688 0.03568 0.03050 
31	1	0.00000 0.02289 0.01479 0.00840 0.02436 0.03412 0.17227 0.21835 0.00021 0.05909 0.10114 0.09281 0.09250 0.06936 0.06006 0.02966 
32	1	0.00000 0.00120 0.00367 0.00902 0.20816 0.01202 0.03352 0.49118 0.00303 0.01057 0.01571 0.04253 0.06970 0.03044 0.03518 0.03408 
33	1	0.00366 0.01052 0.00065 0.03271 0.08550 0.05973 0.10540 0.30273 0.01270 0.02817 0.01142 0.06196 0.10839 0.07984 0.06451 0.03211 
34	1	0.00000 0.00362 0.03653 0.00307 0.12262 0.06648 0.04926 0.23036 0.00002 0.02586 0.07046 0.04343 0.12005 0.13204 0.06095 0.03526 
35	1	0.00004 0.02391 0.01464 0.08078 0.05048 0.03441 0.07703 0.35839 0.00214 0.01467 0.05633 0.09579 0.06556 0.04865 0.04235 0.03481 
36	1	0.00000 0.03771 0.02603 0.24047 0.02902 0.00085 0.00360 0.36152 0.00057 0.03668 0.04796 0.11001 0.05774 0.01143 0.01491 0.02153 
37	1	0.00000 0.00002 0.00000 0.00000 0.01668 0.07669 0.02558 0.67550 0.00108 0.00151 0.00106 0.00223 0.02059 0.06750 0.05515 0.05639 
38	1	0.00000 0.00226 0.00180 0.01629 0.02841 0.06052 0.09381 0.43366 0.00003 0.01144 0.02776 0.03545 0.06950 0.10693 0.07783 0.03432 
39	1	0.00000 0.01636 0.01504 0.00171 0.08184 0.10242 0.15495 0.23969 0.00001 0.01275 0.02877 0.02723 0.09083 0.12082 0.07217 0.03539 
40	1	0.00000 0.00744 0.00896 0.01005 0.04497 0.16783 0.00705 0.44623 0.00002 0.01690 0.04079 0.03926 0.06779 0.08240 0.03344 0.02688 
41	1	0.00004 0.00355 0.00015 0.04317 0.06887 0.00731 0.40430 0.17104 0.00141 0.01057 0.00951 0.04366 0.07435 0.05509 0.07607 0.03089 
42	1	0.00048 0.07053 0.00336 0.00503 0.00336 0.14373 0.39978 0.16723 0.00841 0.03043 0.01885 0.01607 0.01266 0.03708 0.05931 0.02371 
43	1	0.00000 0.00181 0.00234 0.01580 0.03408 0.01818 0.43195 0.15515 0.00279 0.01212 0.01469 0.03400 0.07379 0.07815 0.10018 0.02498 
44	1	0.00000 0.02303 0.01560 0.01634 0.04509 0.06232 0.16993 0.14314 0.00025 0.02708 0.09122 0.09635 0.11816 0.10738 0.05872 0.02541 
45	1	0.00000 0.00332 0.00880 0.01050 0.04076 0.12866 0.04733 0.43256 0.00039 0.01010 0.02641 0.03781 0.09604 0.09195 0.03505 0.03031 
46	1	0.00000 0.00274 0.00725 0.03898 0.13128 0.03961 0.01853 0.42799 0.00001 0.01516 0.02956 0.04972 0.09043 0.07487 0.04420 0.02967 
47	1	0.00005 0.00186 0.00067 0.04090 0.29807 0.00579 0.01944 0.27899 0.00189 0.01062 0.01210 0.07897 0.12930 0.04817 0.03403 0.03915 
48	1	0.00000 0.00072 0.00796 0.00225 0.03907 0.00527 0.01294 0.80731 0.00002 0.00456 0.01823 0.01738 0.02718 0.01724 0.01452 0.02536 
49	1	0.00000 0.00074 0.00104 0.00068 0.06171 0.15981 0.09219 0.37446 0.00005 0.00960 0.01724 0.01767 0.06211 0.09701 0.06367 0.04203 
50	1	0.00000 0.01701 0.00699 0.02088 0.08720 0.08140 0.20499 0.22993 0.00017 0.01543 0.05382 0.07621 0.10246 0.04340 0.03145 0.02866 
51	1	0.00000 0.00409 0.00829 0.00273 0.03795 0.12607 0.03192 0.44614 0.00039 0.01281 0.02716 0.02243 0.08172 0.10506 0.05569 0.03756 
52	1	0.00000 0.00337 0.00290 0.00319 0.00822 0.18233 0.03038 0.47396 0.00007 0.00803 0.01673 0.01534 0.03644 0.10612 0.07316 0.03974 
53	1	0.00014 0.00265 0.00075 0.01129 0.14827 0.05029 0.11259 0.35654 0.00240 0.00782 0.00721 0.02188 0.10274 0.09929 0.06091 0.01522 
54	1	0.00000 0.00315 0.00107 0.00117 0.01130 0.20516 0.19972 0.13130 0.00004 0.01032 0.01728 0.02133 0.04858 0.18267 0.14918 0.01772 
55	1	0.00007 0.00078 0.00014 0.02048 0.01048 0.04608 0.51444 0.19446 0.00093 0.00422 0.00411 0.02526 0.02684 0.02857 0.07511 0.04802 
56	1	0.00013 0.01988 0.00641 0.19916 0.00328 0.08093 0.08999 0.25696 0.00488 0.02513 0.03681 0.08102 0.03000 0.04627 0.07002 0.04913 
57	1	0.00000 0.00670 0.01953 0.01171 0.14551 0.03297 0.04528 0.26945 0.00098 0.02809 0.06615 0.07864 0.11197 0.08518 0.05515 0.04268 
58	1	0.00000 0.00103 0.03437 0.03636 0.02310 0.14233 0.02375 0.41425 0.00002 0.00796 0.06403 0.07934 0.06317 0.04783 0.02918 0.03328 
59	1	0.00000 0.00527 0.01405 0.00043 0.00547 0.21225 0.47983 0.07230 0.00002 0.01312 0.02860 0.01684 0.02157 0.06050 0.05760 0.01215 
60	1	0.00000 0.00154 0.00084 0.00811 0.03306 0.02830 0.38910 0.22138 0.00510 0.01660 0.01359 0.02966 0.07368 0.06972 0.08472 0.02460 
61	1	0.00012 0.00326 0.00062 0.04869 0.10441 0.00076 0.28797 0.26150 0.00571 0.01793 0.01837 0.07857 0.09304 0.01690 0.03358 0.02857 
62	1	0.00000 0.00918 0.01107 0.04642 0.02257 0.09245 0.14219 0.24310 0.00011 0.01974 0.06093 0.10234 0.07901 0.07583 0.06363 0.03146 
63	1	0.00000 0.00181 0.00887 0.00627 0.10453 0.11120 0.03609 0.38514 0.00061 0.00818 0.02416 0.03219 0.09676 0.09650 0.05271 0.03499 
64	1	0.00000 0.00271 0.00552 0.00211 0.03865 0.14667 0.20166 0.31172 0.00007 0.01219 0.02680 0.03078 0.07292 0.07037 0.04197 0.03585 
65	1	0.00000 0.00513 0.00031 0.02714 0.01049 0.01634 0.29852 0.39379 0.00168 0.01210 0.00928 0.04097 0.05001 0.04070 0.06502 0.02853 
66	1	0.00021 0.00297 0.00242 0.01247 0.01494 0.00561 0.18928 0.59529 0.00345 0.01247 0.01332 0.02190 0.02502 0.02413 0.04672 0.02980 
67	1	0.00000 0.00226 0.01603 0.03153 0.19370 0.05000 0.00084 0.34402 0.00006 0.00944 0.03474 0.07048 0.13287 0.07939 0.01181 0.02283 
68	1	0.00065 0.00620 0.00404 0.04089 0.05310 0.15881 0.00853 0.42331 0.01244 0.03311 0.03185 0.05850 0.06491 0.05709 0.02570 0.02088 
69	1	0.00000 0.00549 0.00987 0.00308 0.01323 0.07031 0.13499 0.45982 0.00001 0.02093 0.03489 0.02120 0.03457 0.09371 0.07825 0.01965 
70	1	0.00001 0.00484 0.00155 0.00825 0.02384 0.00958 0.00747 0.79843 0.00311 0.01910 0.01586 0.01942 0.02463 0.02136 0.01653 0.02601 
71	1	0.00000 0.00639 0.01280 0.02189 0.03295 0.00281 0.00002 0.75987 0.00061 0.01723 0.03247 0.03854 0.02737 0.01368 0.00884 0.02452 
72	1	0.00000 0.00239 0.00420 0.00373 0.00921 0.03142 0.13693 0.51844 0.00031 0.01131 0.02019 0.01714 0.02465 0.08404 0.09885 0.03720 
73	1	0.00178 0.00405 0.01559 0.16373 0.05007 0.09866 0.09559 0.12274 0.01775 0.04027 0.06682 0.11819 0.08401 0.05532 0.04213 0.02330 
74	1	0.00010 0.01827 0.00436 0.03364 0.01547 0.00105 0.71014 0.04078 0.00175 0.02113 0.02232 0.03076 0.02420 0.01343 0.04547 0.01713 
75	1	0.00000 0.00201 0.00225 0.00326 0.03013 0.07785 0.29399 0.20360 0.00004 0.01051 0.01871 0.02351 0.05795 0.10526 0.12084 0.05008 
76	1	0.00000 0.01370 0.01416 0.00667 0.07433 0.20484 0.02992 0.22722 0.00006 0.02687 0.05736 0.05547 0.09370 0.10353 0.05496 0.03721 
77	1	0.00000 0.00221 0.01778 0.02350 0.03578 0.04753 0.09505 0.42110 0.00001 0.01004 0.03254 0.03999 0.04660 0.09867 0.09336 0.03583 
78	1	0.00000 0.04366 0.08775 0.00613 0.02709 0.02083 0.17639 0.19127 0.00003 0.03663 0.08870 0.05640 0.07332 0.09100 0.06982 0.03098 
79	1	0.00000 0.02050 0.01333 0.00029 0.00399 0.02382 0.24998 0.22873 0.00006 0.03355 0.04875 0.01729 0.03258 0.09661 0.15949 0.07103 
80	1	0.00000 0.00558 0.00448 0.00205 0.12223 0.18796 0.04037 0.13460 0.00002 0.01133 0.03505 0.03665 0.17876 0.17763 0.03489 0.02840 
81	1	0.00000 0.02313 0.00573 0.00475 0.09784 0.06503 0.08656 0.36910 0.00017 0.02149 0.03302 0.03462 0.09446 0.07967 0.03891 0.04553 
82	1	0.00000 0.00996 0.02191 0.00215 0.02554 0.13896 0.06001 0.33623 0.00037 0.02247 0.04511 0.02808 0.07134 0.13384 0.07050 0.03351 
83	1	0.00000 0.00470 0.01357 0.01742 0.03681 0.21684 0.05554 0.19958 0.00018 0.01907 0.05660 0.08116 0.11124 0.09246 0.05817 0.03668 
84	1	0.00000 0.00773 0.00773 0.00056 0.00423 0.05514 0.18477 0.40244 0.00027 0.01599 0.02821 0.01849 0.02970 0.08994 0.10896 0.04582 
85	1	0.00000 0.00150 0.05725 0.05166 0.02306 0.02753 0.06477 0.40075 0.00004 0.01208 0.07734 0.10129 0.05535 0.04535 0.04467 0.03737 
86	1	0.00047 0.00673 0.01067 0.00918 0.13976 0.00490 0.28024 0.16277 0.00743 0.02714 0.03236 0.04833 0.10009 0.04719 0.08229 0.04045 
87	1	0.00342 0.01674 0.23771 0.02070 0.01510 0.04805 0.14408 0.15620 0.00472 0.02981 0.07655 0.05695 0.04823 0.06181 0.05591 0.02403 
88	1	0.00130 0.01883 0.01616 0.00666 0.02742 0.20247 0.00951 0.41213 0.01067 0.04108 0.04508 0.02532 0.04617 0.06149 0.03458 0.04112 
89	1	0.00000 0.01384 0.00623 0.00187 0.02760 0.15912 0.35913 0.22049 0.00177 0.02260 0.02939 0.01685 0.03594 0.04757 0.03873 0.01888 
90	1	0.00000 0.00738 0.00094 0.00527 0.01949 0.06695 0.12618 0.37577 0.00001 0.01603 0.02800 0.02955 0.06933 0.10849 0.08811 0.05849 
91	1	0.00000 0.00396 0.00150 0.00194 0.13343 0.39376 0.16368 0.03382 0.00005 0.01157 0.01872 0.01925 0.05835 0.09609 0.05398 0.00990 
92	1	0.00002 0.00033 0.00479 0.03805 0.12488 0.00801 0.12093 0.31267 0.00159 0.00716 0.01773 0.07968 0.12168 0.04286 0.07297 0.04664 
93	1	0.00000 0.00214 0.01605 0.00181 0.02512 0.06696 0.22626 0.26100 0.00007 0.00623 0.03296 0.02664 0.07392 0.11036 0.10067 0.04980 
94	1	0.00000 0.00165 0.00606 0.00184 0.03435 0.10121 0.05287 0.38672 0.00006 0.01245 0.03933 0.03655 0.07797 0.12621 0.08216 0.04057 
95	1	0.00000 0.00387 0.01500 0.01681 0.08818 0.22258 0.06428 0.14831 0.00006 0.01001 0.04499 0.05521 0.13155 0.14720 0.03378 0.01818 
96	1	0.00000 0.01638 0.02094 0.00400 0.04728 0.06868 0.03663 0.33945 0.00012 0.03301 0.06789 0.05313 0.11091 0.10154 0.06107 0.03896 
97	1	0.00000 0.00493 0.00665 0.01222 0.04103 0.05695 0.06593 0.27099 0.00005 0.02626 0.05564 0.05799 0.10702 0.15985 0.10494 0.02956 
98	1	0.00000 0.05234 0.03473 0.01585 0.03225 0.02972 0.19593 0.24477 0.00005 0.03795 0.06740 0.04314 0.04705 0.06321 0.08272 0.05289 
99	1	0.00000 0.00003 0.00171 0.00268 0.04998 0.07730 0.00789 0.66530 0.00016 0.00244 0.01128 0.02339 0.05832 0.04536 0.01644 0.03772 
100	2	0.00374 0.00854 0.01814 0.00007 0.01755 0.07419 0.07940 0.39007 0.01187 0.05568 0.09207 0.02512 0.07379 0.06618 0.04180 0.04180 
101	2	0.00000 0.00008 0.00000 0.00831 0.03323 0.02275 0.02794 0.50591 0.00001 0.00101 0.00200 0.04558 0.12099 0.10209 0.07177 0.05831 
102	2	0.00000 0.00000 0.00396 0.00823 0.15749 0.12417 0.07625 0.02226 0.00001 0.00329 0.07380 0.08899 0.22397 0.13219 0.06794 0.01745 
103	2	0.00000 0.00000 0.00005 0.00003 0.02259 0.04029 0.00522 0.61424 0.00008 0.00231 0.00761 0.00826 0.04512 0.10268 0.06803 0.08350 
104	2	0.00000 0.00002 0.00052 0.00007 0.01403 0.02812 0.00211 0.51835 0.00219 0.01239 0.03518 0.03542 0.12659 0.14721 0.03518 0.04261 
105	2	0.00000 0.00000 0.00000 0.00111 0.01173 0.00364 0.02098 0.67364 0.00002 0.00146 0.00566 0.04686 0.08721 0.05452 0.04104 0.05215 
106	2	0.00000 0.00002 0.00004 0.00006 0.00382 0.01205 0.00010 0.59504 0.00114 0.01632 0.03319 0.04043 0.10096 0.12679 0.02496 0.04508 
107	2	0.00017 0.00158 0.03493 0.00333 0.08967 0.40837 0.00000 0.00000 0.00393 0.02927 0.07091 0.06409 0.16376 0.12916 0.00040 0.00043 
108	2	0.00000 0.00000 0.00400 0.01315 0.08698 0.05397 0.08858 0.17003 0.00008 0.00044 0.03200 0.10892 0.21086 0.12945 0.05939 0.04216 
109	2	0.00000 0.00019 0.00043 0.01775 0.08492 0.06793 0.13821 0.00058 0.00049 0.01707 0.03735 0.11603 0.19541 0.16564 0.14803 0.00999 
110	2	0.00113 0.05526 0.00357 0.01584 0.07028 0.07549 0.16003 0.01007 0.00765 0.08181 0.07033 0.07806 0.13811 0.11098 0.10209 0.01932 
111	2	0.00000 0.00000 0.00000 0.00619 0.04993 0.04349 0.34386 0.05689 0.00012 0.00248 0.00611 0.07011 0.14769 0.13380 0.10566 0.03367 
112	2	0.00000 0.00000 0.00000 0.00924 0.02571 0.00589 0.00087 0.55021 0.00015 0.01144 0.02046 0.04457 0.07650 0.10427 0.05939 0.09129 
113	2	0.01087 0.01053 0.17145 0.02594 0.22107 0.06333 0.00320 0.00215 0.00931 0.04786 0.11391 0.04849 0.14161 0.09229 0.03158 0.00641 
114	2	0.02654 0.01023 0.42520 0.02369 0.02667 0.00359 0.00204 0.00000 0.03051 0.05991 0.11758 0.06830 0.11506 0.06876 0.02090 0.00103 
115	2	0.00000 0.00000 0.00000 0.00000 0.03205 0.19461 0.30726 0.05308 0.00024 0.00109 0.00647 0.01209 0.06664 0.16114 0.11238 0.05297 
116	2	0.17635 0.01813 0.02161 0.00280 0.04267 0.30088 0.06844 0.00208 0.03072 0.05816 0.06917 0.02943 0.06817 0.07031 0.03520 0.00588 
117	2	0.00000 0.22088 0.05804 0.00243 0.02814 0.02004 0.01278 0.03936 0.00259 0.14363 0.17298 0.07554 0.13301 0.07209 0.01307 0.00541 
118	2	0.00000 0.00024 0.02824 0.01127 0.01544 0.13346 0.14368 0.17978 0.00220 0.04104 0.08454 0.09035 0.08517 0.09811 0.06196 0.02454 
119	2	0.00000 0.00002 0.00637 0.00709 0.01847 0.19549 0.11184 0.10371 0.00010 0.02390 0.08015 0.08990 0.09740 0.12325 0.10203 0.04027 
120	2	0.00000 0.00000 0.00000 0.00734 0.09160 0.12234 0.04157 0.24721 0.00007 0.00019 0.00089 0.03577 0.16495 0.18695 0.07422 0.02691 
121	2	0.00000 0.00012 0.01801 0.00972 0.01597 0.12964 0.11404 0.10821 0.00040 0.02956 0.10508 0.10394 0.10046 0.11836 0.11087 0.03561 
122	2	0.00000 0.00246 0.01413 0.01564 0.11950 0.31584 0.09124 0.06847 0.00028 0.00562 0.01490 0.05373 0.10112 0.10489 0.07032 0.02185 
123	2	0.00000 0.00012 0.01416 0.00590 0.13383 0.13024 0.00850 0.01767 0.00176 0.01092 0.04301 0.05034 0.15800 0.25654 0.11045 0.05857 
124	2	0.38637 0.02752 0.00339 0.00000 0.00631 0.03701 0.01082 0.00717 0.09039 0.12108 0.07995 0.00789 0.05214 0.08392 0.06485 0.02121 
125	2	0.00000 0.00280 0.02281 0.00504 0.02470 0.00775 0.00623 0.47260 0.00023 0.03276 0.09816 0.08679 0.10624 0.05828 0.03578 0.03983 
126	2	0.00000 0.00003 0.00306 0.00162 0.02583 0.01556 0.01006 0.58866 0.00008 0.01179 0.03485 0.03710 0.12066 0.07503 0.03282 0.04285 
127	2	0.00000 0.00427 0.01978 0.00696 0.05750 0.06256 0.13567 0.03449 0.00056 0.01698 0.06141 0.03858 0.14148 0.18071 0.18194 0.05711 
128	2	0.01329 0.00196 0.00009 0.00003 0.00591 0.32056 0.01124 0.23172 0.05047 0.02335 0.02567 0.01114 0.07167 0.13370 0.04336 0.05582 
129	2	0.00000 0.00927 0.05635 0.06167 0.26879 0.03381 0.02606 0.00698 0.00030 0.02781 0.06910 0.06922 0.11733 0.13976 0.08772 0.02582 
130	2	0.00000 0.00001 0.00026 0.00112 0.00919 0.13635 0.07205 0.28668 0.00005 0.00710 0.02325 0.04163 0.11226 0.19587 0.07651 0.03765 
131	2	0.00000 0.00000 0.00001 0.00068 0.05633 0.02177 0.09566 0.43043 0.00211 0.00476 0.01308 0.04146 0.11208 0.06382 0.10368 0.05414 
132	2	0.00000 0.00000 0.00000 0.00000 0.05276 0.03782 0.49146 0.06276 0.00001 0.00064 0.00665 0.01390 0.07385 0.07898 0.10244 0.07871 
133	2	0.00000 0.00000 0.00025 0.06838 0.32250 0.27551 0.00055 0.00000 0.00002 0.00005 0.00208 0.04589 0.16436 0.11592 0.00434 0.00015 
134	2	0.00000 0.00000 0.00052 0.00639 0.13237 0.20819 0.05880 0.04084 0.00003 0.00630 0.02839 0.03837 0.14668 0.14625 0.12827 0.05861 
135	2	0.00000 0.00003 0.00003 0.00441 0.02069 0.30105 0.26079 0.00272 0.00093 0.01739 0.02876 0.06870 0.11308 0.09196 0.08407 0.00538 
136	2	0.00000 0.00000 0.00001 0.00011 0.00458 0.31652 0.10147 0.26556 0.00034 0.01003 0.01795 0.02339 0.06718 0.11120 0.05361 0.02805 
137	2	0.00000 0.00053 0.05119 0.39271 0.03320 0.00420 0.00011 0.00005 0.00148 0.02148 0.10626 0.13205 0.17366 0.03907 0.02567 0.01834 
138	2	0.00000 0.00000 0.00001 0.00237 0.04212 0.05280 0.00031 0.47400 0.00003 0.00237 0.00900 0.03932 0.15516 0.14417 0.02894 0.04941 
139	2	0.00490 0.32164 0.14669 0.00011 0.00196 0.00339 0.00078 0.00007 0.03527 0.13164 0.12387 0.03999 0.07355 0.07006 0.03339 0.01266 
140	2	0.00000 0.00000 0.00022 0.03857 0.08265 0.04355 0.18045 0.28437 0.00001 0.00004 0.00240 0.04245 0.10741 0.10786 0.07799 0.03203 
141	2	0.00000 0.00004 0.02659 0.00600 0.02476 0.00116 0.00005 0.36566 0.00301 0.04170 0.11620 0.12422 0.16643 0.05502 0.02412 0.04504 
142	2	0.00000 0.00000 0.00004 0.06238 0.10769 0.18934 0.02947 0.33501 0.00001 0.00000 0.00565 0.07695 0.08495 0.05251 0.02671 0.02928 
143	2	0.00000 0.00106 0.06472 0.10416 0.20660 0.04356 0.11893 0.14736 0.00015 0.01131 0.05013 0.06207 0.09821 0.04336 0.03145 0.01694 
144	2	0.00305 0.03740 0.07046 0.13043 0.04665 0.01223 0.02232 0.00342 0.02702 0.07650 0.14061 0.12085 0.15589 0.09107 0.05064 0.01144 
145	2	0.00000 0.06524 0.01343 0.00312 0.01229 0.05134 0.02798 0.11712 0.00192 0.09583 0.12223 0.10722 0.12934 0.13644 0.07446 0.04203 
146	2	0.00000 0.00001 0.10983 0.00636 0.05043 0.10004 0.12229 0.03630 0.00187 0.02495 0.14832 0.08438 0.13880 0.07922 0.06276 0.03443 
147	2	0.00000 0.04124 0.01492 0.00452 0.01517 0.07854 0.04174 0.10762 0.00125 0.07946 0.11298 0.10404 0.11788 0.14182 0.09145 0.04740 
148	2	0.00000 0.00002 0.02439 0.01092 0.01024 0.04003 0.06477 0.47764 0.00060 0.00623 0.03186 0.03953 0.08687 0.08746 0.06050 0.05893 
149	2	0.00000 0.00003 0.02689 0.00984 0.02963 0.08353 0.47059 0.00000 0.00047 0.00591 0.04222 0.04185 0.11581 0.09905 0.07390 0.00028 
150	2	0.00000 0.00014 0.00403 0.00016 0.02004 0.01396 0.00903 0.51135 0.00068 0.02583 0.06463 0.03348 0.11832 0.09087 0.04578 0.06168 
151	2	0.00003 0.01770 0.00461 0.00438 0.06843 0.08073 0.08133 0.25214 0.00046 0.01690 0.03272 0.05281 0.12789 0.13322 0.08010 0.04658 
152	2	0.00000 0.00012 0.01416 0.00612 0.07431 0.21582 0.03388 0.00482 0.00004 0.00905 0.05560 0.05469 0.20309 0.23765 0.08074 0.00993 
153	2	0.00000 0.00001 0.01172 0.00696 0.07146 0.14947 0.07722 0.00604 0.00001 0.01004 0.06136 0.05837 0.21376 0.23234 0.08444 0.01679 
154	2	0.00000 0.00553 0.03922 0.00165 0.01303 0.01679 0.15293 0.03598 0.01713 0.06621 0.13493 0.08500 0.18855 0.13126 0.09163 0.02018 
155	2	0.00000 0.00144 0.00270 0.00000 0.00571 0.00857 0.42777 0.10410 0.00889 0.05976 0.08204 0.03095 0.07398 0.06517 0.09326 0.03563 
156	2	0.00000 0.01351 0.17175 0.14513 0.02995 0.01584 0.01866 0.02977 0.00512 0.08243 0.12403 0.06982 0.09206 0.10020 0.06724 0.03449 
157	2	0.00014 0.00571 0.01768 0.00150 0.01954 0.01133 0.33432 0.04159 0.00393 0.04156 0.07220 0.04614 0.08426 0.10618 0.14568 0.06823 
158	2	0.00000 0.00000 0.04560 0.00000 0.09108 0.00103 0.01685 0.48365 0.00001 0.00089 0.10333 0.00000 0.13776 0.02889 0.04460 0.04630 
159	2	0.00000 0.00012 0.00043 0.00032 0.00253 0.00839 0.20696 0.31116 0.00006 0.01556 0.04329 0.02453 0.06487 0.11995 0.14178 0.06004 
160	2	0.00000 0.00003 0.00004 0.00467 0.07008 0.02793 0.51481 0.00429 0.00003 0.00235 0.00484 0.04421 0.10095 0.09473 0.11179 0.01926 
161	2	0.00000 0.00000 0.00000 0.06093 0.08529 0.16765 0.09175 0.05188 0.00023 0.00580 0.00882 0.03294 0.10490 0.21899 0.13116 0.03967 
162	2	0.00000 0.00000 0.00469 0.00804 0.02064 0.05001 0.20566 0.00197 0.00020 0.02575 0.04720 0.07606 0.11105 0.16748 0.19967 0.08157 
163	2	0.00000 0.00000 0.37126 0.01307 0.08055 0.07039 0.00413 0.00087 0.00007 0.00177 0.09124 0.08734 0.16300 0.09782 0.01649 0.00200 
164	2	0.00000 0.00000 0.00013 0.63752 0.08203 0.04628 0.00621 0.00309 0.00002 0.00107 0.01084 0.05311 0.07923 0.04974 0.02740 0.00333 
165	2	0.00000 0.00035 0.02936 0.00335 0.08473 0.08518 0.28052 0.09085 0.00209 0.02168 0.08302 0.06476 0.12900 0.06186 0.04071 0.02255 
166	2	0.00000 0.00049 0.00021 0.00094 0.04593 0.09063 0.10748 0.48358 0.00017 0.00802 0.01225 0.02023 0.04067 0.06907 0.06112 0.05919 
167	2	0.00001 0.04176 0.00801 0.00037 0.00701 0.01980 0.15743 0.35943 0.00261 0.05848 0.07048 0.02859 0.06714 0.06888 0.06165 0.04837 
168	2	0.00415 0.00703 0.00128 0.00118 0.00810 0.03302 0.07547 0.46154 0.00828 0.03072 0.02822 0.02155 0.05953 0.10017 0.09088 0.06889 
169	2	0.00000 0.00001 0.00117 0.00324 0.07813 0.03725 0.02676 0.31079 0.00080 0.00534 0.04401 0.04514 0.17022 0.10568 0.09793 0.07355 
170	2	0.00000 0.00000 0.00035 0.00105 0.00349 0.01038 0.01789 0.43028 0.00021 0.01007 0.03309 0.04424 0.11143 0.15829 0.09934 0.07990 
171	2	0.00000 0.00068 0.03469 0.00905 0.11872 0.15498 0.00073 0.14353 0.00299 0.03022 0.12255 0.07125 0.19073 0.08897 0.01462 0.01630 
172	2	0.00000 0.00031 0.00950 0.00974 0.04461 0.21085 0.14052 0.00667 0.00080 0.01294 0.04935 0.04387 0.11733 0.22369 0.11943 0.01039 
173	2	0.00332 0.45747 0.04872 0.00000 0.00007 0.00124 0.01312 0.03148 0.04575 0.14657 0.08704 0.01392 0.01812 0.04222 0.06534 0.02562 
174	2	0.00002 0.01008 0.04306 0.01505 0.06271 0.08468 0.24951 0.00860 0.00100 0.02595 0.05589 0.04190 0.06759 0.15321 0.16071 0.02003 
175	2	0.00000 0.00439 0.01000 0.00621 0.03785 0.05408 0.02480 0.51544 0.00212 0.02776 0.05145 0.03519 0.08904 0.07592 0.02686 0.03889 
176	2	0.00036 0.00782 0.01396 0.00034 0.00870 0.02455 0.14354 0.16467 0.00661 0.08364 0.14050 0.04905 0.12458 0.09799 0.08425 0.04945 
177	2	0.00000 0.00030 0.00638 0.00217 0.02157 0.04929 0.13231 0.16950 0.00088 0.05017 0.07656 0.04597 0.12621 0.12926 0.12505 0.06437 
178	2	0.00000 0.00016 0.09066 0.34126 0.06693 0.01887 0.00818 0.05929 0.00082 0.01410 0.08582 0.11928 0.09932 0.04743 0.01648 0.03140 
179	2	0.00000 0.00006 0.01295 0.00173 0.03598 0.05332 0.03800 0.49737 0.00012 0.00482 0.03107 0.03646 0.08935 0.09037 0.05551 0.05289 
180	2	0.00000 0.00109 0.01491 0.00136 0.01687 0.06045 0.04960 0.11506 0.00404 0.06117 0.11829 0.06883 0.20631 0.18219 0.06427 0.03556 
181	2	0.00000 0.00084 0.00182 0.05358 0.14059 0.03810 0.21439 0.00000 0.00325 0.01818 0.03722 0.11339 0.17595 0.11102 0.09007 0.00160 
182	2	0.00000 0.00000 0.00000 0.05831 0.13348 0.07015 0.06067 0.03676 0.00077 0.00285 0.00352 0.06106 0.16237 0.21676 0.16176 0.03155 
183	2	0.00000 0.00000 0.00028 0.09139 0.16537 0.02087 0.23093 0.03167 0.00021 0.00809 0.02118 0.10525 0.13595 0.05659 0.10126 0.03097 
184	2	0.36196 0.08168 0.03387 0.00664 0.00603 0.01654 0.00484 0.00006 0.08455 0.17718 0.09041 0.04255 0.05515 0.02670 0.00312 0.00872 
185	2	0.00004 0.00237 0.00693 0.00010 0.05708 0.03756 0.00770 0.46540 0.00559 0.05686 0.06803 0.01898 0.10424 0.07759 0.04912 0.04241 
186	2	0.00000 0.00012 0.00019 0.03933 0.05506 0.03336 0.59686 0.00000 0.00118 0.01039 0.01616 0.06231 0.07192 0.03796 0.07473 0.00043 
187	2	0.00000 0.00000 0.00000 0.00002 0.00145 0.06106 0.00155 0.54821 0.00015 0.00681 0.00980 0.01499 0.05612 0.15172 0.05437 0.09374 
188	2	0.20729 0.07442 0.00093 0.00017 0.02239 0.02497 0.03022 0.00025 0.06274 0.15228 0.07714 0.02979 0.08386 0.12085 0.10244 0.01026 
189	2	0.00000 0.00006 0.06920 0.00034 0.00170 0.00080 0.05824 0.33862 0.01518 0.06210 0.19679 0.04562 0.09582 0.04013 0.04042 0.03498 
190	2	0.00000 0.01240 0.07116 0.01062 0.04964 0.14094 0.08471 0.23361 0.01103 0.04851 0.10565 0.04678 0.06227 0.05257 0.04064 0.02946 
191	2	0.00000 0.00000 0.00087 0.05264 0.08812 0.00117 0.01963 0.45982 0.00004 0.00076 0.00781 0.10024 0.14729 0.04698 0.03063 0.04401 
192	2	0.00011 0.02043 0.04359 0.01218 0.21598 0.05823 0.04530 0.13237 0.00307 0.02400 0.07022 0.05348 0.12721 0.09780 0.06323 0.03280 
193	2	0.00002 0.00139 0.02836 0.01671 0.12563 0.12116 0.09053 0.10796 0.00060 0.02149 0.06813 0.07379 0.14021 0.12434 0.05624 0.02344 
194	2	0.00003 0.00241 0.00069 0.00004 0.01046 0.03297 0.01254 0.46941 0.00218 0.04103 0.06291 0.02758 0.12641 0.12086 0.04681 0.04368 
195	2	0.00000 0.00000 0.00000 0.00558 0.03972 0.05457 0.06389 0.50637 0.00003 0.00167 0.00084 0.03303 0.09666 0.09911 0.05161 0.04692 
196	2	0.18277 0.08070 0.01068 0.00098 0.01205 0.03472 0.03355 0.00000 0.05432 0.14908 0.11380 0.05575 0.10032 0.12552 0.04506 0.00070 
197	2	0.00000 0.00477 0.00298 0.08269 0.02514 0.00154 0.11197 0.32310 0.00014 0.01944 0.04935 0.12388 0.08322 0.03006 0.07314 0.06860 
198	2	0.00000 0.00663 0.00561 0.00097 0.00657 0.03200 0.04599 0.43758 0.00004 0.02155 0.04305 0.03590 0.06623 0.13011 0.10308 0.06471 
199	2	0.00000 0.00000 0.00000 0.06123 0.00050 0.00292 0.44320 0.00785 0.00002 0.00003 0.00435 0.10433 0.08645 0.13205 0.12114 0.03594 
200	3	0.00000 0.00000 0.00000 0.60863 0.02083 0.00102 0.00507 0.00421 0.00110 0.00553 0.00240 0.08738 0.05844 0.05923 0.09161 0.05456 
201	3	0.53746 0.05433 0.00060 0.00000 0.00580 0.01609 0.00170 0.00695 0.09765 0.11728 0.04396 0.01143 0.03576 0.04644 0.01652 0.00805 
202	3	0.00000 0.00016 0.30160 0.04256 0.04864 0.01797 0.01013 0.06715 0.00020 0.02379 0.12965 0.10921 0.13413 0.06892 0.03156 0.01433 
203	3	0.00000 0.00147 0.00680 0.00043 0.00194 0.00280 0.18375 0.42132 0.00205 0.03445 0.04869 0.03404 0.03526 0.03657 0.08948 0.10095 
204	3	0.57868 0.06050 0.00003 0.00000 0.00163 0.01179 0.04367 0.00000 0.07110 0.10681 0.02372 0.00428 0.01969 0.04372 0.03434 0.00003 
205	3	0.64011 0.02175 0.00059 0.00001 0.00017 0.00365 0.00284 0.00008 0.04408 0.08546 0.05327 0.02371 0.04361 0.05998 0.01947 0.00123 
206	3	0.00000 0.00029 0.00079 0.00360 0.03769 0.06713 0.39449 0.11002 0.00011 0.00431 0.01526 0.03330 0.08821 0.10718 0.11818 0.01946 
207	3	0.00000 0.00003 0.00281 0.00089 0.06593 0.05596 0.39737 0.00137 0.00023 0.03280 0.05367 0.04209 0.11501 0.12114 0.08965 0.02104 
208	3	0.00000 0.00000 0.00002 0.11138 0.03472 0.10693 0.38763 0.00728 0.00003 0.00566 0.01697 0.09390 0.08249 0.04768 0.10028 0.00505 
209	3	0.00000 0.02459 0.16144 0.02914 0.05113 0.10659 0.02908 0.01356 0.00001 0.03244 0.08702 0.06763 0.10486 0.16015 0.09843 0.03393 
210	3	0.00000 0.00001 0.00001 0.00000 0.00003 0.01160 0.07565 0.58893 0.00003 0.00127 0.00263 0.00247 0.00846 0.05453 0.13399 0.12040 
211	3	0.00001 0.43540 0.00033 0.00003 0.00037 0.01047 0.03946 0.06293 0.01411 0.09376 0.04619 0.01330 0.02625 0.08824 0.10778 0.06139 
212	3	0.00000 0.00001 0.00012 0.01678 0.07610 0.15509 0.20322 0.07222 0.00003 0.00087 0.00365 0.03284 0.08896 0.13123 0.15075 0.06813 
213	3	0.00000 0.00000 0.21800 0.28222 0.09608 0.01759 0.04955 0.00145 0.00002 0.00318 0.04534 0.09815 0.08643 0.04658 0.05067 0.00475 
214	3	0.00000 0.00323 0.00282 0.00082 0.00213 0.01000 0.41629 0.22067 0.00120 0.03394 0.02924 0.02949 0.03300 0.04158 0.08534 0.09023 
215	3	0.00000 0.00000 0.00004 0.00029 0.02357 0.06663 0.51905 0.01045 0.00003 0.00142 0.00866 0.01574 0.07874 0.13692 0.12570 0.01277 
216	3	0.00000 0.00053 0.00136 0.04298 0.18393 0.08267 0.06736 0.07116 0.00011 0.00706 0.01635 0.06377 0.12778 0.12890 0.12463 0.08141 
217	3	0.00000 0.00000 0.00000 0.00641 0.01110 0.00890 0.04971 0.68117 0.00008 0.00095 0.00165 0.01895 0.04709 0.05015 0.06847 0.05537 
218	3	0.00000 0.00000 0.00000 0.00319 0.04785 0.00871 0.12881 0.20280 0.00028 0.00903 0.00696 0.05051 0.14060 0.07946 0.21742 0.10439 
219	3	0.02589 0.14252 0.29041 0.00105 0.00121 0.00620 0.01517 0.00289 0.01826 0.11358 0.13318 0.02276 0.04456 0.06895 0.08333 0.03005 
220	3	0.00000 0.00475 0.03291 0.05295 0.04794 0.38293 0.06328 0.00721 0.00098 0.01248 0.04433 0.07600 0.08103 0.13012 0.05871 0.00438 
221	3	0.00000 0.00203 0.00807 0.00141 0.06754 0.03898 0.02164 0.05982 0.00377 0.05164 0.08514 0.04911 0.17784 0.12804 0.16273 0.14224 
222	3	0.09936 0.29083 0.08025 0.00563 0.00154 0.00594 0.00156 0.00523 0.03388 0.19120 0.16385 0.03693 0.02738 0.03317 0.01530 0.00794 
223	3	0.00000 0.07959 0.00301 0.01444 0.15042 0.05094 0.08915 0.15852 0.00136 0.05886 0.03743 0.05111 0.09912 0.06085 0.08564 0.05955 
224	3	0.00000 0.00000 0.00000 0.00313 0.02084 0.08905 0.53474 0.00000 0.00037 0.00148 0.00394 0.05873 0.11993 0.07680 0.08828 0.00271 
225	3	0.00000 0.00229 0.00003 0.00006 0.00184 0.02336 0.22199 0.56188 0.00024 0.00821 0.00449 0.00325 0.01962 0.03700 0.06307 0.05266 
226	3	0.00000 0.33279 0.09664 0.00110 0.00083 0.00451 0.01081 0.04812 0.00018 0.21087 0.19626 0.02172 0.01882 0.02032 0.01881 0.01821 
227	3	0.00000 0.00059 0.10354 0.00014 0.00247 0.01053 0.10833 0.35444 0.00554 0.03795 0.07838 0.01911 0.03212 0.06543 0.08825 0.09320 
228	3	0.00000 0.06036 0.04394 0.24284 0.06623 0.02015 0.03118 0.01504 0.00272 0.08895 0.08396 0.14228 0.12998 0.03227 0.02809 0.01200 
229	3	0.00000 0.00000 0.00270 0.00007 0.29378 0.31815 0.04719 0.01241 0.00034 0.00649 0.01870 0.01447 0.10659 0.11615 0.04292 0.02004 
230	3	0.00000 0.00000 0.01051 0.00085 0.00653 0.01580 0.53061 0.00053 0.00202 0.02369 0.08080 0.05320 0.08425 0.09711 0.08696 0.00714 
231	3	0.00000 0.07725 0.07564 0.13181 0.03083 0.00112 0.01201 0.00537 0.00010 0.06647 0.11593 0.19408 0.15487 0.04669 0.07089 0.01692 
232	3	0.00000 0.00000 0.00000 0.00002 0.00341 0.04820 0.45337 0.15767 0.00006 0.00112 0.00640 0.00895 0.04587 0.05293 0.13312 0.08888 
233	3	0.00000 0.00001 0.00108 0.00005 0.01154 0.06251 0.23760 0.11585 0.00008 0.01732 0.03152 0.02218 0.09282 0.18684 0.16403 0.05657 
234	3	0.00000 0.00000 0.00043 0.00290 0.05981 0.00847 0.39957 0.12434 0.00001 0.00061 0.01254 0.02723 0.09170 0.06028 0.14096 0.07115 
235	3	0.00000 0.00000 0.00001 0.00000 0.07181 0.54427 0.01428 0.00305 0.00019 0.00459 0.00862 0.00385 0.05812 0.19083 0.08212 0.01825 
236	3	0.00000 0.00001 0.00249 0.00367 0.02915 0.18624 0.50769 0.01785 0.00026 0.00104 0.00638 0.01586 0.04187 0.07745 0.09467 0.01538 
237	3	0.01071 0.14395 0.31142 0.05636 0.00194 0.01353 0.00569 0.00937 0.00921 0.04935 0.08389 0.05793 0.05722 0.10096 0.06713 0.02135 
238	3	0.09062 0.02871 0.04429 0.03154 0.05505 0.02425 0.05548 0.07448 0.03871 0.07330 0.08954 0.07289 0.08842 0.08830 0.09912 0.04532 
239	3	0.00000 0.00046 0.00072 0.00014 0.01309 0.30623 0.24641 0.02204 0.00010 0.00966 0.01994 0.02463 0.07517 0.16234 0.09571 0.02337 
240	3	0.00000 0.00000 0.05259 0.17117 0.18240 0.10500 0.04459 0.03684 0.00002 0.00256 0.05997 0.13211 0.11108 0.05379 0.04089 0.00700 
241	3	0.00000 0.00000 0.00000 0.59195 0.00099 0.00090 0.01441 0.15696 0.00002 0.00056 0.00113 0.05530 0.03933 0.04212 0.05852 0.03782 
242	3	0.00000 0.00000 0.00054 0.00527 0.16536 0.26682 0.04506 0.05401 0.00005 0.00078 0.00663 0.04156 0.13835 0.13281 0.08969 0.05306 
243	3	0.27671 0.23631 0.04100 0.00009 0.00002 0.00108 0.06025 0.03605 0.04553 0.09702 0.04542 0.00891 0.01261 0.03002 0.06966 0.03932 
244	3	0.00000 0.00000 0.45472 0.07864 0.01517 0.00395 0.08596 0.01972 0.00004 0.00773 0.09076 0.08541 0.05468 0.04121 0.05456 0.00744 
245	3	0.00000 0.02022 0.00889 0.40475 0.18679 0.04058 0.03083 0.02593 0.00037 0.01218 0.01793 0.06610 0.06990 0.04623 0.04643 0.02286 
246	3	0.00000 0.00030 0.00020 0.00873 0.15289 0.09284 0.27977 0.10377 0.00166 0.01003 0.01165 0.04058 0.09623 0.05784 0.10084 0.04268 
247	3	0.00156 0.17399 0.03453 0.00865 0.04418 0.01663 0.01172 0.01587 0.03406 0.09884 0.12021 0.05875 0.12347 0.11024 0.09682 0.05047 
248	3	0.01107 0.02301 0.02247 0.01983 0.12919 0.31392 0.03809 0.01277 0.00789 0.03528 0.05687 0.05034 0.11429 0.09932 0.04882 0.01685 
249	3	0.00000 0.00004 0.03563 0.42538 0.10143 0.01568 0.03861 0.00197 0.00020 0.00798 0.02817 0.11428 0.11080 0.05862 0.05617 0.00503 
250	3	0.00000 0.00000 0.01711 0.00940 0.16219 0.17236 0.17919 0.01241 0.00003 0.00736 0.05402 0.06339 0.13063 0.11910 0.06339 0.00941 
251	3	0.00000 0.22108 0.16588 0.00056 0.01074 0.00138 0.00071 0.00295 0.00129 0.18852 0.23662 0.04093 0.06701 0.03753 0.01935 0.00545 
252	3	0.00000 0.00170 0.00791 0.00055 0.02274 0.21501 0.60811 0.00000 0.00036 0.00693 0.02972 0.01192 0.02116 0.04039 0.03327 0.00021 
253	3	0.00000 0.00004 0.00001 0.00109 0.01471 0.01017 0.28049 0.16383 0.00011 0.00234 0.00235 0.01432 0.07106 0.10224 0.22722 0.11002 
254	3	0.00000 0.00000 0.00000 0.03458 0.34376 0.24956 0.02339 0.00855 0.00016 0.00110 0.00373 0.04907 0.11631 0.12094 0.03977 0.00907 
255	3	0.00000 0.00000 0.11144 0.01738 0.29075 0.00844 0.00102 0.00257 0.00007 0.00342 0.13594 0.16361 0.21547 0.02736 0.01648 0.00606 
256	3	0.00000 0.00000 0.00006 0.05378 0.24467 0.17726 0.07908 0.00926 0.00026 0.01135 0.01744 0.05729 0.12227 0.05842 0.13065 0.03822 
257	3	0.39596 0.05594 0.00068 0.00006 0.00262 0.00745 0.10032 0.01480 0.07128 0.13088 0.04848 0.01313 0.03199 0.05851 0.05783 0.01009 
258	3	0.00000 0.00000 0.00003 0.00068 0.00393 0.01481 0.81719 0.00000 0.00001 0.00215 0.00701 0.01911 0.03462 0.03179 0.06776 0.00090 
259	3	0.00000 0.00929 0.44888 0.04134 0.03923 0.02935 0.00077 0.00143 0.00047 0.01368 0.09535 0.11077 0.11490 0.08180 0.01054 0.00218 
260	3	0.00000 0.00030 0.00043 0.00026 0.00280 0.07824 0.32501 0.00831 0.00102 0.02780 0.05562 0.03744 0.07221 0.19297 0.14971 0.04788 
261	3	0.00000 0.00000 0.00000 0.00073 0.00269 0.86159 0.00138 0.00000 0.00004 0.00050 0.00060 0.00654 0.02243 0.07318 0.02698 0.00333 
262	3	0.00000 0.00000 0.00000 0.00127 0.00313 0.03956 0.33659 0.45093 0.00166 0.00212 0.00154 0.01281 0.01947 0.02701 0.05951 0.04440 
263	3	0.00000 0.00005 0.00020 0.00029 0.02658 0.53113 0.06373 0.02734 0.00043 0.01175 0.02292 0.02279 0.08160 0.15215 0.04609 0.01298 
264	3	0.00000 0.00397 0.09245 0.20740 0.03905 0.00527 0.05633 0.03784 0.00035 0.01393 0.09441 0.13255 0.06844 0.05436 0.12431 0.06933 
265	3	0.00000 0.00000 0.00000 0.01092 0.10608 0.20492 0.09758 0.07180 0.00007 0.00060 0.00207 0.03689 0.09924 0.16454 0.14720 0.05808 
266	3	0.00007 0.24249 0.01617 0.00024 0.00074 0.00529 0.02420 0.26208 0.00903 0.11056 0.09460 0.02268 0.03356 0.06923 0.08053 0.02853 
267	3	0.00000 0.00000 0.00000 0.00044 0.00214 0.00554 0.30113 0.38579 0.00002 0.00103 0.00092 0.00695 0.02616 0.05133 0.12460 0.09394 
268	3	0.00000 0.00000 0.00000 0.00103 0.01312 0.52485 0.10112 0.00413 0.00003 0.00021 0.00068 0.01085 0.05242 0.14158 0.13713 0.01285 
269	3	0.00000 0.00000 0.00000 0.00114 0.27014 0.05736 0.00568 0.27803 0.00001 0.00181 0.00892 0.02008 0.10897 0.11411 0.07470 0.05904 
270	3	0.00000 0.00000 0.00000 0.00482 0.38281 0.00301 0.00421 0.29827 0.00007 0.00049 0.00135 0.01838 0.07015 0.05734 0.07636 0.08273 
271	3	0.00000 0.00000 0.00000 0.03693 0.37613 0.06043 0.00028 0.35397 0.00001 0.00055 0.00232 0.02374 0.07051 0.03973 0.01251 0.02287 
272	3	0.00000 0.00357 0.36746 0.00000 0.07784 0.01443 0.02022 0.29524 0.00043 0.00305 0.04109 0.00000 0.04887 0.04682 0.05246 0.02853 
273	3	0.00000 0.00000 0.05553 0.00000 0.00231 0.00491 0.00000 0.80265 0.00004 0.00000 0.02788 0.00000 0.03251 0.03115 0.00000 0.04301 
274	3	0.00000 0.00000 0.00000 0.00004 0.00323 0.00284 0.60836 0.07172 0.00002 0.00007 0.00061 0.00228 0.01311 0.04033 0.15050 0.10688 
275	3	0.00409 0.00207 0.02058 0.03929 0.06097 0.30637 0.00780 0.00851 0.00275 0.01649 0.08083 0.12199 0.14336 0.12412 0.04405 0.01673 
276	3	0.00000 0.00019 0.00421 0.00158 0.00972 0.07689 0.58372 0.00574 0.00031 0.00438 0.02110 0.03675 0.06784 0.08732 0.09397 0.00629 
277	3	0.00000 0.00014 0.01198 0.04403 0.58991 0.03629 0.00976 0.00410 0.00173 0.01034 0.02614 0.02903 0.08858 0.07650 0.04697 0.02449 
278	3	0.00000 0.00000 0.00050 0.00043 0.00197 0.09496 0.27014 0.19513 0.00001 0.00216 0.00542 0.01067 0.01434 0.10711 0.18556 0.11158 
279	3	0.00000 0.00000 0.00000 0.00000 0.02563 0.29631 0.00255 0.00400 0.00019 0.00215 0.00188 0.00551 0.24514 0.38394 0.02535 0.00735 
280	3	0.00000 0.00000 0.00814 0.31613 0.06486 0.01521 0.00764 0.00729 0.00009 0.00437 0.03944 0.14851 0.12000 0.13556 0.09967 0.03309 
281	3	0.00000 0.00011 0.00013 0.00146 0.02409 0.09262 0.32900 0.18449 0.00019 0.00571 0.00889 0.02675 0.07326 0.06922 0.13041 0.05366 
282	3	0.00000 0.00000 0.00007 0.00140 0.01010 0.31793 0.28812 0.09276 0.00007 0.00027 0.00586 0.02408 0.04958 0.09055 0.09439 0.02482 
283	3	0.00000 0.47050 0.00565 0.00076 0.00620 0.01069 0.00633 0.00010 0.03897 0.13402 0.08548 0.05617 0.08377 0.04189 0.04947 0.00999 
284	3	0.00000 0.00000 0.00000 0.06624 0.56627 0.00118 0.02058 0.02039 0.00001 0.00089 0.00611 0.07632 0.13397 0.03384 0.05261 0.02160 
285	3	0.00000 0.00013 0.00176 0.00132 0.00907 0.26002 0.23140 0.00001 0.00015 0.01658 0.01860 0.02942 0.07031 0.19851 0.15761 0.00510 
286	3	0.00000 0.00016 0.00190 0.05693 0.34304 0.15135 0.10681 0.01354 0.00001 0.00326 0.01662 0.04619 0.10130 0.06099 0.06375 0.03413 
287	3	0.00000 0.00026 0.00075 0.00067 0.00292 0.07634 0.39169 0.31364 0.00145 0.00829 0.01571 0.01509 0.04003 0.04414 0.05433 0.03469 
288	3	0.00000 0.00000 0.00001 0.26109 0.22086 0.04113 0.14044 0.01228 0.00005 0.00170 0.00689 0.07292 0.11626 0.06145 0.05033 0.01460 
289	3	0.00000 0.00000 0.00000 0.00188 0.01406 0.09649 0.46010 0.00781 0.00012 0.00290 0.00462 0.02434 0.08037 0.10674 0.17717 0.02339 
290	3	0.00000 0.00000 0.00001 0.01251 0.10546 0.30957 0.24921 0.03549 0.00027 0.00652 0.00711 0.03231 0.07788 0.10738 0.04705 0.00923 
291	3	0.00000 0.00000 0.00000 0.00380 0.40375 0.16272 0.01961 0.00747 0.00001 0.00139 0.00385 0.02688 0.16242 0.15294 0.04973 0.00542 
292	3	0.00000 0.00000 0.02472 0.00007 0.00565 0.17827 0.52428 0.05099 0.00013 0.00665 0.03576 0.01399 0.03155 0.04449 0.06266 0.02077 
293	3	0.00001 0.00561 0.01228 0.00117 0.04012 0.37037 0.05341 0.02116 0.00163 0.04681 0.06253 0.04216 0.08887 0.14058 0.07450 0.03877 
294	3	0.00000 0.00000 0.00000 0.00010 0.00178 0.06575 0.66093 0.00528 0.00001 0.00005 0.00133 0.01049 0.03030 0.08468 0.11614 0.02316 
295	3	0.00000 0.00007 0.00150 0.00145 0.04405 0.06424 0.59970 0.03134 0.00034 0.01012 0.02348 0.01686 0.03952 0.04402 0.08567 0.03764 
296	3	0.00001 0.00588 0.00942 0.01565 0.00391 0.00149 0.33254 0.11025 0.00949 0.04942 0.06542 0.03190 0.04589 0.05311 0.14784 0.11776 
