600	6	16
0	1	0.10053 0.00000 0.00002 0.00000 0.01092 0.00000 0.70658 0.00000 0.05806 0.00000 0.00130 0.00000 0.04504 0.00000 0.07754 0.00000 
1	1	0.07904 0.00000 0.00000 0.00000 0.04223 0.00000 0.81093 0.00000 0.01874 0.00000 0.00000 0.00000 0.01583 0.00000 0.03322 0.00000 
2	1	0.16632 0.00000 0.09108 0.00000 0.08334 0.00000 0.40262 0.00000 0.05620 0.00000 0.02201 0.00000 0.07854 0.00000 0.09990 0.00000 
3	1	0.26935 0.00000 0.00015 0.00000 0.02137 0.00000 0.30467 0.00000 0.12534 0.00000 0.00451 0.00000 0.11371 0.00000 0.16090 0.00000 
4	1	0.23875 0.00000 0.02004 0.00000 0.00122 0.00000 0.50308 0.00000 0.06846 0.00000 0.05342 0.00000 0.01479 0.00000 0.10024 0.00000 
5	1	0.28959 0.00000 0.00000 0.00000 0.00256 0.00000 0.60013 0.00000 0.04461 0.00000 0.00035 0.00000 0.01875 0.00000 0.04402 0.00000 
6	1	0.12145 0.00000 0.00251 0.00000 0.00942 0.00000 0.74060 0.00000 0.04019 0.00000 0.00306 0.00000 0.01865 0.00000 0.06413 0.00000 
7	1	0.55401 0.00000 0.00447 0.00000 0.01742 0.00000 0.17193 0.00000 0.11729 0.00000 0.01228 0.00000 0.04684 0.00000 0.07576 0.00000 
8	1	0.21730 0.00000 0.00003 0.00000 0.03324 0.00000 0.51258 0.00000 0.08328 0.00000 0.00087 0.00000 0.07914 0.00000 0.07355 0.00000 
9	1	0.33683 0.00000 0.00000 0.00000 0.07033 0.00000 0.43191 0.00000 0.06452 0.00000 0.00002 0.00000 0.05939 0.00000 0.03701 0.00000 
10	1	0.39132 0.00000 0.00429 0.00000 0.00483 0.00000 0.42234 0.00000 0.07833 0.00000 0.01508 0.00000 0.02562 0.00000 0.05820 0.00000 
11	1	0.08404 0.00000 0.00000 0.00000 0.00110 0.00000 0.84463 0.00000 0.02007 0.00000 0.00000 0.00000 0.01233 0.00000 0.03783 0.00000 
12	1	0.28103 0.00000 0.00000 0.00000 0.01238 0.00000 0.58317 0.00000 0.03618 0.00000 0.00012 0.00000 0.02787 0.00000 0.05925 0.00000 
13	1	0.09258 0.00000 0.00000 0.00000 0.00256 0.00000 0.83204 0.00000 0.02159 0.00000 0.00000 0.00000 0.01400 0.00000 0.03723 0.00000 
14	1	0.68759 0.00000 0.00465 0.00000 0.00131 0.00000 0.11971 0.00000 0.08900 0.00000 0.00954 0.00000 0.02504 0.00000 0.06317 0.00000 
15	1	0.20392 0.00000 0.00003 0.00000 0.00389 0.00000 0.67914 0.00000 0.04565 0.00000 0.00452 0.00000 0.00715 0.00000 0.05570 0.00000 
16	1	0.63872 0.00000 0.00670 0.00000 0.02584 0.00000 0.14304 0.00000 0.08903 0.00000 0.02117 0.00000 0.02024 0.00000 0.05525 0.00000 
17	1	0.47626 0.00000 0.00871 0.00000 0.00702 0.00000 0.24669 0.00000 0.11319 0.00000 0.03566 0.00000 0.02362 0.00000 0.08885 0.00000 
18	1	0.24537 0.00000 0.00567 0.00000 0.02708 0.00000 0.56714 0.00000 0.05022 0.00000 0.00730 0.00000 0.03990 0.00000 0.05733 0.00000 
19	1	0.27121 0.00000 0.00191 0.00000 0.00635 0.00000 0.58034 0.00000 0.05267 0.00000 0.00636 0.00000 0.02095 0.00000 0.06020 0.00000 
20	1	0.16679 0.00000 0.06151 0.00000 0.01021 0.00000 0.51921 0.00000 0.06950 0.00000 0.02752 0.00000 0.05205 0.00000 0.09320 0.00000 
21	1	0.14555 0.00000 0.00007 0.00000 0.18859 0.00000 0.51443 0.00000 0.03907 0.00000 0.00377 0.00000 0.05109 0.00000 0.05744 0.00000 
22	1	0.10989 0.00000 0.00000 0.00000 0.04432 0.00000 0.75241 0.00000 0.02723 0.00000 0.00005 0.00000 0.02122 0.00000 0.04488 0.00000 
23	1	0.08770 0.00000 0.02570 0.00000 0.13560 0.00000 0.60845 0.00000 0.03881 0.00000 0.01841 0.00000 0.02972 0.00000 0.05561 0.00000 
24	1	0.09401 0.00000 0.00000 0.00000 0.09440 0.00000 0.71375 0.00000 0.02348 0.00000 0.00000 0.00000 0.02710 0.00000 0.04725 0.00000 
25	1	0.44955 0.00000 0.01041 0.00000 0.00105 0.00000 0.36743 0.00000 0.07552 0.00000 0.02381 0.00000 0.00478 0.00000 0.06745 0.00000 
26	1	0.49126 0.00000 0.01389 0.00000 0.00089 0.00000 0.32151 0.00000 0.07339 0.00000 0.02385 0.00000 0.00413 0.00000 0.07108 0.00000 
27	1	0.37130 0.00000 0.00002 0.00000 0.00002 0.00000 0.53056 0.00000 0.04579 0.00000 0.00452 0.00000 0.00207 0.00000 0.04572 0.00000 
28	1	0.37425 0.00000 0.00003 0.00000 0.00052 0.00000 0.52954 0.00000 0.04393 0.00000 0.00248 0.00000 0.00509 0.00000 0.04414 0.00000 
29	1	0.48485 0.00000 0.00000 0.00000 0.00459 0.00000 0.40140 0.00000 0.04360 0.00000 0.00029 0.00000 0.01966 0.00000 0.04562 0.00000 
30	1	0.16100 0.00000 0.00000 0.00000 0.00000 0.00000 0.79938 0.00000 0.01263 0.00000 0.00138 0.00000 0.00030 0.00000 0.02532 0.00000 
31	1	0.39041 0.00000 0.00331 0.00000 0.00151 0.00000 0.47439 0.00000 0.05376 0.00000 0.01090 0.00000 0.00817 0.00000 0.05755 0.00000 
32	1	0.10421 0.00000 0.00000 0.00000 0.04155 0.00000 0.65155 0.00000 0.04800 0.00000 0.00006 0.00000 0.06716 0.00000 0.08746 0.00000 
33	1	0.24342 0.00000 0.00046 0.00000 0.00765 0.00000 0.54463 0.00000 0.06112 0.00000 0.00278 0.00000 0.04460 0.00000 0.09534 0.00000 
34	1	0.31801 0.00000 0.00000 0.00000 0.03166 0.00000 0.34582 0.00000 0.11073 0.00000 0.00170 0.00000 0.09134 0.00000 0.10073 0.00000 
35	1	0.39323 0.00000 0.00059 0.00000 0.00087 0.00000 0.49562 0.00000 0.04391 0.00000 0.00316 0.00000 0.01210 0.00000 0.05053 0.00000 
36	1	0.55152 0.00000 0.00000 0.00000 0.00040 0.00000 0.37689 0.00000 0.03363 0.00000 0.00001 0.00000 0.00656 0.00000 0.03098 0.00000 
37	1	0.14563 0.00000 0.00312 0.00000 0.00023 0.00000 0.71708 0.00000 0.05186 0.00000 0.01551 0.00000 0.00104 0.00000 0.06554 0.00000 
38	1	0.14590 0.00000 0.00160 0.00000 0.04527 0.00000 0.61575 0.00000 0.05213 0.00000 0.00597 0.00000 0.04815 0.00000 0.08524 0.00000 
39	1	0.25449 0.00000 0.00066 0.00000 0.00565 0.00000 0.54133 0.00000 0.07189 0.00000 0.01506 0.00000 0.02830 0.00000 0.08263 0.00000 
40	1	0.24931 0.00000 0.00008 0.00000 0.01615 0.00000 0.53496 0.00000 0.06975 0.00000 0.00250 0.00000 0.04950 0.00000 0.07774 0.00000 
41	1	0.09406 0.00000 0.00006 0.00000 0.05251 0.00000 0.70980 0.00000 0.03096 0.00000 0.00153 0.00000 0.04721 0.00000 0.06388 0.00000 
42	1	0.15187 0.00000 0.00000 0.00000 0.00019 0.00000 0.79714 0.00000 0.01510 0.00000 0.00000 0.00000 0.00489 0.00000 0.03082 0.00000 
43	1	0.10059 0.00000 0.00000 0.00000 0.00518 0.00000 0.76702 0.00000 0.03386 0.00000 0.00200 0.00000 0.02448 0.00000 0.06686 0.00000 
44	1	0.33166 0.00000 0.00000 0.00000 0.03130 0.00000 0.42606 0.00000 0.07224 0.00000 0.00041 0.00000 0.05887 0.00000 0.07946 0.00000 
45	1	0.30638 0.00000 0.00339 0.00000 0.00395 0.00000 0.50994 0.00000 0.07390 0.00000 0.03014 0.00000 0.01180 0.00000 0.06051 0.00000 
46	1	0.37617 0.00000 0.00007 0.00000 0.00193 0.00000 0.48934 0.00000 0.05388 0.00000 0.00107 0.00000 0.02090 0.00000 0.05663 0.00000 
47	1	0.14788 0.00000 0.00000 0.00000 0.16468 0.00000 0.39582 0.00000 0.08114 0.00000 0.00156 0.00000 0.09905 0.00000 0.10987 0.00000 
48	1	0.05030 0.00000 0.00000 0.00000 0.05776 0.00000 0.83513 0.00000 0.01513 0.00000 0.00000 0.00000 0.01480 0.00000 0.02689 0.00000 
49	1	0.12765 0.00000 0.00017 0.00000 0.00799 0.00000 0.59276 0.00000 0.08145 0.00000 0.00531 0.00000 0.06462 0.00000 0.12007 0.00000 
50	1	0.42193 0.00000 0.00674 0.00000 0.00001 0.00000 0.47596 0.00000 0.03802 0.00000 0.00949 0.00000 0.00258 0.00000 0.04527 0.00000 
51	1	0.17906 0.00000 0.00000 0.00000 0.01685 0.00000 0.56742 0.00000 0.07390 0.00000 0.00316 0.00000 0.06723 0.00000 0.09239 0.00000 
52	1	0.09025 0.00000 0.00045 0.00000 0.00526 0.00000 0.74666 0.00000 0.04631 0.00000 0.00569 0.00000 0.02835 0.00000 0.07703 0.00000 
53	1	0.11281 0.00000 0.00000 0.00000 0.15704 0.00000 0.55071 0.00000 0.03056 0.00000 0.00001 0.00000 0.07494 0.00000 0.07394 0.00000 
54	1	0.09374 0.00000 0.00087 0.00000 0.00463 0.00000 0.69555 0.00000 0.05829 0.00000 0.01162 0.00000 0.02826 0.00000 0.10705 0.00000 
55	1	0.08896 0.00000 0.02206 0.00000 0.00503 0.00000 0.79485 0.00000 0.02653 0.00000 0.01487 0.00000 0.00564 0.00000 0.04206 0.00000 
56	1	0.39438 0.00000 0.08335 0.00000 0.00004 0.00000 0.36112 0.00000 0.06389 0.00000 0.02564 0.00000 0.00556 0.00000 0.06602 0.00000 
57	1	0.45633 0.00000 0.00001 0.00000 0.00206 0.00000 0.37970 0.00000 0.07644 0.00000 0.00662 0.00000 0.01230 0.00000 0.06654 0.00000 
58	1	0.19181 0.00000 0.00012 0.00000 0.11043 0.00000 0.53171 0.00000 0.06289 0.00000 0.00159 0.00000 0.04696 0.00000 0.05448 0.00000 
59	1	0.08817 0.00000 0.00000 0.00000 0.00475 0.00000 0.82816 0.00000 0.02162 0.00000 0.00000 0.00000 0.01734 0.00000 0.03996 0.00000 
60	1	0.12357 0.00000 0.00034 0.00000 0.00507 0.00000 0.73119 0.00000 0.04766 0.00000 0.00916 0.00000 0.01903 0.00000 0.06398 0.00000 
61	1	0.33323 0.00000 0.00000 0.00000 0.00404 0.00000 0.58533 0.00000 0.02945 0.00000 0.00008 0.00000 0.01246 0.00000 0.03542 0.00000 
62	1	0.36051 0.00000 0.07629 0.00000 0.00035 0.00000 0.37837 0.00000 0.05872 0.00000 0.05402 0.00000 0.00153 0.00000 0.07021 0.00000 
63	1	0.23615 0.00000 0.00012 0.00000 0.04463 0.00000 0.49356 0.00000 0.08027 0.00000 0.00232 0.00000 0.07035 0.00000 0.07260 0.00000 
64	1	0.30554 0.00000 0.00000 0.00000 0.00623 0.00000 0.56346 0.00000 0.06120 0.00000 0.00223 0.00000 0.02546 0.00000 0.03587 0.00000 
65	1	0.13804 0.00000 0.00366 0.00000 0.00000 0.00000 0.74907 0.00000 0.03066 0.00000 0.00954 0.00000 0.00726 0.00000 0.06177 0.00000 
66	1	0.09030 0.00000 0.00204 0.00000 0.00023 0.00000 0.84466 0.00000 0.01961 0.00000 0.00476 0.00000 0.00212 0.00000 0.03629 0.00000 
67	1	0.45286 0.00000 0.00001 0.00000 0.02797 0.00000 0.37976 0.00000 0.04021 0.00000 0.00208 0.00000 0.04500 0.00000 0.05210 0.00000 
68	1	0.25428 0.00000 0.00023 0.00000 0.00180 0.00000 0.60733 0.00000 0.04292 0.00000 0.00190 0.00000 0.02717 0.00000 0.06437 0.00000 
69	1	0.15155 0.00000 0.00000 0.00000 0.00117 0.00000 0.73821 0.00000 0.02593 0.00000 0.00115 0.00000 0.01918 0.00000 0.06282 0.00000 
70	1	0.08072 0.00000 0.00000 0.00000 0.00116 0.00000 0.85293 0.00000 0.02012 0.00000 0.00019 0.00000 0.00978 0.00000 0.03510 0.00000 
71	1	0.16002 0.00000 0.00000 0.00000 0.00506 0.00000 0.77344 0.00000 0.02215 0.00000 0.00014 0.00000 0.01124 0.00000 0.02794 0.00000 
72	1	0.07704 0.00000 0.00000 0.00000 0.00002 0.00000 0.81746 0.00000 0.03289 0.00000 0.00464 0.00000 0.00589 0.00000 0.06205 0.00000 
73	1	0.42448 0.00000 0.00000 0.00000 0.02715 0.00000 0.36697 0.00000 0.06616 0.00000 0.00000 0.00000 0.04969 0.00000 0.06556 0.00000 
74	1	0.15183 0.00000 0.00000 0.00000 0.00061 0.00000 0.78779 0.00000 0.01780 0.00000 0.00031 0.00000 0.00852 0.00000 0.03314 0.00000 
75	1	0.17898 0.00000 0.00072 0.00000 0.00107 0.00000 0.67144 0.00000 0.05473 0.00000 0.00473 0.00000 0.02064 0.00000 0.06769 0.00000 
76	1	0.41025 0.00000 0.00034 0.00000 0.00607 0.00000 0.37012 0.00000 0.09160 0.00000 0.00816 0.00000 0.03419 0.00000 0.07927 0.00000 
77	1	0.18523 0.00000 0.00256 0.00000 0.00723 0.00000 0.65006 0.00000 0.03679 0.00000 0.00593 0.00000 0.03078 0.00000 0.08142 0.00000 
78	1	0.37637 0.00000 0.00283 0.00000 0.00145 0.00000 0.42253 0.00000 0.07911 0.00000 0.01202 0.00000 0.02008 0.00000 0.08561 0.00000 
79	1	0.15609 0.00000 0.00087 0.00000 0.00144 0.00000 0.69187 0.00000 0.05329 0.00000 0.01084 0.00000 0.00801 0.00000 0.07760 0.00000 
80	1	0.44153 0.00000 0.00005 0.00000 0.04384 0.00000 0.22948 0.00000 0.11581 0.00000 0.00348 0.00000 0.08321 0.00000 0.08261 0.00000 
81	1	0.37700 0.00000 0.00638 0.00000 0.00040 0.00000 0.50509 0.00000 0.04141 0.00000 0.00783 0.00000 0.00640 0.00000 0.05548 0.00000 
82	1	0.20789 0.00000 0.00275 0.00000 0.00154 0.00000 0.62904 0.00000 0.05510 0.00000 0.00966 0.00000 0.01362 0.00000 0.08040 0.00000 
83	1	0.37296 0.00000 0.01646 0.00000 0.00383 0.00000 0.45978 0.00000 0.05143 0.00000 0.01257 0.00000 0.01638 0.00000 0.06660 0.00000 
84	1	0.09078 0.00000 0.00000 0.00000 0.00470 0.00000 0.79967 0.00000 0.03135 0.00000 0.00040 0.00000 0.01916 0.00000 0.05394 0.00000 
85	1	0.37819 0.00000 0.00029 0.00000 0.00647 0.00000 0.51346 0.00000 0.04077 0.00000 0.00529 0.00000 0.00770 0.00000 0.04783 0.00000 
86	1	0.16854 0.00000 0.00191 0.00000 0.00260 0.00000 0.60132 0.00000 0.06375 0.00000 0.00681 0.00000 0.04804 0.00000 0.10704 0.00000 
87	1	0.45538 0.00000 0.00000 0.00000 0.01584 0.00000 0.42256 0.00000 0.03537 0.00000 0.00038 0.00000 0.02428 0.00000 0.04620 0.00000 
88	1	0.32258 0.00000 0.00165 0.00000 0.00000 0.00000 0.51770 0.00000 0.05777 0.00000 0.02373 0.00000 0.00059 0.00000 0.07597 0.00000 
89	1	0.22434 0.00000 0.07555 0.00000 0.00000 0.00000 0.60674 0.00000 0.02765 0.00000 0.03046 0.00000 0.00031 0.00000 0.03495 0.00000 
90	1	0.10333 0.00000 0.00000 0.00000 0.05936 0.00000 0.61951 0.00000 0.05544 0.00000 0.00132 0.00000 0.06534 0.00000 0.09570 0.00000 
91	1	0.34150 0.00000 0.00001 0.00000 0.01655 0.00000 0.44904 0.00000 0.05846 0.00000 0.00134 0.00000 0.05979 0.00000 0.07330 0.00000 
92	1	0.18157 0.00000 0.00282 0.00000 0.02490 0.00000 0.55564 0.00000 0.07205 0.00000 0.01700 0.00000 0.04532 0.00000 0.10070 0.00000 
93	1	0.09507 0.00000 0.00004 0.00000 0.03143 0.00000 0.66022 0.00000 0.04261 0.00000 0.00181 0.00000 0.06627 0.00000 0.10256 0.00000 
94	1	0.14251 0.00000 0.00134 0.00000 0.01565 0.00000 0.65459 0.00000 0.05075 0.00000 0.00458 0.00000 0.04594 0.00000 0.08465 0.00000 
95	1	0.22843 0.00000 0.00706 0.00000 0.22303 0.00000 0.29447 0.00000 0.06586 0.00000 0.01023 0.00000 0.09681 0.00000 0.07409 0.00000 
96	1	0.23235 0.00000 0.00000 0.00000 0.04811 0.00000 0.49855 0.00000 0.06441 0.00000 0.00025 0.00000 0.07217 0.00000 0.08417 0.00000 
97	1	0.25170 0.00000 0.00047 0.00000 0.02539 0.00000 0.45014 0.00000 0.06332 0.00000 0.00548 0.00000 0.07818 0.00000 0.12533 0.00000 
98	1	0.31074 0.00000 0.00710 0.00000 0.00336 0.00000 0.56316 0.00000 0.04265 0.00000 0.00527 0.00000 0.01009 0.00000 0.05763 0.00000 
99	1	0.19855 0.00000 0.00004 0.00000 0.00647 0.00000 0.69829 0.00000 0.04013 0.00000 0.00040 0.00000 0.01433 0.00000 0.04178 0.00000 
100	2	0.34839 0.00000 0.00000 0.00000 0.00706 0.00000 0.51461 0.00000 0.06096 0.00000 0.00093 0.00000 0.01912 0.00000 0.04893 0.00000 
101	2	0.17209 0.00000 0.00050 0.00000 0.00026 0.00000 0.61277 0.00000 0.09275 0.00000 0.03187 0.00000 0.00813 0.00000 0.08162 0.00000 
102	2	0.61301 0.00000 0.00467 0.00000 0.00629 0.00000 0.14106 0.00000 0.10262 0.00000 0.03478 0.00000 0.02084 0.00000 0.07672 0.00000 
103	2	0.05065 0.00000 0.01520 0.00000 0.00003 0.00000 0.71367 0.00000 0.06265 0.00000 0.04521 0.00000 0.00898 0.00000 0.10361 0.00000 
104	2	0.17657 0.00000 0.00426 0.00000 0.00001 0.00000 0.54436 0.00000 0.10944 0.00000 0.06002 0.00000 0.00195 0.00000 0.10338 0.00000 
105	2	0.07817 0.00000 0.00037 0.00000 0.00606 0.00000 0.70949 0.00000 0.08582 0.00000 0.00867 0.00000 0.01838 0.00000 0.09304 0.00000 
106	2	0.12360 0.00000 0.00061 0.00000 0.00002 0.00000 0.61368 0.00000 0.12380 0.00000 0.03848 0.00000 0.00608 0.00000 0.09374 0.00000 
107	2	0.89038 0.00000 0.00028 0.00000 0.00208 0.00000 0.00031 0.00000 0.07145 0.00000 0.00459 0.00000 0.02310 0.00000 0.00781 0.00000 
108	2	0.12001 0.00000 0.11014 0.00000 0.00000 0.00000 0.35448 0.00000 0.14791 0.00000 0.18937 0.00000 0.00016 0.00000 0.07792 0.00000 
109	2	0.21560 0.00000 0.00861 0.00000 0.02090 0.00000 0.29289 0.00000 0.14981 0.00000 0.04828 0.00000 0.08493 0.00000 0.17898 0.00000 
110	2	0.24250 0.00000 0.00010 0.00000 0.01947 0.00000 0.37678 0.00000 0.13275 0.00000 0.00391 0.00000 0.10821 0.00000 0.11627 0.00000 
111	2	0.10984 0.00000 0.00000 0.00000 0.01060 0.00000 0.55940 0.00000 0.13257 0.00000 0.01026 0.00000 0.02707 0.00000 0.15026 0.00000 
112	2	0.12233 0.00000 0.00000 0.00000 0.00041 0.00000 0.60404 0.00000 0.11558 0.00000 0.00003 0.00000 0.01817 0.00000 0.13944 0.00000 
113	2	0.81490 0.00000 0.00016 0.00000 0.00014 0.00000 0.02154 0.00000 0.08674 0.00000 0.01493 0.00000 0.01073 0.00000 0.05086 0.00000 
114	2	0.77375 0.00000 0.00000 0.00000 0.04776 0.00000 0.00332 0.00000 0.08996 0.00000 0.00000 0.00000 0.06939 0.00000 0.01583 0.00000 
115	2	0.15206 0.00000 0.00003 0.00000 0.00977 0.00000 0.57197 0.00000 0.10805 0.00000 0.00373 0.00000 0.03850 0.00000 0.11589 0.00000 
116	2	0.57316 0.00000 0.09800 0.00000 0.00000 0.00000 0.13751 0.00000 0.07976 0.00000 0.05268 0.00000 0.00005 0.00000 0.05884 0.00000 
117	2	0.66899 0.00000 0.00000 0.00000 0.12535 0.00000 0.05565 0.00000 0.07711 0.00000 0.00000 0.00000 0.06158 0.00000 0.01132 0.00000 
118	2	0.32336 0.00000 0.00003 0.00000 0.01271 0.00000 0.45433 0.00000 0.09051 0.00000 0.00249 0.00000 0.03833 0.00000 0.07824 0.00000 
119	2	0.30792 0.00000 0.00000 0.00000 0.04314 0.00000 0.35071 0.00000 0.11577 0.00000 0.00002 0.00000 0.07296 0.00000 0.10948 0.00000 
120	2	0.25439 0.00000 0.00343 0.00000 0.00023 0.00000 0.37846 0.00000 0.15419 0.00000 0.07684 0.00000 0.00694 0.00000 0.12552 0.00000 
121	2	0.31557 0.00000 0.00000 0.00000 0.02283 0.00000 0.34404 0.00000 0.12856 0.00000 0.00040 0.00000 0.06591 0.00000 0.12268 0.00000 
122	2	0.05529 0.00000 0.01443 0.00000 0.02207 0.00000 0.72723 0.00000 0.02368 0.00000 0.01659 0.00000 0.05158 0.00000 0.08913 0.00000 
123	2	0.45909 0.00000 0.00002 0.00000 0.00030 0.00000 0.11150 0.00000 0.20325 0.00000 0.01810 0.00000 0.02304 0.00000 0.18470 0.00000 
124	2	0.72065 0.00000 0.05311 0.00000 0.00000 0.00000 0.05222 0.00000 0.07993 0.00000 0.04550 0.00000 0.00054 0.00000 0.04805 0.00000 
125	2	0.32068 0.00000 0.00003 0.00000 0.02193 0.00000 0.51904 0.00000 0.04937 0.00000 0.00090 0.00000 0.03655 0.00000 0.05150 0.00000 
126	2	0.19497 0.00000 0.00021 0.00000 0.00000 0.00000 0.63982 0.00000 0.07932 0.00000 0.02766 0.00000 0.00347 0.00000 0.05455 0.00000 
127	2	0.33295 0.00000 0.03305 0.00000 0.00258 0.00000 0.28204 0.00000 0.13247 0.00000 0.08361 0.00000 0.01243 0.00000 0.12086 0.00000 
128	2	0.18794 0.00000 0.00000 0.00000 0.04741 0.00000 0.28665 0.00000 0.20778 0.00000 0.00084 0.00000 0.10548 0.00000 0.16390 0.00000 
129	2	0.57131 0.00000 0.00925 0.00000 0.00006 0.00000 0.08272 0.00000 0.13623 0.00000 0.06589 0.00000 0.00583 0.00000 0.12872 0.00000 
130	2	0.19679 0.00000 0.00061 0.00000 0.00000 0.00000 0.46282 0.00000 0.15767 0.00000 0.04995 0.00000 0.00550 0.00000 0.12667 0.00000 
131	2	0.00710 0.00000 0.00065 0.00000 0.02529 0.00000 0.76348 0.00000 0.05396 0.00000 0.02439 0.00000 0.01920 0.00000 0.10593 0.00000 
132	2	0.10678 0.00000 0.00016 0.00000 0.02427 0.00000 0.69381 0.00000 0.07488 0.00000 0.02339 0.00000 0.00909 0.00000 0.06763 0.00000 
133	2	0.44550 0.00000 0.00000 0.00000 0.22364 0.00000 0.03362 0.00000 0.10937 0.00000 0.00041 0.00000 0.13695 0.00000 0.05051 0.00000 
134	2	0.36481 0.00000 0.00216 0.00000 0.00179 0.00000 0.32123 0.00000 0.12430 0.00000 0.05587 0.00000 0.00874 0.00000 0.12110 0.00000 
135	2	0.07171 0.00000 0.00000 0.00000 0.55480 0.00000 0.08449 0.00000 0.09477 0.00000 0.00077 0.00000 0.10343 0.00000 0.09003 0.00000 
136	2	0.32825 0.00000 0.00003 0.00000 0.00732 0.00000 0.44603 0.00000 0.09967 0.00000 0.02653 0.00000 0.01503 0.00000 0.07714 0.00000 
137	2	0.82762 0.00000 0.00000 0.00000 0.00026 0.00000 0.00145 0.00000 0.11043 0.00000 0.00298 0.00000 0.00560 0.00000 0.05166 0.00000 
138	2	0.30459 0.00000 0.00016 0.00000 0.00000 0.00000 0.51147 0.00000 0.09514 0.00000 0.01891 0.00000 0.00301 0.00000 0.06672 0.00000 
139	2	0.82344 0.00000 0.00000 0.00000 0.00000 0.00000 0.00873 0.00000 0.10174 0.00000 0.00306 0.00000 0.00135 0.00000 0.06168 0.00000 
140	2	0.21840 0.00000 0.00117 0.00000 0.00025 0.00000 0.59833 0.00000 0.07010 0.00000 0.03406 0.00000 0.00136 0.00000 0.07633 0.00000 
141	2	0.46023 0.00000 0.00000 0.00000 0.00000 0.00000 0.38699 0.00000 0.08549 0.00000 0.00339 0.00000 0.00037 0.00000 0.06353 0.00000 
142	2	0.25148 0.00000 0.02659 0.00000 0.00000 0.00000 0.61439 0.00000 0.03818 0.00000 0.02767 0.00000 0.00000 0.00000 0.04169 0.00000 
143	2	0.33987 0.00000 0.00950 0.00000 0.25540 0.00000 0.29441 0.00000 0.04098 0.00000 0.00445 0.00000 0.02821 0.00000 0.02718 0.00000 
144	2	0.70485 0.00000 0.02310 0.00000 0.00000 0.00000 0.04595 0.00000 0.10226 0.00000 0.07509 0.00000 0.00138 0.00000 0.04737 0.00000 
145	2	0.53758 0.00000 0.00130 0.00000 0.00001 0.00000 0.24117 0.00000 0.10920 0.00000 0.02326 0.00000 0.00644 0.00000 0.08104 0.00000 
146	2	0.60496 0.00000 0.03733 0.00000 0.00000 0.00000 0.14842 0.00000 0.10302 0.00000 0.02941 0.00000 0.00013 0.00000 0.07673 0.00000 
147	2	0.47879 0.00000 0.00065 0.00000 0.00033 0.00000 0.28780 0.00000 0.10806 0.00000 0.01811 0.00000 0.01185 0.00000 0.09442 0.00000 
148	2	0.20674 0.00000 0.00000 0.00000 0.00210 0.00000 0.62390 0.00000 0.07428 0.00000 0.00382 0.00000 0.01616 0.00000 0.07300 0.00000 
149	2	0.30560 0.00000 0.00000 0.00000 0.00015 0.00000 0.50919 0.00000 0.08966 0.00000 0.01047 0.00000 0.00533 0.00000 0.07960 0.00000 
150	2	0.21316 0.00000 0.00230 0.00000 0.00078 0.00000 0.56838 0.00000 0.09604 0.00000 0.03063 0.00000 0.00855 0.00000 0.08016 0.00000 
151	2	0.33263 0.00000 0.00001 0.00000 0.00143 0.00000 0.47081 0.00000 0.08311 0.00000 0.00682 0.00000 0.02855 0.00000 0.07664 0.00000 
152	2	0.39299 0.00000 0.02418 0.00000 0.01609 0.00000 0.12346 0.00000 0.16463 0.00000 0.13071 0.00000 0.01814 0.00000 0.12980 0.00000 
153	2	0.40312 0.00000 0.02614 0.00000 0.00028 0.00000 0.16679 0.00000 0.15861 0.00000 0.12386 0.00000 0.00435 0.00000 0.11685 0.00000 
154	2	0.49314 0.00000 0.00271 0.00000 0.00000 0.00000 0.22112 0.00000 0.13973 0.00000 0.03243 0.00000 0.00067 0.00000 0.11020 0.00000 
155	2	0.21702 0.00000 0.00000 0.00000 0.00022 0.00000 0.60172 0.00000 0.08927 0.00000 0.00965 0.00000 0.00244 0.00000 0.07968 0.00000 
156	2	0.65794 0.00000 0.00002 0.00000 0.00606 0.00000 0.09076 0.00000 0.12129 0.00000 0.00965 0.00000 0.02701 0.00000 0.08728 0.00000 
157	2	0.22425 0.00000 0.00863 0.00000 0.00014 0.00000 0.40536 0.00000 0.10804 0.00000 0.05681 0.00000 0.01741 0.00000 0.17936 0.00000 
158	2	0.16959 0.00000 0.00000 0.00000 0.00394 0.00000 0.62120 0.00000 0.08500 0.00000 0.00081 0.00000 0.02865 0.00000 0.09081 0.00000 
159	2	0.08623 0.00000 0.00004 0.00000 0.00000 0.00000 0.64961 0.00000 0.09304 0.00000 0.03142 0.00000 0.00255 0.00000 0.13712 0.00000 
160	2	0.27959 0.00000 0.00001 0.00000 0.26453 0.00000 0.22755 0.00000 0.06943 0.00000 0.00056 0.00000 0.10255 0.00000 0.05577 0.00000 
161	2	0.31980 0.00000 0.00212 0.00000 0.00169 0.00000 0.34136 0.00000 0.13113 0.00000 0.03783 0.00000 0.02264 0.00000 0.14345 0.00000 
162	2	0.27627 0.00000 0.00000 0.00000 0.00006 0.00000 0.43266 0.00000 0.14047 0.00000 0.00795 0.00000 0.00727 0.00000 0.13533 0.00000 
163	2	0.83699 0.00000 0.00181 0.00000 0.00035 0.00000 0.02520 0.00000 0.07137 0.00000 0.02211 0.00000 0.01030 0.00000 0.03188 0.00000 
164	2	0.78371 0.00000 0.00000 0.00000 0.01333 0.00000 0.07777 0.00000 0.04753 0.00000 0.00003 0.00000 0.03684 0.00000 0.04078 0.00000 
165	2	0.47638 0.00000 0.00035 0.00000 0.00008 0.00000 0.39758 0.00000 0.06379 0.00000 0.00823 0.00000 0.00568 0.00000 0.04792 0.00000 
166	2	0.15118 0.00000 0.00905 0.00000 0.00875 0.00000 0.69319 0.00000 0.04473 0.00000 0.02477 0.00000 0.00801 0.00000 0.06032 0.00000 
167	2	0.25571 0.00000 0.00016 0.00000 0.00061 0.00000 0.61499 0.00000 0.05905 0.00000 0.01079 0.00000 0.00665 0.00000 0.05203 0.00000 
168	2	0.15405 0.00000 0.00043 0.00000 0.00000 0.00000 0.65145 0.00000 0.07516 0.00000 0.02039 0.00000 0.00070 0.00000 0.09782 0.00000 
169	2	0.36439 0.00000 0.00000 0.00000 0.00001 0.00000 0.44551 0.00000 0.09860 0.00000 0.00824 0.00000 0.00283 0.00000 0.08041 0.00000 
170	2	0.11818 0.00000 0.00007 0.00000 0.00009 0.00000 0.52204 0.00000 0.14763 0.00000 0.04216 0.00000 0.00815 0.00000 0.16168 0.00000 
171	2	0.68002 0.00000 0.00011 0.00000 0.01711 0.00000 0.15852 0.00000 0.07956 0.00000 0.01132 0.00000 0.01894 0.00000 0.03443 0.00000 
172	2	0.27356 0.00000 0.00750 0.00000 0.00057 0.00000 0.28239 0.00000 0.15437 0.00000 0.10352 0.00000 0.01450 0.00000 0.16359 0.00000 
173	2	0.75566 0.00000 0.00000 0.00000 0.00000 0.00000 0.09333 0.00000 0.08001 0.00000 0.00054 0.00000 0.00532 0.00000 0.06513 0.00000 
174	2	0.33008 0.00000 0.00431 0.00000 0.01515 0.00000 0.35564 0.00000 0.08388 0.00000 0.04410 0.00000 0.03785 0.00000 0.12899 0.00000 
175	2	0.28085 0.00000 0.00663 0.00000 0.00005 0.00000 0.57868 0.00000 0.05944 0.00000 0.03057 0.00000 0.00207 0.00000 0.04171 0.00000 
176	2	0.33545 0.00000 0.00699 0.00000 0.01650 0.00000 0.37721 0.00000 0.11372 0.00000 0.02439 0.00000 0.04080 0.00000 0.08493 0.00000 
177	2	0.23700 0.00000 0.00388 0.00000 0.01285 0.00000 0.44420 0.00000 0.12664 0.00000 0.01429 0.00000 0.04679 0.00000 0.11436 0.00000 
178	2	0.68300 0.00000 0.00006 0.00000 0.02063 0.00000 0.10395 0.00000 0.07720 0.00000 0.00342 0.00000 0.03072 0.00000 0.08101 0.00000 
179	2	0.22615 0.00000 0.00145 0.00000 0.00005 0.00000 0.62482 0.00000 0.05729 0.00000 0.02579 0.00000 0.00171 0.00000 0.06273 0.00000 
180	2	0.42779 0.00000 0.00345 0.00000 0.00042 0.00000 0.23600 0.00000 0.17461 0.00000 0.04871 0.00000 0.01208 0.00000 0.09695 0.00000 
181	2	0.67496 0.00000 0.00001 0.00000 0.00024 0.00000 0.15717 0.00000 0.08579 0.00000 0.00707 0.00000 0.01223 0.00000 0.06252 0.00000 
182	2	0.29563 0.00000 0.01503 0.00000 0.02078 0.00000 0.21765 0.00000 0.12632 0.00000 0.11464 0.00000 0.02780 0.00000 0.18216 0.00000 
183	2	0.30834 0.00000 0.00000 0.00000 0.05224 0.00000 0.36522 0.00000 0.09861 0.00000 0.00018 0.00000 0.08339 0.00000 0.09202 0.00000 
184	2	0.92510 0.00000 0.00849 0.00000 0.00002 0.00000 0.00668 0.00000 0.03354 0.00000 0.01167 0.00000 0.00038 0.00000 0.01412 0.00000 
185	2	0.26268 0.00000 0.00243 0.00000 0.00022 0.00000 0.52025 0.00000 0.09331 0.00000 0.03226 0.00000 0.00693 0.00000 0.08193 0.00000 
186	2	0.14238 0.00000 0.00000 0.00000 0.03201 0.00000 0.67460 0.00000 0.04177 0.00000 0.00000 0.00000 0.04216 0.00000 0.06708 0.00000 
187	2	0.07468 0.00000 0.00001 0.00000 0.01729 0.00000 0.61327 0.00000 0.10569 0.00000 0.00722 0.00000 0.03190 0.00000 0.14994 0.00000 
188	2	0.56274 0.00000 0.00000 0.00000 0.04536 0.00000 0.16243 0.00000 0.10319 0.00000 0.00636 0.00000 0.04482 0.00000 0.07510 0.00000 
189	2	0.43154 0.00000 0.00000 0.00000 0.00000 0.00000 0.43200 0.00000 0.08098 0.00000 0.00473 0.00000 0.00175 0.00000 0.04901 0.00000 
190	2	0.45427 0.00000 0.00000 0.00000 0.02402 0.00000 0.38028 0.00000 0.05340 0.00000 0.00020 0.00000 0.03868 0.00000 0.04915 0.00000 
191	2	0.32380 0.00000 0.00006 0.00000 0.00309 0.00000 0.50909 0.00000 0.07460 0.00000 0.00942 0.00000 0.02066 0.00000 0.05928 0.00000 
192	2	0.57814 0.00000 0.00152 0.00000 0.02453 0.00000 0.25444 0.00000 0.06187 0.00000 0.00920 0.00000 0.01675 0.00000 0.05356 0.00000 
193	2	0.50588 0.00000 0.02014 0.00000 0.02575 0.00000 0.25021 0.00000 0.08484 0.00000 0.03477 0.00000 0.01982 0.00000 0.05860 0.00000 
194	2	0.17616 0.00000 0.00048 0.00000 0.05308 0.00000 0.51779 0.00000 0.12063 0.00000 0.03862 0.00000 0.02309 0.00000 0.07015 0.00000 
195	2	0.08966 0.00000 0.00516 0.00000 0.02709 0.00000 0.65606 0.00000 0.08008 0.00000 0.03858 0.00000 0.02031 0.00000 0.08308 0.00000 
196	2	0.68830 0.00000 0.00025 0.00000 0.00778 0.00000 0.10086 0.00000 0.09649 0.00000 0.00637 0.00000 0.02772 0.00000 0.07222 0.00000 
197	2	0.30271 0.00000 0.00088 0.00000 0.00888 0.00000 0.55394 0.00000 0.04360 0.00000 0.00660 0.00000 0.03096 0.00000 0.05242 0.00000 
198	2	0.17013 0.00000 0.00002 0.00000 0.00057 0.00000 0.63055 0.00000 0.08375 0.00000 0.00893 0.00000 0.01129 0.00000 0.09476 0.00000 
199	2	0.13882 0.00000 0.00002 0.00000 0.00000 0.00000 0.51670 0.00000 0.16179 0.00000 0.04718 0.00000 0.00027 0.00000 0.13523 0.00000 
200	3	0.68561 0.00000 0.00000 0.00000 0.00006 0.00000 0.07194 0.00000 0.10991 0.00000 0.00000 0.00000 0.01548 0.00000 0.11699 0.00000 
201	3	0.88449 0.00000 0.00000 0.00000 0.00062 0.00000 0.02222 0.00000 0.05342 0.00000 0.00001 0.00000 0.00987 0.00000 0.02936 0.00000 
202	3	0.65436 0.00000 0.00000 0.00000 0.05515 0.00000 0.10732 0.00000 0.07957 0.00000 0.00004 0.00000 0.07165 0.00000 0.03193 0.00000 
203	3	0.11172 0.00000 0.00046 0.00000 0.00072 0.00000 0.71795 0.00000 0.07307 0.00000 0.00098 0.00000 0.00915 0.00000 0.08595 0.00000 
204	3	0.81327 0.00000 0.00000 0.00000 0.03822 0.00000 0.03390 0.00000 0.04293 0.00000 0.00000 0.00000 0.04074 0.00000 0.03093 0.00000 
205	3	0.86191 0.00000 0.00000 0.00000 0.00041 0.00000 0.00649 0.00000 0.07918 0.00000 0.00005 0.00000 0.01884 0.00000 0.03311 0.00000 
206	3	0.09412 0.00000 0.00309 0.00000 0.01068 0.00000 0.66529 0.00000 0.08299 0.00000 0.01654 0.00000 0.03020 0.00000 0.09708 0.00000 
207	3	0.14211 0.00000 0.00000 0.00000 0.12665 0.00000 0.46926 0.00000 0.10551 0.00000 0.00007 0.00000 0.07256 0.00000 0.08384 0.00000 
208	3	0.22234 0.00000 0.00000 0.00000 0.03638 0.00000 0.52425 0.00000 0.06989 0.00000 0.00000 0.00000 0.05286 0.00000 0.09428 0.00000 
209	3	0.57261 0.00000 0.03201 0.00000 0.00170 0.00000 0.08419 0.00000 0.13730 0.00000 0.03456 0.00000 0.04914 0.00000 0.08847 0.00000 
210	3	0.00344 0.00000 0.00000 0.00000 0.00039 0.00000 0.90150 0.00000 0.02176 0.00000 0.00004 0.00000 0.01477 0.00000 0.05810 0.00000 
211	3	0.56148 0.00000 0.00000 0.00000 0.00057 0.00000 0.23068 0.00000 0.08940 0.00000 0.00011 0.00000 0.02305 0.00000 0.09469 0.00000 
212	3	0.16671 0.00000 0.00112 0.00000 0.03052 0.00000 0.51325 0.00000 0.08097 0.00000 0.00232 0.00000 0.08670 0.00000 0.11842 0.00000 
213	3	0.69635 0.00000 0.00000 0.00000 0.03286 0.00000 0.08074 0.00000 0.08187 0.00000 0.00000 0.00000 0.05199 0.00000 0.05620 0.00000 
214	3	0.08555 0.00000 0.00000 0.00000 0.00140 0.00000 0.72353 0.00000 0.07376 0.00000 0.00002 0.00000 0.00959 0.00000 0.10616 0.00000 
215	3	0.09350 0.00000 0.00072 0.00000 0.01227 0.00000 0.68547 0.00000 0.07551 0.00000 0.02013 0.00000 0.01879 0.00000 0.09361 0.00000 
216	3	0.42925 0.00000 0.00000 0.00000 0.05235 0.00000 0.26789 0.00000 0.08204 0.00000 0.00003 0.00000 0.07269 0.00000 0.09574 0.00000 
217	3	0.01710 0.00000 0.00194 0.00000 0.05149 0.00000 0.79669 0.00000 0.02464 0.00000 0.00399 0.00000 0.03510 0.00000 0.06906 0.00000 
218	3	0.00906 0.00000 0.00000 0.00000 0.08144 0.00000 0.50637 0.00000 0.07850 0.00000 0.00001 0.00000 0.13822 0.00000 0.18639 0.00000 
219	3	0.73735 0.00000 0.00206 0.00000 0.00000 0.00000 0.03815 0.00000 0.10483 0.00000 0.03638 0.00000 0.00038 0.00000 0.08085 0.00000 
220	3	0.37304 0.00000 0.00000 0.00000 0.02578 0.00000 0.27709 0.00000 0.12791 0.00000 0.00023 0.00000 0.08417 0.00000 0.11180 0.00000 
221	3	0.42023 0.00000 0.00005 0.00000 0.00459 0.00000 0.22658 0.00000 0.15218 0.00000 0.02486 0.00000 0.00514 0.00000 0.16637 0.00000 
222	3	0.89784 0.00000 0.00000 0.00000 0.00089 0.00000 0.01436 0.00000 0.04741 0.00000 0.00000 0.00000 0.01687 0.00000 0.02264 0.00000 
223	3	0.36092 0.00000 0.00000 0.00000 0.04133 0.00000 0.38335 0.00000 0.07080 0.00000 0.00001 0.00000 0.06870 0.00000 0.07488 0.00000 
224	3	0.09461 0.00000 0.00273 0.00000 0.00499 0.00000 0.62967 0.00000 0.12927 0.00000 0.00569 0.00000 0.03646 0.00000 0.09658 0.00000 
225	3	0.04049 0.00000 0.00361 0.00000 0.00052 0.00000 0.86788 0.00000 0.03438 0.00000 0.00883 0.00000 0.00404 0.00000 0.04025 0.00000 
226	3	0.84625 0.00000 0.00039 0.00000 0.00076 0.00000 0.08056 0.00000 0.04139 0.00000 0.00086 0.00000 0.00856 0.00000 0.02124 0.00000 
227	3	0.23892 0.00000 0.00000 0.00000 0.00265 0.00000 0.58279 0.00000 0.06705 0.00000 0.00052 0.00000 0.02043 0.00000 0.08765 0.00000 
228	3	0.58107 0.00000 0.00000 0.00000 0.06264 0.00000 0.11398 0.00000 0.10506 0.00000 0.00019 0.00000 0.08748 0.00000 0.04959 0.00000 
229	3	0.65010 0.00000 0.04972 0.00000 0.00233 0.00000 0.10413 0.00000 0.09179 0.00000 0.02542 0.00000 0.01068 0.00000 0.06582 0.00000 
230	3	0.23521 0.00000 0.00000 0.00000 0.00006 0.00000 0.60702 0.00000 0.07221 0.00000 0.00055 0.00000 0.00995 0.00000 0.07500 0.00000 
231	3	0.58262 0.00000 0.00000 0.00000 0.05626 0.00000 0.04437 0.00000 0.10718 0.00000 0.00000 0.00000 0.14067 0.00000 0.06889 0.00000 
232	3	0.02682 0.00000 0.00000 0.00000 0.00000 0.00000 0.82517 0.00000 0.06192 0.00000 0.00171 0.00000 0.00122 0.00000 0.08316 0.00000 
233	3	0.07841 0.00000 0.00000 0.00000 0.07825 0.00000 0.46302 0.00000 0.11231 0.00000 0.00526 0.00000 0.10483 0.00000 0.15791 0.00000 
234	3	0.07442 0.00000 0.00000 0.00000 0.01640 0.00000 0.69949 0.00000 0.07327 0.00000 0.00009 0.00000 0.05944 0.00000 0.07690 0.00000 
235	3	0.30644 0.00000 0.00058 0.00000 0.00016 0.00000 0.21910 0.00000 0.19148 0.00000 0.02274 0.00000 0.01061 0.00000 0.24889 0.00000 
236	3	0.02361 0.00000 0.00000 0.00000 0.00448 0.00000 0.90185 0.00000 0.01110 0.00000 0.00000 0.00000 0.02012 0.00000 0.03886 0.00000 
237	3	0.74097 0.00000 0.00000 0.00000 0.00006 0.00000 0.05361 0.00000 0.10238 0.00000 0.00044 0.00000 0.01933 0.00000 0.08321 0.00000 
238	3	0.61510 0.00000 0.00000 0.00000 0.00000 0.00000 0.21273 0.00000 0.08307 0.00000 0.00000 0.00000 0.00000 0.00000 0.08911 0.00000 
239	3	0.27543 0.00000 0.00168 0.00000 0.01768 0.00000 0.37156 0.00000 0.13750 0.00000 0.01277 0.00000 0.07421 0.00000 0.10916 0.00000 
240	3	0.60452 0.00000 0.00002 0.00000 0.04635 0.00000 0.19630 0.00000 0.05719 0.00000 0.00249 0.00000 0.03878 0.00000 0.05435 0.00000 
241	3	0.62414 0.00000 0.00000 0.00000 0.00005 0.00000 0.21805 0.00000 0.06854 0.00000 0.00018 0.00000 0.01323 0.00000 0.07581 0.00000 
242	3	0.14392 0.00000 0.00001 0.00000 0.32329 0.00000 0.25209 0.00000 0.09655 0.00000 0.00310 0.00000 0.09509 0.00000 0.08594 0.00000 
243	3	0.72091 0.00000 0.00000 0.00000 0.00068 0.00000 0.16309 0.00000 0.05061 0.00000 0.00000 0.00000 0.01519 0.00000 0.04952 0.00000 
244	3	0.75191 0.00000 0.00000 0.00000 0.00000 0.00000 0.13749 0.00000 0.06055 0.00000 0.00000 0.00000 0.00000 0.00000 0.05005 0.00000 
245	3	0.73753 0.00000 0.00000 0.00000 0.01331 0.00000 0.11511 0.00000 0.05584 0.00000 0.00032 0.00000 0.03670 0.00000 0.04118 0.00000 
246	3	0.19245 0.00000 0.00000 0.00000 0.03958 0.00000 0.52489 0.00000 0.09485 0.00000 0.00000 0.00000 0.06434 0.00000 0.08388 0.00000 
247	3	0.66970 0.00000 0.00047 0.00000 0.00000 0.00000 0.11670 0.00000 0.10875 0.00000 0.00849 0.00000 0.00285 0.00000 0.09304 0.00000 
248	3	0.15562 0.00000 0.00000 0.00000 0.32452 0.00000 0.31867 0.00000 0.04258 0.00000 0.00000 0.00000 0.08124 0.00000 0.07738 0.00000 
249	3	0.68636 0.00000 0.00000 0.00000 0.00646 0.00000 0.13513 0.00000 0.06949 0.00000 0.00000 0.00000 0.04263 0.00000 0.05992 0.00000 
250	3	0.31283 0.00000 0.04467 0.00000 0.11068 0.00000 0.19896 0.00000 0.12449 0.00000 0.06485 0.00000 0.05841 0.00000 0.08511 0.00000 
251	3	0.85228 0.00000 0.00000 0.00000 0.00404 0.00000 0.00846 0.00000 0.07286 0.00000 0.00016 0.00000 0.03618 0.00000 0.02601 0.00000 
252	3	0.21725 0.00000 0.01357 0.00000 0.01385 0.00000 0.62156 0.00000 0.05945 0.00000 0.02218 0.00000 0.00962 0.00000 0.04253 0.00000 
253	3	0.02020 0.00000 0.00000 0.00000 0.00359 0.00000 0.74476 0.00000 0.05140 0.00000 0.00000 0.00000 0.06271 0.00000 0.11734 0.00000 
254	3	0.38112 0.00000 0.00000 0.00000 0.12705 0.00000 0.13195 0.00000 0.13150 0.00000 0.00001 0.00000 0.14251 0.00000 0.08586 0.00000 
255	3	0.63941 0.00000 0.00000 0.00000 0.05240 0.00000 0.02905 0.00000 0.13865 0.00000 0.00000 0.00000 0.10413 0.00000 0.03637 0.00000 
256	3	0.26110 0.00000 0.00004 0.00000 0.08040 0.00000 0.35371 0.00000 0.10372 0.00000 0.00186 0.00000 0.07763 0.00000 0.12155 0.00000 
257	3	0.67925 0.00000 0.00000 0.00000 0.00594 0.00000 0.15917 0.00000 0.06491 0.00000 0.00000 0.00000 0.03572 0.00000 0.05500 0.00000 
258	3	0.04739 0.00000 0.00000 0.00000 0.00006 0.00000 0.84961 0.00000 0.03936 0.00000 0.00000 0.00000 0.00535 0.00000 0.05822 0.00000 
259	3	0.89350 0.00000 0.00000 0.00000 0.00357 0.00000 0.00525 0.00000 0.05837 0.00000 0.00000 0.00000 0.02190 0.00000 0.01741 0.00000 
260	3	0.08882 0.00000 0.00133 0.00000 0.00071 0.00000 0.48409 0.00000 0.18380 0.00000 0.01642 0.00000 0.03201 0.00000 0.19281 0.00000 
261	3	0.00932 0.00000 0.00000 0.00000 0.00070 0.00000 0.83156 0.00000 0.02922 0.00000 0.00100 0.00000 0.03253 0.00000 0.09567 0.00000 
262	3	0.01778 0.00000 0.00000 0.00000 0.01221 0.00000 0.88479 0.00000 0.02073 0.00000 0.00000 0.00000 0.01831 0.00000 0.04619 0.00000 
263	3	0.61654 0.00000 0.01266 0.00000 0.02738 0.00000 0.04274 0.00000 0.16373 0.00000 0.02893 0.00000 0.05487 0.00000 0.05314 0.00000 
264	3	0.59779 0.00000 0.00000 0.00000 0.00307 0.00000 0.20685 0.00000 0.06751 0.00000 0.00000 0.00000 0.03252 0.00000 0.09227 0.00000 
265	3	0.08466 0.00000 0.00010 0.00000 0.09535 0.00000 0.41192 0.00000 0.12318 0.00000 0.01136 0.00000 0.10824 0.00000 0.16518 0.00000 
266	3	0.49507 0.00000 0.00000 0.00000 0.00000 0.00000 0.32911 0.00000 0.07929 0.00000 0.00000 0.00000 0.01184 0.00000 0.08469 0.00000 
267	3	0.02814 0.00000 0.00000 0.00000 0.00000 0.00000 0.84130 0.00000 0.04644 0.00000 0.00737 0.00000 0.00179 0.00000 0.07495 0.00000 
268	3	0.00012 0.00000 0.00000 0.00000 0.00034 0.00000 0.95886 0.00000 0.00303 0.00000 0.00001 0.00000 0.00730 0.00000 0.03034 0.00000 
269	3	0.48383 0.00000 0.00000 0.00000 0.00000 0.00000 0.32819 0.00000 0.08444 0.00000 0.01063 0.00000 0.00378 0.00000 0.08913 0.00000 
270	3	0.45795 0.00000 0.00003 0.00000 0.00000 0.00000 0.37454 0.00000 0.07075 0.00000 0.00668 0.00000 0.00048 0.00000 0.08958 0.00000 
271	3	0.17185 0.00000 0.00010 0.00000 0.11190 0.00000 0.55182 0.00000 0.05106 0.00000 0.00405 0.00000 0.03964 0.00000 0.06958 0.00000 
272	3	0.41427 0.00000 0.00000 0.00000 0.01134 0.00000 0.46548 0.00000 0.04192 0.00000 0.00010 0.00000 0.01781 0.00000 0.04908 0.00000 
273	3	0.00196 0.00000 0.00009 0.00000 0.00288 0.00000 0.89925 0.00000 0.01915 0.00000 0.00313 0.00000 0.01785 0.00000 0.05569 0.00000 
274	3	0.00140 0.00000 0.00000 0.00000 0.00081 0.00000 0.94257 0.00000 0.01040 0.00000 0.00011 0.00000 0.00954 0.00000 0.03517 0.00000 
275	3	0.71961 0.00000 0.00000 0.00000 0.00430 0.00000 0.03711 0.00000 0.12205 0.00000 0.00003 0.00000 0.05106 0.00000 0.06583 0.00000 
276	3	0.12127 0.00000 0.00000 0.00000 0.01548 0.00000 0.69135 0.00000 0.06655 0.00000 0.00007 0.00000 0.02260 0.00000 0.08267 0.00000 
277	3	0.78020 0.00000 0.00422 0.00000 0.00000 0.00000 0.02998 0.00000 0.09662 0.00000 0.02227 0.00000 0.00018 0.00000 0.06653 0.00000 
278	3	0.02783 0.00000 0.00000 0.00000 0.00517 0.00000 0.78111 0.00000 0.03709 0.00000 0.00000 0.00000 0.04398 0.00000 0.10483 0.00000 
279	3	0.75170 0.00000 0.00000 0.00000 0.00000 0.00000 0.01901 0.00000 0.15356 0.00000 0.00279 0.00000 0.00511 0.00000 0.06784 0.00000 
280	3	0.65849 0.00000 0.00000 0.00000 0.00170 0.00000 0.06189 0.00000 0.13465 0.00000 0.00014 0.00000 0.02712 0.00000 0.11601 0.00000 
281	3	0.03776 0.00000 0.01337 0.00000 0.03011 0.00000 0.70623 0.00000 0.05229 0.00000 0.01330 0.00000 0.06618 0.00000 0.08077 0.00000 
282	3	0.01480 0.00000 0.00000 0.00000 0.00276 0.00000 0.84472 0.00000 0.05495 0.00000 0.00002 0.00000 0.03080 0.00000 0.05195 0.00000 
283	3	0.74050 0.00000 0.00003 0.00000 0.00037 0.00000 0.01747 0.00000 0.12702 0.00000 0.00263 0.00000 0.03962 0.00000 0.07236 0.00000 
284	3	0.60087 0.00000 0.00531 0.00000 0.11972 0.00000 0.07672 0.00000 0.08786 0.00000 0.00525 0.00000 0.04103 0.00000 0.06326 0.00000 
285	3	0.16049 0.00000 0.00000 0.00000 0.00446 0.00000 0.51513 0.00000 0.10764 0.00000 0.00052 0.00000 0.05896 0.00000 0.15279 0.00000 
286	3	0.44305 0.00000 0.00000 0.00000 0.12480 0.00000 0.24637 0.00000 0.04573 0.00000 0.00000 0.00000 0.07596 0.00000 0.06409 0.00000 
287	3	0.07752 0.00000 0.06923 0.00000 0.00000 0.00000 0.74781 0.00000 0.04373 0.00000 0.00962 0.00000 0.00091 0.00000 0.05119 0.00000 
288	3	0.41772 0.00000 0.00000 0.00000 0.14310 0.00000 0.24618 0.00000 0.07591 0.00000 0.00000 0.00000 0.06479 0.00000 0.05230 0.00000 
289	3	0.03108 0.00000 0.00000 0.00000 0.01096 0.00000 0.66476 0.00000 0.06247 0.00000 0.00000 0.00000 0.07502 0.00000 0.15570 0.00000 
290	3	0.18146 0.00000 0.00538 0.00000 0.01768 0.00000 0.52686 0.00000 0.09310 0.00000 0.02108 0.00000 0.04571 0.00000 0.10873 0.00000 
291	3	0.02169 0.00000 0.00000 0.00000 0.81802 0.00000 0.02744 0.00000 0.03278 0.00000 0.00000 0.00000 0.07843 0.00000 0.02163 0.00000 
292	3	0.13000 0.00000 0.00000 0.00000 0.05578 0.00000 0.70169 0.00000 0.04510 0.00000 0.00001 0.00000 0.01866 0.00000 0.04876 0.00000 
293	3	0.47936 0.00000 0.00246 0.00000 0.05613 0.00000 0.13812 0.00000 0.15419 0.00000 0.00856 0.00000 0.07271 0.00000 0.08846 0.00000 
294	3	0.00028 0.00000 0.00000 0.00000 0.00809 0.00000 0.86547 0.00000 0.01183 0.00000 0.00000 0.00000 0.04294 0.00000 0.07140 0.00000 
295	3	0.14480 0.00000 0.33498 0.00000 0.00000 0.00000 0.33332 0.00000 0.05012 0.00000 0.05702 0.00000 0.00152 0.00000 0.07823 0.00000 
296	3	0.19455 0.00000 0.00000 0.00000 0.00033 0.00000 0.63056 0.00000 0.06189 0.00000 0.00046 0.00000 0.01893 0.00000 0.09328 0.00000 
