600	6	16
0	1	0.01439 0.00869 0.00912 0.06496 0.10879 0.00789 0.30462 0.12440 0.01443 0.02912 0.04354 0.09197 0.09346 0.03723 0.02894 0.01846 
1	1	0.05061 0.03270 0.00348 0.00293 0.00854 0.23829 0.31234 0.16719 0.01670 0.02351 0.01541 0.01385 0.01503 0.03704 0.04491 0.01746 
2	1	0.02893 0.00668 0.04067 0.19981 0.16391 0.00091 0.00409 0.18654 0.02125 0.03636 0.05606 0.12750 0.08389 0.01073 0.00683 0.02583 
3	1	0.01310 0.01579 0.08840 0.14770 0.00645 0.00967 0.03502 0.10193 0.02206 0.07211 0.15866 0.19282 0.07554 0.03113 0.01956 0.01004 
4	1	0.01919 0.03662 0.05434 0.22447 0.02517 0.00432 0.00360 0.18608 0.01999 0.05744 0.09652 0.14438 0.06903 0.01702 0.01530 0.02654 
5	1	0.02448 0.04184 0.10400 0.00095 0.00216 0.11944 0.12911 0.22243 0.02344 0.07343 0.07012 0.02174 0.02339 0.05138 0.05910 0.03301 
6	1	0.00866 0.02181 0.01180 0.00410 0.02665 0.04555 0.26325 0.24836 0.01702 0.04490 0.04877 0.04839 0.07987 0.06482 0.03657 0.02950 
7	1	0.01194 0.03444 0.21536 0.06508 0.01561 0.00104 0.00727 0.09782 0.02075 0.09051 0.18709 0.12699 0.04803 0.02481 0.02737 0.02589 
8	1	0.00970 0.02415 0.08425 0.06964 0.00108 0.00238 0.10253 0.32007 0.01396 0.05121 0.10591 0.09030 0.02627 0.02240 0.04356 0.03261 
9	1	0.06648 0.06753 0.13788 0.02763 0.00186 0.00006 0.11061 0.25529 0.03188 0.06077 0.08726 0.05790 0.01006 0.00895 0.03734 0.03850 
10	1	0.04759 0.03936 0.11977 0.04465 0.03297 0.00795 0.06026 0.27119 0.02706 0.06136 0.10375 0.07641 0.03402 0.01844 0.02641 0.02882 
11	1	0.01575 0.01961 0.00602 0.00160 0.00903 0.46941 0.18764 0.08610 0.01732 0.02651 0.01799 0.01415 0.02385 0.05815 0.03268 0.01418 
12	1	0.05505 0.11191 0.00487 0.00775 0.05092 0.13059 0.13268 0.15889 0.05260 0.07997 0.03366 0.03426 0.04869 0.05193 0.02477 0.02145 
13	1	0.03534 0.01210 0.00602 0.00260 0.02420 0.27486 0.37047 0.07567 0.01751 0.02451 0.02041 0.01514 0.02045 0.04966 0.03941 0.01165 
14	1	0.07208 0.11094 0.26528 0.01679 0.01151 0.00937 0.01570 0.01140 0.03256 0.10516 0.14474 0.08785 0.05057 0.02961 0.02157 0.01489 
15	1	0.04796 0.02684 0.02092 0.00771 0.02439 0.02139 0.38170 0.16321 0.02269 0.05011 0.05123 0.04511 0.04631 0.03297 0.03471 0.02275 
16	1	0.03640 0.11458 0.21463 0.09952 0.01030 0.01129 0.00739 0.06218 0.02234 0.10281 0.13764 0.08392 0.03843 0.02457 0.01959 0.01440 
17	1	0.03089 0.04056 0.18150 0.15659 0.01619 0.00924 0.02081 0.06643 0.02136 0.06512 0.12789 0.11917 0.05913 0.03726 0.03065 0.01721 
18	1	0.01133 0.04196 0.06403 0.10057 0.01420 0.04344 0.29518 0.15794 0.01582 0.04342 0.06117 0.06161 0.02909 0.01874 0.02280 0.01869 
19	1	0.03164 0.04472 0.05630 0.02122 0.02769 0.00587 0.08417 0.33440 0.02696 0.07320 0.07511 0.05142 0.04547 0.02554 0.04577 0.05054 
20	1	0.01361 0.01277 0.02069 0.08340 0.17999 0.06603 0.01782 0.21411 0.02001 0.03820 0.06289 0.08327 0.08043 0.05482 0.02620 0.02575 
21	1	0.01294 0.14162 0.02080 0.04549 0.06782 0.00391 0.11027 0.22047 0.03277 0.08554 0.07341 0.07249 0.05890 0.01847 0.01673 0.01837 
22	1	0.02572 0.01708 0.00211 0.10002 0.18373 0.19177 0.08549 0.19748 0.01374 0.02298 0.01553 0.03121 0.03953 0.03624 0.02220 0.01517 
23	1	0.00911 0.01618 0.11371 0.00453 0.23083 0.09858 0.04089 0.19043 0.02049 0.03803 0.05825 0.03424 0.04825 0.05546 0.02667 0.01435 
24	1	0.01769 0.01928 0.00384 0.13546 0.30770 0.16656 0.05899 0.08615 0.01279 0.02384 0.01631 0.02623 0.04161 0.04109 0.02351 0.01897 
25	1	0.06150 0.07575 0.08720 0.00391 0.02777 0.09592 0.01827 0.14747 0.05343 0.11110 0.09573 0.05947 0.04862 0.05294 0.03355 0.02736 
26	1	0.08407 0.09857 0.04516 0.00939 0.02668 0.07896 0.03537 0.09242 0.05552 0.12958 0.10890 0.05885 0.05556 0.05711 0.03635 0.02751 
27	1	0.01037 0.05591 0.14962 0.00128 0.00108 0.13074 0.18028 0.10798 0.02077 0.07789 0.08167 0.02898 0.02117 0.05460 0.05735 0.02032 
28	1	0.03800 0.10284 0.10387 0.00197 0.14585 0.15799 0.00639 0.09574 0.03204 0.06875 0.05894 0.02511 0.05681 0.06021 0.02127 0.02422 
29	1	0.07050 0.07463 0.10890 0.00985 0.00985 0.06276 0.09053 0.18672 0.05469 0.10943 0.10001 0.03424 0.02142 0.03459 0.01954 0.01236 
30	1	0.03289 0.03527 0.01025 0.00427 0.00000 0.03608 0.60227 0.08906 0.01813 0.03764 0.02489 0.01178 0.00628 0.02599 0.04742 0.01778 
31	1	0.06577 0.05246 0.03046 0.00323 0.03460 0.08781 0.02131 0.20071 0.06563 0.13576 0.08280 0.03540 0.06789 0.07384 0.02568 0.01664 
32	1	0.00730 0.01579 0.03371 0.15253 0.00876 0.01136 0.12169 0.34949 0.01078 0.03401 0.06281 0.06710 0.02360 0.01993 0.04112 0.04001 
33	1	0.04127 0.01610 0.06879 0.03765 0.04347 0.05871 0.01063 0.28432 0.01784 0.04676 0.08330 0.09893 0.08642 0.05230 0.02764 0.02586 
34	1	0.06694 0.01679 0.11056 0.04955 0.00830 0.01945 0.01983 0.20949 0.04757 0.07336 0.12500 0.10866 0.03910 0.04525 0.03759 0.02258 
35	1	0.03711 0.19135 0.04246 0.00446 0.02351 0.04086 0.16045 0.21885 0.01886 0.07009 0.06095 0.02893 0.02853 0.02906 0.02078 0.02376 
36	1	0.05266 0.11272 0.20212 0.00442 0.00000 0.00126 0.01665 0.33185 0.03713 0.09129 0.07168 0.02146 0.00912 0.00952 0.01351 0.02461 
37	1	0.00095 0.00014 0.01790 0.03906 0.03109 0.00919 0.00370 0.65051 0.00226 0.00318 0.01474 0.06411 0.05621 0.02689 0.02522 0.05486 
38	1	0.01314 0.04931 0.01398 0.05305 0.05944 0.00291 0.16750 0.25695 0.01881 0.04668 0.06099 0.09009 0.07402 0.02949 0.03551 0.02812 
39	1	0.03515 0.04226 0.05703 0.06013 0.04150 0.00974 0.21019 0.14082 0.01585 0.04839 0.08615 0.10515 0.06701 0.03476 0.03014 0.01573 
40	1	0.02702 0.04358 0.04412 0.08801 0.00768 0.00112 0.00277 0.42359 0.02367 0.05681 0.07327 0.09179 0.04901 0.01713 0.01938 0.03104 
41	1	0.00889 0.03030 0.03222 0.05437 0.22568 0.06519 0.01449 0.15866 0.00814 0.04115 0.05416 0.06904 0.11592 0.07435 0.02374 0.02369 
42	1	0.10755 0.01124 0.00264 0.00022 0.25270 0.25860 0.11317 0.09351 0.01663 0.01752 0.00978 0.00742 0.02897 0.04502 0.02130 0.01372 
43	1	0.01065 0.02164 0.01401 0.03200 0.14869 0.09656 0.17480 0.13789 0.01277 0.03241 0.03265 0.08034 0.10118 0.05000 0.03643 0.01798 
44	1	0.04803 0.10066 0.04039 0.06976 0.00960 0.03811 0.15469 0.08810 0.03800 0.11242 0.09738 0.07729 0.03800 0.04169 0.03362 0.01228 
45	1	0.01870 0.03699 0.06668 0.05220 0.01050 0.01447 0.05701 0.37425 0.01556 0.04826 0.09797 0.09291 0.03137 0.02399 0.02866 0.03049 
46	1	0.02707 0.09479 0.08449 0.00800 0.00495 0.00289 0.00674 0.41425 0.02233 0.07834 0.09671 0.04894 0.03621 0.02821 0.02299 0.02309 
47	1	0.00821 0.04747 0.10152 0.13911 0.00347 0.00971 0.00064 0.26557 0.01040 0.05969 0.12757 0.11596 0.03555 0.01806 0.01622 0.04087 
48	1	0.01127 0.03143 0.02330 0.00084 0.00042 0.00964 0.17451 0.58790 0.01101 0.02854 0.02266 0.00955 0.00676 0.00795 0.03513 0.03910 
49	1	0.00904 0.00548 0.03219 0.09578 0.05313 0.02005 0.03025 0.32570 0.01353 0.03163 0.07508 0.10461 0.06950 0.05160 0.04602 0.03642 
50	1	0.03084 0.05538 0.12387 0.03829 0.06521 0.11788 0.05998 0.19996 0.02036 0.07325 0.08578 0.03494 0.02821 0.02921 0.02038 0.01648 
51	1	0.01715 0.01513 0.04927 0.05998 0.02613 0.00380 0.09744 0.31111 0.01944 0.04424 0.08323 0.10107 0.05736 0.02801 0.04378 0.04287 
52	1	0.01102 0.01176 0.01216 0.07383 0.05647 0.00930 0.00834 0.44609 0.01175 0.02541 0.03762 0.10064 0.09350 0.03239 0.03278 0.03692 
53	1	0.00949 0.00466 0.03588 0.23564 0.11084 0.00075 0.26251 0.07342 0.00834 0.01697 0.03695 0.09081 0.06481 0.00981 0.02536 0.01377 
54	1	0.01356 0.00858 0.00769 0.07384 0.15490 0.07924 0.00053 0.12947 0.01367 0.03470 0.04267 0.13500 0.19728 0.08671 0.00788 0.01429 
55	1	0.00272 0.01459 0.01026 0.02295 0.05862 0.19848 0.43529 0.01875 0.00552 0.02187 0.02317 0.02326 0.03228 0.06605 0.05866 0.00753 
56	1	0.04218 0.21091 0.00349 0.02143 0.11603 0.01248 0.02667 0.22313 0.02333 0.07266 0.04045 0.03444 0.04573 0.03936 0.05159 0.03612 
57	1	0.03072 0.06154 0.17904 0.01762 0.01388 0.02045 0.03222 0.22909 0.03760 0.08423 0.09194 0.05398 0.04074 0.03763 0.03907 0.03024 
58	1	0.03207 0.12903 0.00397 0.05914 0.05086 0.01815 0.00465 0.38291 0.04353 0.07903 0.03980 0.04306 0.03077 0.01726 0.02564 0.04012 
59	1	0.02635 0.01510 0.00407 0.00609 0.54080 0.12604 0.00308 0.06664 0.01997 0.02789 0.01991 0.02608 0.06244 0.03632 0.00943 0.00979 
60	1	0.01307 0.00686 0.00975 0.04411 0.10543 0.22709 0.06654 0.20368 0.01865 0.03023 0.03587 0.07181 0.07967 0.04699 0.02472 0.01552 
61	1	0.01469 0.03024 0.16518 0.00300 0.08270 0.18072 0.00891 0.22222 0.01824 0.05926 0.07096 0.01852 0.02784 0.03125 0.03264 0.03363 
62	1	0.02467 0.07724 0.06247 0.03165 0.08954 0.04819 0.01737 0.22036 0.01770 0.08426 0.08516 0.05413 0.07333 0.05886 0.03060 0.02449 
63	1	0.01206 0.04364 0.10049 0.06791 0.00528 0.01555 0.13646 0.23116 0.01115 0.04587 0.10008 0.08359 0.04182 0.03533 0.04315 0.02645 
64	1	0.01386 0.02586 0.10941 0.03994 0.00359 0.12630 0.15018 0.21042 0.02055 0.05140 0.08420 0.05451 0.01667 0.03169 0.03576 0.02566 
65	1	0.01167 0.01550 0.01490 0.01352 0.05064 0.09597 0.20677 0.18704 0.01417 0.03629 0.04068 0.04001 0.09038 0.10951 0.05136 0.02157 
66	1	0.02144 0.01025 0.00951 0.00978 0.02880 0.07388 0.36906 0.21914 0.01144 0.01893 0.01914 0.02067 0.05696 0.07041 0.03856 0.02204 
67	1	0.02100 0.11092 0.16450 0.04565 0.00119 0.00010 0.04205 0.28888 0.02004 0.07774 0.10983 0.06096 0.01219 0.00563 0.01467 0.02463 
68	1	0.04125 0.03217 0.04805 0.03109 0.10208 0.00035 0.10316 0.29465 0.02942 0.05413 0.05684 0.07495 0.06192 0.01211 0.03014 0.02770 
69	1	0.04742 0.01211 0.02113 0.03337 0.08763 0.02089 0.14727 0.26928 0.01935 0.02936 0.03360 0.06981 0.09723 0.04498 0.03596 0.03060 
70	1	0.02312 0.01262 0.00485 0.01601 0.01567 0.00156 0.00990 0.75410 0.01337 0.01970 0.01693 0.02258 0.01723 0.00961 0.02370 0.03905 
71	1	0.04496 0.02316 0.01794 0.00818 0.00066 0.00002 0.37772 0.26890 0.02407 0.03776 0.02711 0.01672 0.00873 0.00581 0.07279 0.06546 
72	1	0.01389 0.01556 0.00461 0.01472 0.06945 0.03885 0.26033 0.24660 0.01630 0.02555 0.02079 0.05029 0.09356 0.06398 0.03915 0.02637 
73	1	0.03813 0.26463 0.02016 0.03310 0.13787 0.02755 0.00391 0.11589 0.03735 0.07934 0.06802 0.06405 0.05287 0.02520 0.01569 0.01625 
74	1	0.04230 0.03112 0.01618 0.00160 0.00131 0.00419 0.76191 0.00050 0.01633 0.02990 0.02447 0.01401 0.01251 0.01190 0.03047 0.00129 
75	1	0.01483 0.01861 0.01849 0.04193 0.07701 0.08785 0.06988 0.13675 0.01489 0.04100 0.05699 0.07163 0.12371 0.13949 0.06667 0.02025 
76	1	0.06417 0.04776 0.04711 0.09370 0.02461 0.01573 0.02959 0.19138 0.03616 0.09266 0.10606 0.09587 0.05747 0.04115 0.03459 0.02197 
77	1	0.02728 0.07126 0.01111 0.01439 0.05818 0.02043 0.01039 0.40734 0.02078 0.04957 0.04017 0.07164 0.10336 0.04436 0.01749 0.03226 
78	1	0.18549 0.02260 0.02128 0.00441 0.02865 0.07544 0.00626 0.16885 0.04766 0.08364 0.07231 0.06353 0.08494 0.07986 0.02773 0.02734 
79	1	0.07556 0.00315 0.00178 0.00737 0.04374 0.11211 0.03698 0.19290 0.03026 0.03457 0.02904 0.05280 0.11996 0.15224 0.07503 0.03251 
80	1	0.01591 0.02477 0.16040 0.09234 0.00630 0.00543 0.02051 0.12653 0.02050 0.07774 0.19781 0.14991 0.03731 0.02202 0.02294 0.01958 
81	1	0.04003 0.03474 0.10961 0.04630 0.00214 0.04563 0.16385 0.23029 0.02622 0.05864 0.07834 0.05251 0.02037 0.01981 0.03388 0.03764 
82	1	0.04879 0.02009 0.01260 0.07405 0.09978 0.00471 0.02221 0.29772 0.02672 0.05893 0.05491 0.10033 0.09645 0.02750 0.02429 0.03091 
83	1	0.02347 0.08477 0.06454 0.07037 0.05796 0.02724 0.20255 0.00531 0.02861 0.08948 0.09074 0.09059 0.07780 0.03885 0.03948 0.00823 
84	1	0.02641 0.01089 0.00345 0.00737 0.12869 0.02525 0.23682 0.20620 0.01909 0.03302 0.02733 0.04752 0.10138 0.05930 0.03951 0.02779 
85	1	0.03019 0.18267 0.02536 0.00924 0.01024 0.02018 0.07541 0.33467 0.03602 0.07864 0.03945 0.03267 0.03106 0.03031 0.03355 0.03033 
86	1	0.02779 0.03986 0.02608 0.08001 0.03831 0.13065 0.12042 0.11763 0.01913 0.04141 0.06562 0.10350 0.06714 0.06075 0.04498 0.01671 
87	1	0.23511 0.09207 0.00751 0.03791 0.01193 0.08663 0.09718 0.09299 0.05897 0.07841 0.03608 0.04267 0.04251 0.04403 0.02832 0.00767 
88	1	0.07361 0.03137 0.05553 0.07848 0.02513 0.00428 0.18336 0.22273 0.03042 0.04395 0.05211 0.07060 0.04932 0.02405 0.02911 0.02595 
89	1	0.04253 0.01354 0.01790 0.07305 0.23089 0.15942 0.15869 0.08772 0.02092 0.03348 0.03279 0.03370 0.04257 0.03017 0.01631 0.00631 
90	1	0.02048 0.02079 0.01491 0.07209 0.01112 0.02693 0.21768 0.20990 0.02143 0.04174 0.06524 0.08558 0.04924 0.03899 0.06690 0.03699 
91	1	0.01493 0.02945 0.10617 0.12745 0.27766 0.02008 0.00322 0.03201 0.01304 0.04552 0.08331 0.11148 0.09373 0.02992 0.00652 0.00551 
92	1	0.00324 0.04719 0.08442 0.05968 0.02850 0.02129 0.11891 0.22944 0.00796 0.03947 0.08863 0.08761 0.05562 0.04933 0.05086 0.02784 
93	1	0.01364 0.03405 0.01157 0.07605 0.04864 0.10426 0.11149 0.20177 0.01453 0.04627 0.05496 0.09311 0.06784 0.05381 0.04429 0.02372 
94	1	0.01462 0.02991 0.01394 0.08444 0.05715 0.00153 0.20019 0.16550 0.02458 0.06403 0.06198 0.10443 0.08020 0.02392 0.04311 0.03047 
95	1	0.01868 0.05944 0.08697 0.13247 0.10948 0.01746 0.01048 0.13299 0.03008 0.06306 0.13328 0.13218 0.03204 0.01337 0.01168 0.01632 
96	1	0.07140 0.02607 0.04140 0.04455 0.01479 0.00584 0.06324 0.26540 0.03920 0.08078 0.10353 0.08970 0.05022 0.03378 0.04236 0.02775 
97	1	0.03075 0.04936 0.02989 0.03716 0.03258 0.01312 0.02504 0.23106 0.04067 0.08527 0.09363 0.13847 0.10618 0.03548 0.02590 0.02544 
98	1	0.13700 0.04594 0.01325 0.01085 0.06703 0.05984 0.05652 0.17369 0.04170 0.06152 0.04058 0.03738 0.08142 0.08468 0.05262 0.03596 
99	1	0.00115 0.02170 0.05896 0.03467 0.00351 0.00403 0.00086 0.65161 0.00848 0.04089 0.06019 0.03665 0.01257 0.01021 0.01449 0.04003 
100	2	0.08726 0.00433 0.03529 0.03276 0.00674 0.04793 0.31901 0.00512 0.07267 0.08117 0.07618 0.04635 0.02619 0.02979 0.08201 0.04721 
101	2	0.00003 0.00333 0.02234 0.03540 0.00175 0.05302 0.45438 0.01591 0.00097 0.02279 0.09522 0.11657 0.05696 0.05258 0.06293 0.00584 
102	2	0.00000 0.13710 0.07352 0.08509 0.03961 0.00497 0.01406 0.01261 0.00851 0.17861 0.17746 0.11452 0.08487 0.03530 0.02216 0.01161 
103	2	0.00000 0.00022 0.00445 0.02673 0.00788 0.00173 0.10022 0.42140 0.00464 0.01824 0.04190 0.06722 0.06669 0.05106 0.08546 0.10215 
104	2	0.00041 0.00648 0.00409 0.00229 0.00116 0.00030 0.00002 0.49331 0.02230 0.08950 0.11535 0.09949 0.06831 0.02682 0.01518 0.05497 
105	2	0.00000 0.00268 0.00543 0.01234 0.00380 0.00170 0.01351 0.58029 0.00237 0.05481 0.07771 0.05516 0.03655 0.01764 0.05021 0.08580 
106	2	0.00059 0.00535 0.00144 0.00059 0.00016 0.00002 0.00002 0.57309 0.02581 0.08315 0.09801 0.07585 0.04923 0.01728 0.01360 0.05581 
107	2	0.05251 0.01974 0.09993 0.22002 0.12328 0.00000 0.00000 0.00000 0.04578 0.09652 0.14672 0.13287 0.06168 0.00033 0.00038 0.00025 
108	2	0.00000 0.00307 0.02838 0.05648 0.00980 0.02617 0.10559 0.02959 0.00025 0.02403 0.14250 0.22847 0.08963 0.06289 0.12933 0.06380 
109	2	0.00018 0.02350 0.04807 0.03163 0.07159 0.04471 0.00727 0.00003 0.01273 0.09409 0.14553 0.16382 0.18766 0.12840 0.03892 0.00188 
110	2	0.10514 0.05813 0.02992 0.03154 0.07683 0.05688 0.01975 0.00066 0.05650 0.08595 0.09381 0.11907 0.13172 0.09416 0.03680 0.00312 
111	2	0.00000 0.00030 0.02392 0.02809 0.09704 0.20413 0.01609 0.03027 0.00231 0.04145 0.11066 0.13251 0.14144 0.10464 0.04112 0.02603 
112	2	0.00000 0.04650 0.00366 0.00028 0.00028 0.00005 0.00960 0.47805 0.02233 0.07081 0.07188 0.05038 0.04449 0.03655 0.06772 0.09741 
113	2	0.09301 0.27113 0.09974 0.03895 0.00221 0.00026 0.00020 0.00038 0.07387 0.15514 0.11439 0.07548 0.04365 0.01974 0.00895 0.00292 
114	2	0.33158 0.12859 0.00755 0.00077 0.00071 0.00001 0.00000 0.00000 0.17541 0.19511 0.09900 0.04222 0.01164 0.00469 0.00259 0.00011 
115	2	0.00006 0.00145 0.05120 0.07130 0.07056 0.19108 0.06723 0.01098 0.00232 0.03089 0.09608 0.11227 0.08823 0.10641 0.07430 0.02564 
116	2	0.24648 0.02704 0.03371 0.15009 0.12835 0.02013 0.02295 0.00000 0.06943 0.08107 0.05520 0.06327 0.06220 0.02844 0.01135 0.00031 
117	2	0.45894 0.04044 0.01749 0.00265 0.00125 0.00209 0.00668 0.02933 0.11460 0.16769 0.10331 0.02663 0.00923 0.00614 0.00800 0.00552 
118	2	0.01728 0.05382 0.00663 0.02801 0.13425 0.05696 0.06046 0.11064 0.08495 0.15024 0.06949 0.06242 0.06856 0.04260 0.03476 0.01896 
119	2	0.00191 0.04298 0.01732 0.09082 0.08432 0.03220 0.08616 0.03010 0.06472 0.15266 0.08864 0.08675 0.08514 0.06463 0.05126 0.02040 
120	2	0.00000 0.00296 0.05714 0.06165 0.05266 0.01411 0.00376 0.22914 0.00029 0.01415 0.12008 0.20586 0.13955 0.04852 0.02630 0.02381 
121	2	0.00920 0.05498 0.00902 0.04996 0.08068 0.03493 0.05504 0.04864 0.08431 0.17443 0.08104 0.07991 0.09096 0.07847 0.04510 0.02333 
122	2	0.00162 0.01789 0.01176 0.12312 0.28570 0.10254 0.05736 0.01107 0.00833 0.02036 0.05313 0.11788 0.10082 0.05166 0.03054 0.00623 
123	2	0.00429 0.05311 0.11051 0.03059 0.00791 0.00117 0.00075 0.00533 0.03098 0.11301 0.18113 0.17905 0.12909 0.07030 0.04861 0.03418 
124	2	0.58918 0.00205 0.00082 0.01859 0.01908 0.00328 0.00531 0.00013 0.09084 0.04409 0.02850 0.05596 0.07328 0.03780 0.02145 0.00964 
125	2	0.03965 0.04997 0.02290 0.00231 0.00096 0.00139 0.00700 0.44146 0.06006 0.13556 0.09172 0.03592 0.02153 0.01900 0.02924 0.04134 
126	2	0.00146 0.00992 0.01677 0.00222 0.00486 0.00254 0.40455 0.14206 0.01443 0.08165 0.10856 0.06104 0.03788 0.02129 0.05790 0.03287 
127	2	0.01801 0.04753 0.02240 0.01677 0.06290 0.05591 0.01779 0.00516 0.02767 0.09493 0.11687 0.12830 0.17148 0.13425 0.06424 0.01578 
128	2	0.04508 0.00047 0.01809 0.16419 0.01616 0.00034 0.00004 0.20283 0.06096 0.02207 0.09886 0.16708 0.08761 0.02243 0.02080 0.07296 
129	2	0.01725 0.15074 0.25783 0.00440 0.01356 0.00284 0.00067 0.00065 0.03447 0.10804 0.10232 0.08961 0.09888 0.06899 0.03568 0.01406 
130	2	0.00007 0.01085 0.01354 0.02476 0.02249 0.03056 0.05320 0.23221 0.01116 0.07228 0.12933 0.15413 0.11504 0.06233 0.04204 0.02603 
131	2	0.00000 0.00011 0.01511 0.01732 0.04157 0.08360 0.45286 0.00000 0.00059 0.01954 0.07745 0.09011 0.08000 0.06878 0.05139 0.00156 
132	2	0.00000 0.01211 0.02238 0.01720 0.00607 0.14701 0.44686 0.00000 0.00099 0.03856 0.08519 0.05840 0.03232 0.05386 0.07236 0.00669 
133	2	0.00000 0.03962 0.13857 0.47415 0.02380 0.00000 0.00000 0.00000 0.00014 0.02553 0.11056 0.14227 0.04471 0.00045 0.00015 0.00006 
134	2	0.00031 0.03787 0.08644 0.04948 0.18539 0.01741 0.04904 0.00000 0.01139 0.08582 0.13587 0.10366 0.09090 0.07953 0.05985 0.00704 
135	2	0.00011 0.00987 0.01692 0.41227 0.13697 0.00171 0.00119 0.00010 0.01472 0.08758 0.09683 0.12071 0.07842 0.01322 0.00630 0.00308 
136	2	0.00009 0.00180 0.02731 0.21568 0.07351 0.05895 0.06721 0.19467 0.01631 0.04786 0.06987 0.07609 0.05888 0.03860 0.03104 0.02215 
137	2	0.01947 0.56609 0.00984 0.00060 0.00006 0.00000 0.00002 0.00000 0.04986 0.19159 0.08264 0.02510 0.01575 0.01493 0.01828 0.00578 
138	2	0.00001 0.01984 0.04831 0.01418 0.00032 0.00001 0.00006 0.45103 0.00469 0.07219 0.16383 0.10186 0.02798 0.01757 0.02439 0.05371 
139	2	0.62004 0.00423 0.00064 0.00031 0.00011 0.00015 0.00004 0.00001 0.11279 0.09749 0.05624 0.03906 0.02953 0.02205 0.01239 0.00494 
140	2	0.00000 0.03098 0.07845 0.01781 0.05761 0.07937 0.32957 0.00000 0.00020 0.02888 0.09401 0.09204 0.08854 0.06775 0.03456 0.00022 
141	2	0.01229 0.07886 0.00346 0.00010 0.00000 0.00000 0.00004 0.32915 0.09680 0.22726 0.10000 0.03149 0.01871 0.01445 0.03145 0.05595 
142	2	0.00000 0.02015 0.09091 0.04924 0.04780 0.14348 0.07968 0.19389 0.00022 0.05013 0.08780 0.04463 0.03815 0.03380 0.05526 0.06488 
143	2	0.08806 0.32586 0.03060 0.00431 0.04557 0.07885 0.04369 0.09085 0.03225 0.09636 0.06620 0.01849 0.02126 0.02451 0.01927 0.01386 
144	2	0.31399 0.11217 0.02769 0.00369 0.00164 0.01249 0.00432 0.00018 0.07564 0.12899 0.11810 0.08141 0.05656 0.04232 0.01757 0.00324 
145	2	0.13028 0.03083 0.01237 0.00985 0.01010 0.00898 0.05197 0.02893 0.10736 0.17697 0.12245 0.08865 0.06955 0.05545 0.06539 0.03087 
146	2	0.02038 0.11756 0.01794 0.05934 0.04435 0.06639 0.04650 0.00155 0.11128 0.20723 0.08686 0.06555 0.05763 0.04701 0.03711 0.01332 
147	2	0.10039 0.04139 0.01237 0.01030 0.01934 0.01269 0.06375 0.01795 0.08909 0.16253 0.11660 0.09722 0.08891 0.07103 0.06691 0.02953 
148	2	0.01743 0.03333 0.00662 0.00874 0.00934 0.02682 0.13110 0.31580 0.02307 0.07650 0.07899 0.05917 0.04258 0.04240 0.06138 0.06672 
149	2	0.00105 0.05911 0.01407 0.02855 0.05302 0.39359 0.00003 0.00000 0.01561 0.07852 0.09492 0.07905 0.07281 0.09379 0.01578 0.00009 
150	2	0.00179 0.01611 0.01143 0.00429 0.00210 0.00203 0.00256 0.46544 0.03676 0.09891 0.10314 0.06888 0.04187 0.03077 0.04356 0.07035 
151	2	0.03358 0.02709 0.07477 0.02463 0.01291 0.03223 0.06093 0.19229 0.01914 0.07356 0.13041 0.10494 0.06588 0.05669 0.05972 0.03122 
152	2	0.00463 0.05905 0.04449 0.05599 0.03794 0.01335 0.00364 0.00105 0.02182 0.12079 0.18183 0.21035 0.16273 0.06437 0.01479 0.00319 
153	2	0.00257 0.05499 0.04056 0.04067 0.03604 0.03161 0.01964 0.00011 0.02323 0.13070 0.18786 0.18917 0.14189 0.06840 0.02708 0.00549 
154	2	0.07599 0.01980 0.00491 0.00152 0.08078 0.05734 0.00863 0.02622 0.12482 0.20000 0.13856 0.07963 0.07998 0.06761 0.02564 0.00855 
155	2	0.02182 0.00459 0.00786 0.00333 0.02340 0.16986 0.21602 0.04043 0.09020 0.09654 0.05415 0.03570 0.04419 0.09165 0.08419 0.01606 
156	2	0.25540 0.20033 0.02015 0.00587 0.00655 0.00281 0.00739 0.01198 0.09447 0.10860 0.07797 0.06017 0.04639 0.04041 0.04125 0.02026 
157	2	0.03704 0.02960 0.00933 0.00628 0.00339 0.14408 0.07449 0.02229 0.05396 0.09452 0.07934 0.06499 0.07582 0.17588 0.11391 0.01508 
158	2	0.00000 0.02078 0.07278 0.01511 0.00210 0.00571 0.00886 0.44525 0.00053 0.08659 0.14696 0.05735 0.03381 0.02976 0.03101 0.04340 
159	2	0.00045 0.00318 0.00691 0.00118 0.03315 0.09547 0.03947 0.26371 0.01686 0.06428 0.06355 0.05523 0.10118 0.14448 0.07568 0.03522 
160	2	0.00000 0.01651 0.05231 0.01483 0.36460 0.11600 0.00128 0.00000 0.00179 0.05530 0.09982 0.08267 0.11866 0.06715 0.00885 0.00023 
161	2	0.00000 0.09948 0.07798 0.02893 0.02364 0.02426 0.03815 0.00113 0.00738 0.05401 0.13199 0.15359 0.14571 0.11498 0.08005 0.01873 
162	2	0.00450 0.02569 0.02894 0.01262 0.03226 0.08981 0.05059 0.00000 0.04910 0.12189 0.11309 0.08626 0.10452 0.15179 0.11775 0.01118 
163	2	0.00007 0.50397 0.02736 0.01415 0.00679 0.00449 0.00044 0.00028 0.01915 0.13947 0.12037 0.08598 0.05071 0.02023 0.00496 0.00158 
164	2	0.00000 0.61380 0.06937 0.04856 0.01668 0.00011 0.00168 0.00005 0.00113 0.05441 0.07257 0.06737 0.04200 0.00669 0.00436 0.00122 
165	2	0.02364 0.05824 0.04124 0.05026 0.00655 0.26189 0.01929 0.02624 0.05453 0.14682 0.10659 0.05586 0.04018 0.03570 0.03639 0.03658 
166	2	0.00360 0.00773 0.02872 0.04244 0.02297 0.05789 0.22405 0.21962 0.01415 0.03400 0.05096 0.06090 0.05306 0.04571 0.07961 0.05457 
167	2	0.10329 0.00967 0.00735 0.00766 0.03690 0.06284 0.40150 0.00003 0.04501 0.06597 0.06075 0.04918 0.05105 0.05141 0.04328 0.00411 
168	2	0.03591 0.00341 0.01093 0.00313 0.00386 0.02437 0.10905 0.34977 0.02930 0.04313 0.05800 0.06353 0.06704 0.06517 0.07320 0.06019 
169	2	0.00068 0.02665 0.05102 0.01346 0.00293 0.02076 0.30898 0.00000 0.02416 0.11610 0.14432 0.08846 0.04607 0.07037 0.07982 0.00623 
170	2	0.00002 0.01033 0.00271 0.00061 0.00086 0.00452 0.27661 0.01175 0.01712 0.08660 0.09670 0.08749 0.08485 0.07731 0.15096 0.09157 
171	2	0.03824 0.10220 0.08971 0.06826 0.00161 0.00005 0.00016 0.13255 0.06837 0.17009 0.17524 0.09463 0.02212 0.00789 0.01027 0.01859 
172	2	0.00863 0.05846 0.01785 0.05413 0.13396 0.04861 0.00246 0.00115 0.02167 0.08881 0.10022 0.15702 0.19794 0.08641 0.01704 0.00563 
173	2	0.62094 0.03298 0.00007 0.00004 0.00009 0.00218 0.02918 0.00000 0.10257 0.05134 0.01991 0.01883 0.02833 0.04884 0.03985 0.00484 
174	2	0.07158 0.05560 0.04361 0.01890 0.05847 0.07861 0.01270 0.00219 0.04061 0.07344 0.07128 0.09286 0.17797 0.15613 0.04108 0.00497 
175	2	0.04087 0.02523 0.01719 0.03267 0.00250 0.01345 0.01637 0.49193 0.04238 0.06299 0.08069 0.07099 0.02350 0.01800 0.02365 0.03760 
176	2	0.06039 0.02049 0.00689 0.00664 0.00486 0.00505 0.13831 0.12944 0.09757 0.16249 0.10385 0.06935 0.04459 0.04636 0.06898 0.03476 
177	2	0.00214 0.02711 0.01138 0.01478 0.03269 0.05597 0.12711 0.05843 0.06761 0.12369 0.11325 0.08987 0.08204 0.08277 0.07975 0.03140 
178	2	0.06424 0.38648 0.02124 0.02957 0.01797 0.00033 0.05967 0.00001 0.06468 0.11550 0.08450 0.07508 0.04009 0.00833 0.03177 0.00055 
179	2	0.00431 0.03895 0.01663 0.01151 0.00954 0.01151 0.00460 0.47401 0.01733 0.06625 0.08095 0.07151 0.05905 0.04898 0.03742 0.04744 
180	2	0.01730 0.02692 0.00700 0.00868 0.01161 0.02082 0.12851 0.00141 0.08611 0.19414 0.16069 0.14218 0.09251 0.04533 0.04762 0.00918 
181	2	0.00854 0.07372 0.07129 0.07588 0.03270 0.11825 0.00283 0.00000 0.03076 0.12036 0.15034 0.13325 0.10320 0.06454 0.01398 0.00036 
182	2	0.00000 0.01517 0.12474 0.05774 0.04765 0.01231 0.01344 0.00663 0.00175 0.03340 0.11620 0.17331 0.17329 0.13035 0.07582 0.01820 
183	2	0.00001 0.09230 0.09589 0.04907 0.03948 0.09398 0.14559 0.00000 0.00921 0.10828 0.11155 0.09294 0.07404 0.05158 0.03399 0.00208 
184	2	0.66709 0.03800 0.01498 0.00656 0.01245 0.00000 0.00001 0.00001 0.08414 0.08151 0.05386 0.01717 0.01353 0.00162 0.00150 0.00757 
185	2	0.02437 0.01100 0.04324 0.01114 0.00402 0.00240 0.00047 0.44128 0.07594 0.07040 0.09109 0.06073 0.05335 0.03860 0.02986 0.04211 
186	2	0.00031 0.01981 0.02926 0.03658 0.19048 0.39408 0.00018 0.00000 0.01052 0.06275 0.06446 0.04336 0.07446 0.06591 0.00768 0.00016 
187	2	0.00000 0.00023 0.00226 0.03205 0.00142 0.00013 0.43352 0.01526 0.00956 0.03115 0.06609 0.10902 0.06311 0.03277 0.11532 0.08810 
188	2	0.46894 0.02946 0.00643 0.00100 0.00387 0.00649 0.00069 0.00000 0.09306 0.07343 0.05742 0.04774 0.08528 0.08683 0.03703 0.00233 
189	2	0.05407 0.01298 0.00099 0.00000 0.00329 0.03054 0.02401 0.30391 0.17306 0.19420 0.05623 0.02511 0.02200 0.03303 0.02974 0.03683 
190	2	0.13471 0.05400 0.05496 0.04614 0.03598 0.03129 0.03511 0.18451 0.08124 0.09082 0.05523 0.04938 0.04434 0.03330 0.03549 0.03351 
191	2	0.00000 0.02838 0.08084 0.00712 0.00159 0.01180 0.00214 0.40550 0.00108 0.06693 0.16426 0.08307 0.02489 0.01986 0.03714 0.06539 
192	2	0.06537 0.13502 0.11852 0.02437 0.01945 0.00815 0.01979 0.11060 0.03168 0.11255 0.12863 0.07443 0.05015 0.04300 0.04008 0.01822 
193	2	0.04703 0.08086 0.08463 0.08300 0.02588 0.03712 0.02792 0.07241 0.03662 0.11142 0.13433 0.10370 0.06086 0.04311 0.03561 0.01551 
194	2	0.01300 0.00347 0.00803 0.03066 0.00227 0.00270 0.00116 0.44636 0.04598 0.09792 0.11189 0.09390 0.04615 0.02503 0.02640 0.04508 
195	2	0.00000 0.00110 0.01371 0.05852 0.02159 0.03523 0.09520 0.34209 0.00188 0.01596 0.06512 0.10174 0.07446 0.04303 0.06867 0.06170 
196	2	0.44333 0.01393 0.00824 0.00926 0.02528 0.01294 0.00013 0.00000 0.08857 0.10759 0.09018 0.08834 0.07362 0.03430 0.00407 0.00021 
197	2	0.00851 0.06588 0.06815 0.00322 0.05026 0.03771 0.05504 0.23304 0.01434 0.09490 0.11085 0.04298 0.03271 0.04603 0.07481 0.06154 
198	2	0.02787 0.00989 0.00405 0.00298 0.00208 0.03956 0.33101 0.04568 0.03292 0.06231 0.07567 0.07802 0.07022 0.09052 0.09691 0.03030 
199	2	0.00000 0.04717 0.00202 0.00029 0.00041 0.42548 0.00053 0.00230 0.00064 0.08512 0.11811 0.08880 0.07897 0.09953 0.03644 0.01420 
200	3	0.00000 0.50844 0.04708 0.00035 0.00075 0.00064 0.00115 0.00032 0.00782 0.10987 0.09349 0.04501 0.05585 0.05561 0.04689 0.02673 
201	3	0.78176 0.00067 0.00844 0.00394 0.00504 0.00016 0.00000 0.00549 0.06222 0.02951 0.03936 0.02723 0.01823 0.00653 0.00501 0.00640 
202	3	0.26286 0.16449 0.01047 0.00300 0.00231 0.00220 0.00273 0.04895 0.10838 0.18387 0.09087 0.04377 0.02552 0.01594 0.01650 0.01813 
203	3	0.01999 0.00563 0.00116 0.00037 0.00057 0.07138 0.53392 0.00003 0.05428 0.06470 0.02909 0.01881 0.01695 0.05553 0.11343 0.01414 
204	3	0.78748 0.00001 0.00073 0.00394 0.01047 0.00987 0.00317 0.00004 0.04837 0.01172 0.01434 0.03209 0.04064 0.02785 0.00837 0.00090 
205	3	0.74634 0.00115 0.00030 0.00020 0.00078 0.00017 0.00005 0.00000 0.08338 0.05869 0.03807 0.03538 0.02553 0.00741 0.00216 0.00040 
206	3	0.00009 0.01113 0.01773 0.02620 0.17144 0.20060 0.12475 0.00281 0.00171 0.03003 0.07292 0.08682 0.13579 0.10066 0.01480 0.00252 
207	3	0.00449 0.01141 0.09524 0.00229 0.05447 0.26370 0.04487 0.00000 0.06841 0.09871 0.10863 0.06248 0.04740 0.08457 0.04899 0.00432 
208	3	0.00000 0.11226 0.01346 0.18917 0.20008 0.10928 0.00038 0.00454 0.00777 0.10583 0.06401 0.04801 0.06384 0.06281 0.01555 0.00301 
209	3	0.21926 0.04579 0.04307 0.03996 0.04532 0.00329 0.00062 0.00723 0.07058 0.10959 0.11246 0.11369 0.08747 0.05139 0.03599 0.01431 
210	3	0.00015 0.00008 0.00023 0.00244 0.00288 0.01809 0.03362 0.53727 0.00216 0.00547 0.01212 0.02650 0.05697 0.10638 0.10967 0.08596 
211	3	0.50916 0.00048 0.00068 0.00119 0.00485 0.00616 0.01324 0.01863 0.06861 0.03091 0.03256 0.04982 0.06773 0.07717 0.07839 0.04039 
212	3	0.00013 0.05788 0.01196 0.08501 0.18033 0.05086 0.00967 0.05006 0.00254 0.03536 0.05836 0.10641 0.14451 0.10272 0.05401 0.05019 
213	3	0.00005 0.53052 0.05975 0.02981 0.01288 0.01978 0.00387 0.00030 0.00596 0.08820 0.08816 0.06190 0.04402 0.03778 0.01604 0.00096 
214	3	0.01545 0.00578 0.00099 0.00061 0.04915 0.23752 0.28749 0.02778 0.04828 0.04952 0.02869 0.02005 0.03090 0.06949 0.07553 0.05278 
215	3	0.00001 0.00661 0.01594 0.01819 0.21809 0.28424 0.01028 0.00186 0.00513 0.02897 0.06671 0.07814 0.14090 0.10103 0.02105 0.00285 
216	3	0.00336 0.14554 0.16362 0.01974 0.00754 0.01668 0.00725 0.03710 0.01604 0.09872 0.12163 0.07136 0.07107 0.08321 0.08948 0.04765 
217	3	0.00000 0.00819 0.00592 0.01325 0.01206 0.01249 0.64784 0.00001 0.00196 0.02036 0.03411 0.04739 0.05402 0.04134 0.08322 0.01785 
218	3	0.00000 0.00785 0.02269 0.03552 0.02391 0.01909 0.02230 0.08091 0.00763 0.05848 0.09021 0.13129 0.13595 0.11573 0.15960 0.08886 
219	3	0.41385 0.14777 0.00059 0.00203 0.00355 0.00156 0.00076 0.00035 0.11097 0.08371 0.03303 0.04791 0.06206 0.05211 0.02773 0.01203 
220	3	0.03674 0.13749 0.02935 0.12417 0.15688 0.02934 0.00030 0.00049 0.02770 0.08379 0.07527 0.12647 0.12553 0.03455 0.00658 0.00536 
221	3	0.03144 0.01134 0.04941 0.03615 0.00069 0.00213 0.00913 0.01923 0.08136 0.11363 0.14725 0.11089 0.07075 0.09801 0.13320 0.08539 
222	3	0.79399 0.01298 0.00181 0.00089 0.00041 0.00012 0.00027 0.00247 0.05887 0.04883 0.02653 0.02003 0.01230 0.00759 0.00757 0.00535 
223	3	0.04670 0.08203 0.07442 0.08719 0.02538 0.02864 0.06659 0.06488 0.03409 0.08098 0.08075 0.07659 0.06320 0.06637 0.07268 0.04950 
224	3	0.00000 0.00359 0.00483 0.02201 0.32292 0.22864 0.00000 0.00000 0.00327 0.04578 0.09363 0.08603 0.10951 0.07508 0.00353 0.00119 
225	3	0.00332 0.00195 0.00317 0.00618 0.02128 0.13593 0.14709 0.37324 0.01032 0.00667 0.02201 0.02543 0.03353 0.06702 0.09029 0.05259 
226	3	0.74819 0.00924 0.00042 0.00090 0.00303 0.00506 0.00565 0.03249 0.06390 0.04556 0.01750 0.01193 0.00985 0.01303 0.01867 0.01460 
227	3	0.10325 0.00537 0.00126 0.00283 0.01369 0.05361 0.08122 0.25582 0.08693 0.05979 0.03268 0.04342 0.04245 0.06124 0.07903 0.07740 
228	3	0.09670 0.31039 0.08103 0.06296 0.02689 0.00025 0.00244 0.01034 0.07318 0.11093 0.11188 0.06168 0.02435 0.00804 0.00924 0.00971 
229	3	0.00028 0.04492 0.23224 0.20284 0.12001 0.00176 0.00212 0.00745 0.01304 0.06290 0.11713 0.10037 0.04833 0.01824 0.01166 0.01671 
230	3	0.00466 0.01798 0.00123 0.00022 0.12275 0.36304 0.00325 0.00000 0.06892 0.12311 0.05888 0.04170 0.09176 0.08553 0.01646 0.00051 
231	3	0.11333 0.27264 0.01899 0.00321 0.00076 0.00037 0.00082 0.00024 0.08207 0.19401 0.13449 0.07996 0.04471 0.02726 0.01997 0.00717 
232	3	0.00000 0.00126 0.00101 0.00006 0.06760 0.31163 0.22421 0.00000 0.00275 0.02911 0.03866 0.01901 0.03169 0.11950 0.13973 0.01380 
233	3	0.00084 0.00308 0.01625 0.03886 0.06197 0.05966 0.01643 0.09135 0.03630 0.05979 0.09867 0.14995 0.15867 0.11238 0.05499 0.04081 
234	3	0.00000 0.01538 0.01908 0.00928 0.00985 0.16890 0.27607 0.02556 0.00056 0.04139 0.08590 0.06743 0.06516 0.11443 0.08960 0.01140 
235	3	0.00024 0.00019 0.09896 0.14744 0.16421 0.00406 0.00133 0.00018 0.00911 0.01859 0.05877 0.20295 0.24166 0.02782 0.01495 0.00954 
236	3	0.00000 0.00598 0.00631 0.01842 0.25406 0.38830 0.02700 0.00673 0.00015 0.01230 0.02240 0.02948 0.07179 0.10256 0.04955 0.00499 
237	3	0.43282 0.16797 0.00128 0.00104 0.00098 0.00056 0.00322 0.00019 0.05556 0.09198 0.05558 0.05849 0.05446 0.03851 0.02810 0.00926 
238	3	0.25326 0.12305 0.02256 0.00798 0.00501 0.01075 0.01240 0.04800 0.05602 0.09832 0.07361 0.06337 0.06694 0.07010 0.05593 0.03270 
239	3	0.00605 0.00309 0.10064 0.09082 0.10715 0.13042 0.01625 0.00607 0.01691 0.04986 0.10489 0.13200 0.11194 0.08357 0.03136 0.00900 
240	3	0.00000 0.30500 0.10905 0.07271 0.10689 0.00000 0.00194 0.02459 0.00344 0.09071 0.12321 0.07779 0.04373 0.02271 0.01029 0.00794 
241	3	0.00000 0.56597 0.00081 0.00043 0.00082 0.00307 0.00029 0.13540 0.00117 0.06301 0.04478 0.03368 0.04272 0.04029 0.02449 0.04306 
242	3	0.00008 0.03337 0.19097 0.16444 0.06617 0.00585 0.01285 0.00944 0.00235 0.05596 0.13368 0.10840 0.06419 0.04778 0.06876 0.03573 
243	3	0.67175 0.01512 0.00006 0.00025 0.00270 0.01306 0.00685 0.01740 0.04727 0.02171 0.01390 0.01816 0.03573 0.05926 0.05015 0.02664 
244	3	0.00000 0.65377 0.00539 0.00831 0.00617 0.02588 0.00540 0.01467 0.00205 0.05625 0.04515 0.04423 0.04963 0.05697 0.02079 0.00535 
245	3	0.02792 0.33286 0.19911 0.07029 0.02448 0.00770 0.00316 0.01481 0.01653 0.06854 0.07077 0.05267 0.04049 0.02977 0.02517 0.01570 
246	3	0.00297 0.01602 0.09182 0.07765 0.13121 0.13600 0.13573 0.00452 0.01273 0.05023 0.07134 0.06667 0.06618 0.07258 0.05404 0.01032 
247	3	0.31398 0.04280 0.02095 0.00531 0.00328 0.00175 0.00437 0.00104 0.10561 0.12694 0.10160 0.06927 0.06398 0.06142 0.05394 0.02375 
248	3	0.10189 0.03775 0.19620 0.27313 0.02925 0.00220 0.00168 0.00868 0.03493 0.05964 0.07422 0.09114 0.04265 0.01966 0.01726 0.00972 
249	3	0.02326 0.43895 0.08511 0.02876 0.04050 0.01179 0.00204 0.00000 0.02179 0.11475 0.07534 0.06061 0.05900 0.02895 0.00830 0.00084 
250	3	0.01006 0.14236 0.06209 0.07000 0.14439 0.04041 0.01532 0.00364 0.03790 0.13065 0.10755 0.08709 0.08160 0.04482 0.01874 0.00339 
251	3	0.66600 0.02439 0.00390 0.00053 0.00004 0.00001 0.00012 0.00083 0.09332 0.10132 0.05361 0.02667 0.01233 0.00693 0.00684 0.00316 
252	3	0.00815 0.01062 0.01774 0.05945 0.15797 0.53423 0.00000 0.00000 0.01909 0.03234 0.01626 0.04011 0.06112 0.04021 0.00265 0.00005 
253	3	0.00005 0.00076 0.00333 0.00507 0.10753 0.06822 0.17721 0.01771 0.00219 0.01702 0.04406 0.07093 0.14309 0.15797 0.14069 0.04417 
254	3	0.00009 0.02424 0.00689 0.51599 0.08253 0.00731 0.00129 0.00452 0.00342 0.04858 0.05816 0.12605 0.08787 0.01628 0.01153 0.00524 
255	3	0.00000 0.19936 0.22679 0.01248 0.00483 0.00035 0.00062 0.00010 0.00087 0.19280 0.24453 0.07266 0.02099 0.01219 0.00941 0.00203 
256	3	0.00000 0.08322 0.18245 0.00537 0.20301 0.04844 0.00486 0.00050 0.01147 0.08187 0.10444 0.06618 0.07399 0.06867 0.05697 0.00856 
257	3	0.62817 0.00091 0.00349 0.00583 0.01110 0.02538 0.01145 0.00841 0.06397 0.02878 0.03259 0.04651 0.05272 0.05064 0.02528 0.00477 
258	3	0.00000 0.00545 0.00206 0.00176 0.00597 0.73782 0.00982 0.00000 0.00656 0.03430 0.02578 0.01470 0.03419 0.10283 0.01858 0.00018 
259	3	0.29728 0.22759 0.03747 0.00297 0.00029 0.00009 0.00009 0.00076 0.09493 0.17011 0.10620 0.04108 0.01252 0.00483 0.00260 0.00120 
260	3	0.00310 0.00370 0.00293 0.00956 0.07156 0.21429 0.00774 0.00263 0.05200 0.08235 0.08224 0.10098 0.15310 0.13695 0.05846 0.01843 
261	3	0.00002 0.00009 0.00111 0.00418 0.79987 0.00033 0.00003 0.00000 0.00054 0.00416 0.01384 0.05679 0.09851 0.01533 0.00458 0.00061 
262	3	0.00000 0.00021 0.00166 0.00624 0.06267 0.21990 0.21101 0.26170 0.00476 0.01013 0.01467 0.02419 0.03507 0.05016 0.05796 0.03969 
263	3	0.00187 0.00216 0.06110 0.34012 0.10444 0.00002 0.00011 0.02143 0.02673 0.05091 0.09662 0.17744 0.08428 0.01169 0.00825 0.01283 
264	3	0.04324 0.41372 0.01600 0.00087 0.00084 0.00609 0.01133 0.01273 0.05405 0.10195 0.03947 0.03329 0.05045 0.08764 0.09935 0.02897 
265	3	0.00000 0.00903 0.03233 0.14886 0.14739 0.01532 0.01511 0.02259 0.00117 0.03459 0.06494 0.15033 0.16098 0.08176 0.07577 0.03981 
266	3	0.40647 0.00154 0.00048 0.00042 0.00091 0.00314 0.00147 0.26160 0.06077 0.04019 0.03481 0.03964 0.05279 0.05296 0.02556 0.01726 
267	3	0.00000 0.00051 0.00132 0.00251 0.00689 0.39798 0.22937 0.00114 0.00056 0.00679 0.02327 0.03903 0.05459 0.12476 0.10360 0.00768 
268	3	0.00000 0.00001 0.00051 0.00887 0.59547 0.02877 0.00243 0.00019 0.00004 0.00057 0.00678 0.04328 0.18506 0.11114 0.01252 0.00436 
269	3	0.00000 0.00122 0.30188 0.03927 0.00030 0.00032 0.00482 0.24475 0.00347 0.03426 0.09889 0.08256 0.04972 0.04668 0.05197 0.03987 
270	3	0.00000 0.00173 0.33113 0.02654 0.00083 0.00032 0.00173 0.26418 0.00068 0.01643 0.07217 0.06962 0.04750 0.04861 0.06073 0.05782 
271	3	0.00000 0.00013 0.12509 0.28110 0.04699 0.00003 0.35362 0.00003 0.00015 0.00497 0.04320 0.07496 0.03613 0.00903 0.02205 0.00251 
272	3	0.00000 0.26049 0.13216 0.03494 0.01470 0.00357 0.29455 0.00000 0.00060 0.03993 0.05293 0.04482 0.05140 0.03805 0.03009 0.00177 
273	3	0.00000 0.02575 0.00300 0.00018 0.00099 0.00576 0.00398 0.75168 0.00006 0.03193 0.03368 0.01949 0.02330 0.02284 0.03118 0.04618 
274	3	0.00000 0.00000 0.00142 0.00161 0.00089 0.44878 0.12880 0.02942 0.00009 0.00103 0.01021 0.01746 0.02740 0.14037 0.14582 0.04670 
275	3	0.02665 0.13409 0.10307 0.12769 0.00057 0.00085 0.00167 0.00533 0.05443 0.16174 0.16440 0.13487 0.03896 0.02162 0.01839 0.00567 
276	3	0.00295 0.02078 0.00404 0.00440 0.16853 0.40424 0.01596 0.00053 0.01272 0.06417 0.05441 0.03834 0.07936 0.10580 0.02198 0.00179 
277	3	0.00163 0.31132 0.30470 0.03776 0.01166 0.00061 0.00013 0.00150 0.01860 0.06634 0.08232 0.06158 0.04384 0.02619 0.01566 0.01616 
278	3	0.00018 0.00360 0.00307 0.00641 0.15276 0.07218 0.14884 0.02280 0.00672 0.01618 0.02063 0.04604 0.09769 0.13078 0.18937 0.08275 
279	3	0.00000 0.00003 0.05237 0.13427 0.00138 0.00041 0.00003 0.00159 0.00348 0.03770 0.34240 0.35138 0.04756 0.01428 0.00827 0.00486 
280	3	0.00000 0.46236 0.02828 0.00590 0.00042 0.00042 0.00033 0.00274 0.02080 0.12939 0.09212 0.08033 0.06734 0.05562 0.03564 0.01830 
281	3	0.00006 0.00899 0.00872 0.03727 0.11572 0.17883 0.14488 0.04972 0.00342 0.04077 0.05388 0.06348 0.09584 0.10380 0.07349 0.02113 
282	3	0.00000 0.00021 0.01510 0.00234 0.27487 0.30164 0.08919 0.01279 0.00032 0.01184 0.05077 0.03289 0.06847 0.08457 0.04203 0.01297 
283	3	0.60026 0.00178 0.00100 0.00188 0.00749 0.00134 0.00006 0.00000 0.11580 0.07150 0.05568 0.05602 0.04695 0.02181 0.01574 0.00270 
284	3	0.00000 0.03987 0.49382 0.06450 0.00049 0.00132 0.01080 0.01360 0.00062 0.07457 0.13548 0.06565 0.03328 0.02862 0.03025 0.00713 
285	3	0.00198 0.00988 0.01195 0.04340 0.13946 0.07282 0.00432 0.00000 0.02556 0.04793 0.07426 0.13414 0.21969 0.15698 0.05717 0.00045 
286	3	0.00004 0.05310 0.23281 0.18824 0.07996 0.03096 0.03022 0.00194 0.00206 0.04819 0.09681 0.08298 0.06290 0.04510 0.04142 0.00326 
287	3	0.00339 0.00525 0.00187 0.01964 0.17221 0.19742 0.25553 0.09657 0.01377 0.03359 0.03472 0.02635 0.03160 0.04480 0.04525 0.01802 
288	3	0.00000 0.27812 0.10338 0.09640 0.15994 0.00071 0.00629 0.00181 0.00322 0.07434 0.10115 0.08629 0.04675 0.01539 0.01998 0.00623 
289	3	0.00000 0.00394 0.00379 0.01840 0.31603 0.19356 0.00041 0.00233 0.00415 0.02806 0.05113 0.08495 0.13847 0.10942 0.03796 0.00741 
290	3	0.00000 0.01585 0.00461 0.29330 0.33908 0.00626 0.00044 0.02932 0.00625 0.02752 0.02818 0.10180 0.09925 0.03025 0.01075 0.00715 
291	3	0.00000 0.00434 0.46105 0.10654 0.00313 0.00081 0.00089 0.00288 0.00420 0.03515 0.17385 0.15937 0.02637 0.00957 0.00823 0.00360 
292	3	0.00633 0.01155 0.00586 0.08096 0.20360 0.29166 0.09103 0.02258 0.03263 0.04543 0.02798 0.03232 0.02928 0.05617 0.05236 0.01027 
293	3	0.03401 0.01513 0.14659 0.17836 0.01763 0.01824 0.03062 0.00003 0.07096 0.07899 0.11584 0.12508 0.06350 0.04996 0.04564 0.00942 
294	3	0.00000 0.00002 0.00154 0.00501 0.08221 0.46959 0.03284 0.00044 0.00026 0.00721 0.02773 0.04596 0.08168 0.17083 0.07249 0.00217 
295	3	0.00182 0.00901 0.04217 0.01317 0.17689 0.27802 0.12502 0.00698 0.01636 0.04100 0.03270 0.02056 0.04573 0.09623 0.07734 0.01698 
296	3	0.04482 0.03230 0.00122 0.00015 0.01349 0.15552 0.18958 0.00016 0.06762 0.06452 0.03608 0.03261 0.04727 0.14616 0.14360 0.02490 
