600	6	16
0	1	0.00017 0.00000 0.02010 0.00000 0.01949 0.00000 0.01956 0.00000 0.04265 0.00000 0.23022 0.00000 0.25633 0.00000 0.41148 0.00000 
1	1	0.00103 0.00000 0.04986 0.00000 0.02197 0.00000 0.04277 0.00000 0.03399 0.00000 0.01752 0.00000 0.34171 0.00000 0.49114 0.00000 
2	1	0.00423 0.00000 0.04090 0.00000 0.01758 0.00000 0.04427 0.00000 0.21840 0.00000 0.29628 0.00000 0.15580 0.00000 0.22255 0.00000 
3	1	0.00353 0.00000 0.03032 0.00000 0.02537 0.00000 0.13440 0.00000 0.45085 0.00000 0.13040 0.00000 0.07918 0.00000 0.14595 0.00000 
4	1	0.00020 0.00000 0.01489 0.00000 0.05496 0.00000 0.04061 0.00000 0.35256 0.00000 0.25974 0.00000 0.05058 0.00000 0.22647 0.00000 
5	1	0.00336 0.00000 0.03064 0.00000 0.04132 0.00000 0.17839 0.00000 0.09745 0.00000 0.02538 0.00000 0.31400 0.00000 0.30946 0.00000 
6	1	0.00273 0.00000 0.01436 0.00000 0.01552 0.00000 0.07445 0.00000 0.07757 0.00000 0.05813 0.00000 0.23998 0.00000 0.51726 0.00000 
7	1	0.00002 0.00000 0.01147 0.00000 0.03329 0.00000 0.05322 0.00000 0.37451 0.00000 0.32677 0.00000 0.04671 0.00000 0.15402 0.00000 
8	1	0.00016 0.00000 0.00756 0.00000 0.03795 0.00000 0.03762 0.00000 0.17339 0.00000 0.20389 0.00000 0.05325 0.00000 0.48618 0.00000 
9	1	0.00096 0.00000 0.09121 0.00000 0.02103 0.00000 0.12037 0.00000 0.29675 0.00000 0.01261 0.00000 0.01905 0.00000 0.43801 0.00000 
10	1	0.00026 0.00000 0.03312 0.00000 0.07316 0.00000 0.05774 0.00000 0.22979 0.00000 0.16385 0.00000 0.06063 0.00000 0.38145 0.00000 
11	1	0.00350 0.00000 0.02121 0.00000 0.01974 0.00000 0.03343 0.00000 0.03293 0.00000 0.01577 0.00000 0.68532 0.00000 0.18810 0.00000 
12	1	0.01006 0.00000 0.09240 0.00000 0.10021 0.00000 0.10781 0.00000 0.05172 0.00000 0.06666 0.00000 0.28653 0.00000 0.28461 0.00000 
13	1	0.00260 0.00000 0.02792 0.00000 0.03085 0.00000 0.02532 0.00000 0.03876 0.00000 0.01845 0.00000 0.47327 0.00000 0.38284 0.00000 
14	1	0.00001 0.00000 0.02494 0.00000 0.13311 0.00000 0.15276 0.00000 0.35425 0.00000 0.21319 0.00000 0.07063 0.00000 0.05109 0.00000 
15	1	0.00013 0.00000 0.04199 0.00000 0.05344 0.00000 0.03497 0.00000 0.07698 0.00000 0.11530 0.00000 0.22734 0.00000 0.44984 0.00000 
16	1	0.00068 0.00000 0.02979 0.00000 0.09341 0.00000 0.18067 0.00000 0.26336 0.00000 0.26672 0.00000 0.06836 0.00000 0.09702 0.00000 
17	1	0.00036 0.00000 0.03008 0.00000 0.04784 0.00000 0.09204 0.00000 0.23361 0.00000 0.39778 0.00000 0.07514 0.00000 0.12314 0.00000 
18	1	0.00004 0.00000 0.01098 0.00000 0.03402 0.00000 0.04341 0.00000 0.13666 0.00000 0.20812 0.00000 0.12949 0.00000 0.43727 0.00000 
19	1	0.00529 0.00000 0.03966 0.00000 0.03160 0.00000 0.17061 0.00000 0.10264 0.00000 0.05905 0.00000 0.08056 0.00000 0.51060 0.00000 
20	1	0.00027 0.00000 0.02030 0.00000 0.02562 0.00000 0.02792 0.00000 0.04846 0.00000 0.31003 0.00000 0.29658 0.00000 0.27081 0.00000 
21	1	0.00029 0.00000 0.01413 0.00000 0.09263 0.00000 0.08295 0.00000 0.15158 0.00000 0.18371 0.00000 0.12171 0.00000 0.35299 0.00000 
22	1	0.00220 0.00000 0.02702 0.00000 0.02097 0.00000 0.02968 0.00000 0.02947 0.00000 0.27639 0.00000 0.33566 0.00000 0.27861 0.00000 
23	1	0.00025 0.00000 0.01352 0.00000 0.03617 0.00000 0.02770 0.00000 0.16969 0.00000 0.07544 0.00000 0.41623 0.00000 0.26100 0.00000 
24	1	0.00314 0.00000 0.01465 0.00000 0.01891 0.00000 0.03774 0.00000 0.06238 0.00000 0.34208 0.00000 0.37982 0.00000 0.14128 0.00000 
25	1	0.00342 0.00000 0.05084 0.00000 0.13814 0.00000 0.10079 0.00000 0.18405 0.00000 0.11258 0.00000 0.20039 0.00000 0.20979 0.00000 
26	1	0.00598 0.00000 0.06913 0.00000 0.14550 0.00000 0.10854 0.00000 0.18905 0.00000 0.11680 0.00000 0.19295 0.00000 0.17204 0.00000 
27	1	0.00004 0.00000 0.01409 0.00000 0.05519 0.00000 0.12681 0.00000 0.18047 0.00000 0.06603 0.00000 0.33463 0.00000 0.22274 0.00000 
28	1	0.00002 0.00000 0.03706 0.00000 0.09750 0.00000 0.16991 0.00000 0.08998 0.00000 0.10692 0.00000 0.35837 0.00000 0.14023 0.00000 
29	1	0.00004 0.00000 0.06235 0.00000 0.09358 0.00000 0.07903 0.00000 0.25149 0.00000 0.09047 0.00000 0.12977 0.00000 0.29327 0.00000 
30	1	0.00120 0.00000 0.02474 0.00000 0.04986 0.00000 0.03421 0.00000 0.04483 0.00000 0.02449 0.00000 0.31255 0.00000 0.50813 0.00000 
31	1	0.00021 0.00000 0.08198 0.00000 0.11592 0.00000 0.10121 0.00000 0.11686 0.00000 0.10348 0.00000 0.23233 0.00000 0.24800 0.00000 
32	1	0.00303 0.00000 0.01178 0.00000 0.01938 0.00000 0.05155 0.00000 0.27785 0.00000 0.04245 0.00000 0.06870 0.00000 0.52525 0.00000 
33	1	0.01636 0.00000 0.03869 0.00000 0.01207 0.00000 0.09467 0.00000 0.19390 0.00000 0.13957 0.00000 0.16992 0.00000 0.33483 0.00000 
34	1	0.00002 0.00000 0.02948 0.00000 0.10699 0.00000 0.04650 0.00000 0.24267 0.00000 0.19852 0.00000 0.11021 0.00000 0.26562 0.00000 
35	1	0.00218 0.00000 0.03858 0.00000 0.07097 0.00000 0.17657 0.00000 0.11605 0.00000 0.08307 0.00000 0.11939 0.00000 0.39320 0.00000 
36	1	0.00057 0.00000 0.07439 0.00000 0.07398 0.00000 0.35048 0.00000 0.08675 0.00000 0.01228 0.00000 0.01851 0.00000 0.38305 0.00000 
37	1	0.00108 0.00000 0.00154 0.00000 0.00106 0.00000 0.00223 0.00000 0.03727 0.00000 0.14419 0.00000 0.08073 0.00000 0.73189 0.00000 
38	1	0.00003 0.00000 0.01371 0.00000 0.02956 0.00000 0.05174 0.00000 0.09790 0.00000 0.16744 0.00000 0.17164 0.00000 0.46798 0.00000 
39	1	0.00001 0.00000 0.02911 0.00000 0.04382 0.00000 0.02894 0.00000 0.17268 0.00000 0.22325 0.00000 0.22712 0.00000 0.27507 0.00000 
40	1	0.00002 0.00000 0.02434 0.00000 0.04974 0.00000 0.04931 0.00000 0.11275 0.00000 0.25023 0.00000 0.04049 0.00000 0.47311 0.00000 
41	1	0.00146 0.00000 0.01412 0.00000 0.00967 0.00000 0.08684 0.00000 0.14323 0.00000 0.06240 0.00000 0.48037 0.00000 0.20192 0.00000 
42	1	0.00889 0.00000 0.10095 0.00000 0.02221 0.00000 0.02110 0.00000 0.01602 0.00000 0.18081 0.00000 0.45909 0.00000 0.19094 0.00000 
43	1	0.00279 0.00000 0.01393 0.00000 0.01702 0.00000 0.04980 0.00000 0.10787 0.00000 0.09634 0.00000 0.53213 0.00000 0.18013 0.00000 
44	1	0.00025 0.00000 0.05010 0.00000 0.10682 0.00000 0.11269 0.00000 0.16325 0.00000 0.16970 0.00000 0.22865 0.00000 0.16854 0.00000 
45	1	0.00039 0.00000 0.01342 0.00000 0.03521 0.00000 0.04831 0.00000 0.13680 0.00000 0.22061 0.00000 0.08238 0.00000 0.46287 0.00000 
46	1	0.00001 0.00000 0.01790 0.00000 0.03682 0.00000 0.08869 0.00000 0.22171 0.00000 0.11447 0.00000 0.06273 0.00000 0.45767 0.00000 
47	1	0.00194 0.00000 0.01247 0.00000 0.01277 0.00000 0.11987 0.00000 0.42737 0.00000 0.05397 0.00000 0.05347 0.00000 0.31814 0.00000 
48	1	0.00002 0.00000 0.00528 0.00000 0.02618 0.00000 0.01963 0.00000 0.06625 0.00000 0.02251 0.00000 0.02745 0.00000 0.83267 0.00000 
49	1	0.00005 0.00000 0.01035 0.00000 0.01828 0.00000 0.01835 0.00000 0.12382 0.00000 0.25681 0.00000 0.15586 0.00000 0.41648 0.00000 
50	1	0.00017 0.00000 0.03244 0.00000 0.06081 0.00000 0.09709 0.00000 0.18966 0.00000 0.12480 0.00000 0.23644 0.00000 0.25859 0.00000 
51	1	0.00039 0.00000 0.01690 0.00000 0.03545 0.00000 0.02516 0.00000 0.11966 0.00000 0.23113 0.00000 0.08761 0.00000 0.48370 0.00000 
52	1	0.00007 0.00000 0.01140 0.00000 0.01964 0.00000 0.01853 0.00000 0.04466 0.00000 0.28845 0.00000 0.10354 0.00000 0.51370 0.00000 
53	1	0.00254 0.00000 0.01047 0.00000 0.00796 0.00000 0.03317 0.00000 0.25101 0.00000 0.14958 0.00000 0.17350 0.00000 0.37176 0.00000 
54	1	0.00004 0.00000 0.01347 0.00000 0.01835 0.00000 0.02251 0.00000 0.05988 0.00000 0.38784 0.00000 0.34890 0.00000 0.14902 0.00000 
55	1	0.00101 0.00000 0.00499 0.00000 0.00425 0.00000 0.04573 0.00000 0.03732 0.00000 0.07466 0.00000 0.58956 0.00000 0.24249 0.00000 
56	1	0.00501 0.00000 0.04501 0.00000 0.04322 0.00000 0.28017 0.00000 0.03328 0.00000 0.12720 0.00000 0.16001 0.00000 0.30609 0.00000 
57	1	0.00098 0.00000 0.03480 0.00000 0.08569 0.00000 0.09035 0.00000 0.25748 0.00000 0.11815 0.00000 0.10043 0.00000 0.31213 0.00000 
58	1	0.00002 0.00000 0.00899 0.00000 0.09840 0.00000 0.11569 0.00000 0.08627 0.00000 0.19016 0.00000 0.05293 0.00000 0.44753 0.00000 
59	1	0.00002 0.00000 0.01839 0.00000 0.04265 0.00000 0.01727 0.00000 0.02705 0.00000 0.27275 0.00000 0.53743 0.00000 0.08444 0.00000 
60	1	0.00510 0.00000 0.01814 0.00000 0.01443 0.00000 0.03776 0.00000 0.10674 0.00000 0.09801 0.00000 0.47382 0.00000 0.24599 0.00000 
61	1	0.00583 0.00000 0.02120 0.00000 0.01899 0.00000 0.12726 0.00000 0.19745 0.00000 0.01766 0.00000 0.32155 0.00000 0.29007 0.00000 
62	1	0.00011 0.00000 0.02891 0.00000 0.07199 0.00000 0.14876 0.00000 0.10157 0.00000 0.16827 0.00000 0.20582 0.00000 0.27455 0.00000 
63	1	0.00061 0.00000 0.00999 0.00000 0.03303 0.00000 0.03846 0.00000 0.20129 0.00000 0.20770 0.00000 0.08880 0.00000 0.42013 0.00000 
64	1	0.00007 0.00000 0.01490 0.00000 0.03232 0.00000 0.03290 0.00000 0.11156 0.00000 0.21704 0.00000 0.24363 0.00000 0.34758 0.00000 
65	1	0.00168 0.00000 0.01723 0.00000 0.00959 0.00000 0.06811 0.00000 0.06051 0.00000 0.05704 0.00000 0.36354 0.00000 0.42232 0.00000 
66	1	0.00366 0.00000 0.01544 0.00000 0.01573 0.00000 0.03437 0.00000 0.03996 0.00000 0.02974 0.00000 0.23601 0.00000 0.62509 0.00000 
67	1	0.00006 0.00000 0.01169 0.00000 0.05077 0.00000 0.10201 0.00000 0.32657 0.00000 0.12939 0.00000 0.01265 0.00000 0.36685 0.00000 
68	1	0.01309 0.00000 0.03930 0.00000 0.03589 0.00000 0.09939 0.00000 0.11801 0.00000 0.21590 0.00000 0.03423 0.00000 0.44419 0.00000 
69	1	0.00001 0.00000 0.02642 0.00000 0.04476 0.00000 0.02428 0.00000 0.04780 0.00000 0.16401 0.00000 0.21324 0.00000 0.47947 0.00000 
70	1	0.00313 0.00000 0.02394 0.00000 0.01741 0.00000 0.02766 0.00000 0.04847 0.00000 0.03094 0.00000 0.02400 0.00000 0.82444 0.00000 
71	1	0.00061 0.00000 0.02362 0.00000 0.04528 0.00000 0.06043 0.00000 0.06032 0.00000 0.01649 0.00000 0.00886 0.00000 0.78439 0.00000 
72	1	0.00031 0.00000 0.01369 0.00000 0.02439 0.00000 0.02087 0.00000 0.03386 0.00000 0.11546 0.00000 0.23578 0.00000 0.55565 0.00000 
73	1	0.01953 0.00000 0.04432 0.00000 0.08241 0.00000 0.28192 0.00000 0.13408 0.00000 0.15397 0.00000 0.13773 0.00000 0.14604 0.00000 
74	1	0.00184 0.00000 0.03939 0.00000 0.02669 0.00000 0.06440 0.00000 0.03967 0.00000 0.01448 0.00000 0.75561 0.00000 0.05792 0.00000 
75	1	0.00004 0.00000 0.01252 0.00000 0.02096 0.00000 0.02677 0.00000 0.08808 0.00000 0.18311 0.00000 0.41483 0.00000 0.25368 0.00000 
76	1	0.00006 0.00000 0.04057 0.00000 0.07153 0.00000 0.06214 0.00000 0.16803 0.00000 0.30836 0.00000 0.08487 0.00000 0.26443 0.00000 
77	1	0.00001 0.00000 0.01225 0.00000 0.05032 0.00000 0.06350 0.00000 0.08238 0.00000 0.14619 0.00000 0.18842 0.00000 0.45694 0.00000 
78	1	0.00003 0.00000 0.08029 0.00000 0.17645 0.00000 0.06253 0.00000 0.10041 0.00000 0.11183 0.00000 0.24621 0.00000 0.22225 0.00000 
79	1	0.00006 0.00000 0.05405 0.00000 0.06207 0.00000 0.01758 0.00000 0.03656 0.00000 0.12044 0.00000 0.40948 0.00000 0.29975 0.00000 
80	1	0.00002 0.00000 0.01691 0.00000 0.03953 0.00000 0.03870 0.00000 0.30100 0.00000 0.36560 0.00000 0.07525 0.00000 0.16300 0.00000 
81	1	0.00017 0.00000 0.04462 0.00000 0.03875 0.00000 0.03937 0.00000 0.19230 0.00000 0.14470 0.00000 0.12547 0.00000 0.41463 0.00000 
82	1	0.00037 0.00000 0.03243 0.00000 0.06702 0.00000 0.03024 0.00000 0.09688 0.00000 0.27281 0.00000 0.13052 0.00000 0.36974 0.00000 
83	1	0.00018 0.00000 0.02376 0.00000 0.07017 0.00000 0.09858 0.00000 0.14805 0.00000 0.30930 0.00000 0.11371 0.00000 0.23625 0.00000 
84	1	0.00027 0.00000 0.02372 0.00000 0.03595 0.00000 0.01905 0.00000 0.03393 0.00000 0.14508 0.00000 0.29373 0.00000 0.44826 0.00000 
85	1	0.00004 0.00000 0.01358 0.00000 0.13459 0.00000 0.15295 0.00000 0.07841 0.00000 0.07287 0.00000 0.10944 0.00000 0.43812 0.00000 
86	1	0.00790 0.00000 0.03386 0.00000 0.04303 0.00000 0.05751 0.00000 0.23985 0.00000 0.05209 0.00000 0.36254 0.00000 0.20322 0.00000 
87	1	0.00814 0.00000 0.04655 0.00000 0.31425 0.00000 0.07765 0.00000 0.06333 0.00000 0.10986 0.00000 0.19999 0.00000 0.18023 0.00000 
88	1	0.01197 0.00000 0.05991 0.00000 0.06124 0.00000 0.03198 0.00000 0.07359 0.00000 0.26397 0.00000 0.04409 0.00000 0.45325 0.00000 
89	1	0.00177 0.00000 0.03644 0.00000 0.03562 0.00000 0.01872 0.00000 0.06354 0.00000 0.20669 0.00000 0.39786 0.00000 0.23936 0.00000 
90	1	0.00001 0.00000 0.02341 0.00000 0.02894 0.00000 0.03482 0.00000 0.08882 0.00000 0.17544 0.00000 0.21429 0.00000 0.43427 0.00000 
91	1	0.00005 0.00000 0.01552 0.00000 0.02021 0.00000 0.02119 0.00000 0.19178 0.00000 0.48985 0.00000 0.21767 0.00000 0.04372 0.00000 
92	1	0.00160 0.00000 0.00750 0.00000 0.02253 0.00000 0.11774 0.00000 0.24656 0.00000 0.05088 0.00000 0.19390 0.00000 0.35930 0.00000 
93	1	0.00007 0.00000 0.00837 0.00000 0.04901 0.00000 0.02845 0.00000 0.09905 0.00000 0.17731 0.00000 0.32694 0.00000 0.31080 0.00000 
94	1	0.00006 0.00000 0.01410 0.00000 0.04539 0.00000 0.03839 0.00000 0.11232 0.00000 0.22742 0.00000 0.13503 0.00000 0.42729 0.00000 
95	1	0.00006 0.00000 0.01388 0.00000 0.05999 0.00000 0.07202 0.00000 0.21972 0.00000 0.36979 0.00000 0.09806 0.00000 0.16649 0.00000 
96	1	0.00012 0.00000 0.04939 0.00000 0.08883 0.00000 0.05713 0.00000 0.15819 0.00000 0.17022 0.00000 0.09770 0.00000 0.37842 0.00000 
97	1	0.00005 0.00000 0.03118 0.00000 0.06229 0.00000 0.07022 0.00000 0.14805 0.00000 0.21680 0.00000 0.17086 0.00000 0.30055 0.00000 
98	1	0.00005 0.00000 0.09029 0.00000 0.10213 0.00000 0.05899 0.00000 0.07930 0.00000 0.09293 0.00000 0.27865 0.00000 0.29766 0.00000 
99	1	0.00016 0.00000 0.00247 0.00000 0.01299 0.00000 0.02607 0.00000 0.10830 0.00000 0.12266 0.00000 0.02433 0.00000 0.70302 0.00000 
100	2	0.01561 0.00000 0.06421 0.00000 0.11021 0.00000 0.02519 0.00000 0.09133 0.00000 0.14037 0.00000 0.12120 0.00000 0.43187 0.00000 
101	2	0.00001 0.00000 0.00108 0.00000 0.00200 0.00000 0.05390 0.00000 0.15423 0.00000 0.12484 0.00000 0.09971 0.00000 0.56423 0.00000 
102	2	0.00001 0.00000 0.00329 0.00000 0.07775 0.00000 0.09722 0.00000 0.38146 0.00000 0.25636 0.00000 0.14419 0.00000 0.03971 0.00000 
103	2	0.00008 0.00000 0.00231 0.00000 0.00766 0.00000 0.00829 0.00000 0.06770 0.00000 0.14297 0.00000 0.07325 0.00000 0.69774 0.00000 
104	2	0.00219 0.00000 0.01242 0.00000 0.03570 0.00000 0.03549 0.00000 0.14062 0.00000 0.17533 0.00000 0.03729 0.00000 0.56097 0.00000 
105	2	0.00002 0.00000 0.00146 0.00000 0.00566 0.00000 0.04796 0.00000 0.09894 0.00000 0.05816 0.00000 0.06202 0.00000 0.72579 0.00000 
106	2	0.00114 0.00000 0.01634 0.00000 0.03323 0.00000 0.04049 0.00000 0.10478 0.00000 0.13884 0.00000 0.02506 0.00000 0.64012 0.00000 
107	2	0.00409 0.00000 0.03086 0.00000 0.10584 0.00000 0.06743 0.00000 0.25343 0.00000 0.53752 0.00000 0.00040 0.00000 0.00043 0.00000 
108	2	0.00008 0.00000 0.00044 0.00000 0.03600 0.00000 0.12207 0.00000 0.29784 0.00000 0.18342 0.00000 0.14796 0.00000 0.21218 0.00000 
109	2	0.00049 0.00000 0.01726 0.00000 0.03778 0.00000 0.13378 0.00000 0.28033 0.00000 0.23357 0.00000 0.28624 0.00000 0.01056 0.00000 
110	2	0.00877 0.00000 0.13706 0.00000 0.07390 0.00000 0.09390 0.00000 0.20839 0.00000 0.18647 0.00000 0.26212 0.00000 0.02939 0.00000 
111	2	0.00012 0.00000 0.00248 0.00000 0.00611 0.00000 0.07630 0.00000 0.19761 0.00000 0.17729 0.00000 0.44952 0.00000 0.09055 0.00000 
112	2	0.00015 0.00000 0.01144 0.00000 0.02046 0.00000 0.05381 0.00000 0.10221 0.00000 0.11016 0.00000 0.06026 0.00000 0.64150 0.00000 
113	2	0.02018 0.00000 0.05840 0.00000 0.28535 0.00000 0.07443 0.00000 0.36268 0.00000 0.15562 0.00000 0.03478 0.00000 0.00855 0.00000 
114	2	0.05705 0.00000 0.07014 0.00000 0.54278 0.00000 0.09199 0.00000 0.14172 0.00000 0.07235 0.00000 0.02293 0.00000 0.00103 0.00000 
115	2	0.00024 0.00000 0.00109 0.00000 0.00647 0.00000 0.01209 0.00000 0.09868 0.00000 0.35574 0.00000 0.41964 0.00000 0.10605 0.00000 
116	2	0.20707 0.00000 0.07629 0.00000 0.09079 0.00000 0.03223 0.00000 0.11084 0.00000 0.37119 0.00000 0.10364 0.00000 0.00796 0.00000 
117	2	0.00259 0.00000 0.36451 0.00000 0.23102 0.00000 0.07797 0.00000 0.16115 0.00000 0.09213 0.00000 0.02586 0.00000 0.04477 0.00000 
118	2	0.00220 0.00000 0.04127 0.00000 0.11278 0.00000 0.10162 0.00000 0.10061 0.00000 0.23156 0.00000 0.20564 0.00000 0.20432 0.00000 
119	2	0.00010 0.00000 0.02392 0.00000 0.08652 0.00000 0.09698 0.00000 0.11587 0.00000 0.31874 0.00000 0.21388 0.00000 0.14398 0.00000 
120	2	0.00007 0.00000 0.00019 0.00000 0.00089 0.00000 0.04310 0.00000 0.25654 0.00000 0.30929 0.00000 0.11579 0.00000 0.27413 0.00000 
121	2	0.00040 0.00000 0.02967 0.00000 0.12310 0.00000 0.11366 0.00000 0.11643 0.00000 0.24800 0.00000 0.22492 0.00000 0.14382 0.00000 
122	2	0.00028 0.00000 0.00808 0.00000 0.02903 0.00000 0.06937 0.00000 0.22063 0.00000 0.42073 0.00000 0.16156 0.00000 0.09032 0.00000 
123	2	0.00176 0.00000 0.01105 0.00000 0.05716 0.00000 0.05624 0.00000 0.29182 0.00000 0.38678 0.00000 0.11895 0.00000 0.07624 0.00000 
124	2	0.47676 0.00000 0.14859 0.00000 0.08333 0.00000 0.00789 0.00000 0.05845 0.00000 0.12093 0.00000 0.07567 0.00000 0.02838 0.00000 
125	2	0.00023 0.00000 0.03556 0.00000 0.12097 0.00000 0.09183 0.00000 0.13094 0.00000 0.06603 0.00000 0.04201 0.00000 0.51243 0.00000 
126	2	0.00008 0.00000 0.01182 0.00000 0.03791 0.00000 0.03872 0.00000 0.14649 0.00000 0.09059 0.00000 0.04288 0.00000 0.63152 0.00000 
127	2	0.00056 0.00000 0.02124 0.00000 0.08119 0.00000 0.04554 0.00000 0.19898 0.00000 0.24327 0.00000 0.31761 0.00000 0.09160 0.00000 
128	2	0.06376 0.00000 0.02530 0.00000 0.02576 0.00000 0.01117 0.00000 0.07759 0.00000 0.45427 0.00000 0.05461 0.00000 0.28754 0.00000 
129	2	0.00030 0.00000 0.03708 0.00000 0.12545 0.00000 0.13090 0.00000 0.38612 0.00000 0.17356 0.00000 0.11378 0.00000 0.03280 0.00000 
130	2	0.00005 0.00000 0.00712 0.00000 0.02352 0.00000 0.04275 0.00000 0.12146 0.00000 0.33222 0.00000 0.14856 0.00000 0.32433 0.00000 
131	2	0.00211 0.00000 0.00476 0.00000 0.01309 0.00000 0.04214 0.00000 0.16841 0.00000 0.08559 0.00000 0.19934 0.00000 0.48457 0.00000 
132	2	0.00001 0.00000 0.00064 0.00000 0.00665 0.00000 0.01390 0.00000 0.12661 0.00000 0.11680 0.00000 0.59390 0.00000 0.14148 0.00000 
133	2	0.00002 0.00000 0.00005 0.00000 0.00233 0.00000 0.11426 0.00000 0.48686 0.00000 0.39144 0.00000 0.00488 0.00000 0.00015 0.00000 
134	2	0.00003 0.00000 0.00630 0.00000 0.02890 0.00000 0.04476 0.00000 0.27905 0.00000 0.35444 0.00000 0.18707 0.00000 0.09945 0.00000 
135	2	0.00093 0.00000 0.01742 0.00000 0.02879 0.00000 0.07311 0.00000 0.13377 0.00000 0.39301 0.00000 0.34486 0.00000 0.00810 0.00000 
136	2	0.00034 0.00000 0.01003 0.00000 0.01796 0.00000 0.02350 0.00000 0.07176 0.00000 0.42772 0.00000 0.15508 0.00000 0.29360 0.00000 
137	2	0.00148 0.00000 0.02201 0.00000 0.15746 0.00000 0.52475 0.00000 0.20686 0.00000 0.04327 0.00000 0.02578 0.00000 0.01839 0.00000 
138	2	0.00003 0.00000 0.00237 0.00000 0.00901 0.00000 0.04169 0.00000 0.19727 0.00000 0.19696 0.00000 0.02925 0.00000 0.52340 0.00000 
139	2	0.04017 0.00000 0.45328 0.00000 0.27056 0.00000 0.04010 0.00000 0.07551 0.00000 0.07346 0.00000 0.03418 0.00000 0.01273 0.00000 
140	2	0.00001 0.00000 0.00004 0.00000 0.00262 0.00000 0.08102 0.00000 0.19006 0.00000 0.15141 0.00000 0.25845 0.00000 0.31640 0.00000 
141	2	0.00301 0.00000 0.04173 0.00000 0.14279 0.00000 0.13022 0.00000 0.19119 0.00000 0.05617 0.00000 0.02417 0.00000 0.41070 0.00000 
142	2	0.00001 0.00000 0.00000 0.00000 0.00570 0.00000 0.13932 0.00000 0.19264 0.00000 0.24185 0.00000 0.05618 0.00000 0.36429 0.00000 
143	2	0.00015 0.00000 0.01237 0.00000 0.11485 0.00000 0.16623 0.00000 0.30481 0.00000 0.08691 0.00000 0.15038 0.00000 0.16430 0.00000 
144	2	0.03007 0.00000 0.11390 0.00000 0.21107 0.00000 0.25128 0.00000 0.20254 0.00000 0.10330 0.00000 0.07296 0.00000 0.01487 0.00000 
145	2	0.00192 0.00000 0.16107 0.00000 0.13567 0.00000 0.11034 0.00000 0.14163 0.00000 0.18778 0.00000 0.10244 0.00000 0.15915 0.00000 
146	2	0.00187 0.00000 0.02496 0.00000 0.25816 0.00000 0.09074 0.00000 0.18924 0.00000 0.17926 0.00000 0.18505 0.00000 0.07073 0.00000 
147	2	0.00125 0.00000 0.12070 0.00000 0.12789 0.00000 0.10855 0.00000 0.13304 0.00000 0.22036 0.00000 0.13318 0.00000 0.15501 0.00000 
148	2	0.00060 0.00000 0.00626 0.00000 0.05624 0.00000 0.05046 0.00000 0.09711 0.00000 0.12749 0.00000 0.12527 0.00000 0.53658 0.00000 
149	2	0.00047 0.00000 0.00594 0.00000 0.06911 0.00000 0.05169 0.00000 0.14544 0.00000 0.18258 0.00000 0.54449 0.00000 0.00028 0.00000 
150	2	0.00068 0.00000 0.02597 0.00000 0.06866 0.00000 0.03365 0.00000 0.13836 0.00000 0.10484 0.00000 0.05481 0.00000 0.57303 0.00000 
151	2	0.00049 0.00000 0.03459 0.00000 0.03732 0.00000 0.05718 0.00000 0.19632 0.00000 0.21395 0.00000 0.16143 0.00000 0.29871 0.00000 
152	2	0.00004 0.00000 0.00916 0.00000 0.06975 0.00000 0.06081 0.00000 0.27740 0.00000 0.45346 0.00000 0.11462 0.00000 0.01475 0.00000 
153	2	0.00001 0.00000 0.01005 0.00000 0.07308 0.00000 0.06533 0.00000 0.28521 0.00000 0.38181 0.00000 0.16167 0.00000 0.02283 0.00000 
154	2	0.01713 0.00000 0.07174 0.00000 0.17415 0.00000 0.08665 0.00000 0.20158 0.00000 0.14805 0.00000 0.24456 0.00000 0.05615 0.00000 
155	2	0.00889 0.00000 0.06120 0.00000 0.08475 0.00000 0.03095 0.00000 0.07969 0.00000 0.07374 0.00000 0.52104 0.00000 0.13973 0.00000 
156	2	0.00512 0.00000 0.09594 0.00000 0.29578 0.00000 0.21495 0.00000 0.12201 0.00000 0.11604 0.00000 0.08591 0.00000 0.06426 0.00000 
157	2	0.00408 0.00000 0.04727 0.00000 0.08989 0.00000 0.04764 0.00000 0.10381 0.00000 0.11751 0.00000 0.48000 0.00000 0.10981 0.00000 
158	2	0.00001 0.00000 0.00089 0.00000 0.14893 0.00000 0.00000 0.00000 0.22885 0.00000 0.02992 0.00000 0.06146 0.00000 0.52995 0.00000 
159	2	0.00006 0.00000 0.01567 0.00000 0.04372 0.00000 0.02486 0.00000 0.06740 0.00000 0.12833 0.00000 0.34875 0.00000 0.37120 0.00000 
160	2	0.00003 0.00000 0.00238 0.00000 0.00488 0.00000 0.04889 0.00000 0.17102 0.00000 0.12266 0.00000 0.62660 0.00000 0.02355 0.00000 
161	2	0.00023 0.00000 0.00580 0.00000 0.00882 0.00000 0.09387 0.00000 0.19019 0.00000 0.38663 0.00000 0.22291 0.00000 0.09155 0.00000 
162	2	0.00020 0.00000 0.02575 0.00000 0.05189 0.00000 0.08410 0.00000 0.13169 0.00000 0.21749 0.00000 0.40534 0.00000 0.08354 0.00000 
163	2	0.00007 0.00000 0.00177 0.00000 0.46250 0.00000 0.10041 0.00000 0.24355 0.00000 0.16821 0.00000 0.02062 0.00000 0.00287 0.00000 
164	2	0.00002 0.00000 0.00107 0.00000 0.01097 0.00000 0.69063 0.00000 0.16126 0.00000 0.09601 0.00000 0.03361 0.00000 0.00643 0.00000 
165	2	0.00209 0.00000 0.02203 0.00000 0.11238 0.00000 0.06811 0.00000 0.21373 0.00000 0.14705 0.00000 0.32123 0.00000 0.11339 0.00000 
166	2	0.00017 0.00000 0.00851 0.00000 0.01245 0.00000 0.02117 0.00000 0.08661 0.00000 0.15971 0.00000 0.16861 0.00000 0.54277 0.00000 
167	2	0.00263 0.00000 0.10023 0.00000 0.07849 0.00000 0.02895 0.00000 0.07415 0.00000 0.08868 0.00000 0.21907 0.00000 0.40780 0.00000 
168	2	0.01243 0.00000 0.03774 0.00000 0.02950 0.00000 0.02273 0.00000 0.06763 0.00000 0.13319 0.00000 0.16635 0.00000 0.53043 0.00000 
169	2	0.00080 0.00000 0.00535 0.00000 0.04518 0.00000 0.04837 0.00000 0.24835 0.00000 0.14293 0.00000 0.12469 0.00000 0.38434 0.00000 
170	2	0.00021 0.00000 0.01007 0.00000 0.03344 0.00000 0.04529 0.00000 0.11492 0.00000 0.16867 0.00000 0.11723 0.00000 0.51017 0.00000 
171	2	0.00299 0.00000 0.03090 0.00000 0.15723 0.00000 0.08029 0.00000 0.30945 0.00000 0.24396 0.00000 0.01535 0.00000 0.15984 0.00000 
172	2	0.00080 0.00000 0.01326 0.00000 0.05885 0.00000 0.05361 0.00000 0.16194 0.00000 0.43454 0.00000 0.25994 0.00000 0.01706 0.00000 
173	2	0.04907 0.00000 0.60405 0.00000 0.13577 0.00000 0.01392 0.00000 0.01819 0.00000 0.04345 0.00000 0.07845 0.00000 0.05710 0.00000 
174	2	0.00102 0.00000 0.03603 0.00000 0.09895 0.00000 0.05695 0.00000 0.13031 0.00000 0.23789 0.00000 0.41022 0.00000 0.02864 0.00000 
175	2	0.00212 0.00000 0.03215 0.00000 0.06145 0.00000 0.04140 0.00000 0.12688 0.00000 0.13000 0.00000 0.05165 0.00000 0.55433 0.00000 
176	2	0.00696 0.00000 0.09147 0.00000 0.15446 0.00000 0.04939 0.00000 0.13327 0.00000 0.12253 0.00000 0.22779 0.00000 0.21412 0.00000 
177	2	0.00088 0.00000 0.05047 0.00000 0.08294 0.00000 0.04814 0.00000 0.14778 0.00000 0.17855 0.00000 0.25736 0.00000 0.23387 0.00000 
178	2	0.00082 0.00000 0.01426 0.00000 0.17648 0.00000 0.46053 0.00000 0.16625 0.00000 0.06631 0.00000 0.02466 0.00000 0.09069 0.00000 
179	2	0.00012 0.00000 0.00488 0.00000 0.04402 0.00000 0.03819 0.00000 0.12533 0.00000 0.14369 0.00000 0.09351 0.00000 0.55026 0.00000 
180	2	0.00404 0.00000 0.06226 0.00000 0.13320 0.00000 0.07018 0.00000 0.22318 0.00000 0.24265 0.00000 0.11387 0.00000 0.15062 0.00000 
181	2	0.00325 0.00000 0.01903 0.00000 0.03904 0.00000 0.16697 0.00000 0.31654 0.00000 0.14911 0.00000 0.30446 0.00000 0.00160 0.00000 
182	2	0.00077 0.00000 0.00285 0.00000 0.00352 0.00000 0.11937 0.00000 0.29585 0.00000 0.28691 0.00000 0.22243 0.00000 0.06831 0.00000 
183	2	0.00021 0.00000 0.00809 0.00000 0.02146 0.00000 0.19664 0.00000 0.30132 0.00000 0.07746 0.00000 0.33218 0.00000 0.06265 0.00000 
184	2	0.44652 0.00000 0.25886 0.00000 0.12428 0.00000 0.04919 0.00000 0.06118 0.00000 0.04324 0.00000 0.00796 0.00000 0.00878 0.00000 
185	2	0.00563 0.00000 0.05923 0.00000 0.07495 0.00000 0.01908 0.00000 0.16132 0.00000 0.11515 0.00000 0.05682 0.00000 0.50781 0.00000 
186	2	0.00118 0.00000 0.01051 0.00000 0.01635 0.00000 0.10164 0.00000 0.12698 0.00000 0.07132 0.00000 0.67159 0.00000 0.00043 0.00000 
187	2	0.00015 0.00000 0.00681 0.00000 0.00980 0.00000 0.01502 0.00000 0.05757 0.00000 0.21278 0.00000 0.05592 0.00000 0.64194 0.00000 
188	2	0.27003 0.00000 0.22669 0.00000 0.07807 0.00000 0.02996 0.00000 0.10625 0.00000 0.14582 0.00000 0.13267 0.00000 0.01051 0.00000 
189	2	0.01518 0.00000 0.06216 0.00000 0.26599 0.00000 0.04596 0.00000 0.09752 0.00000 0.04093 0.00000 0.09865 0.00000 0.37361 0.00000 
190	2	0.01103 0.00000 0.06091 0.00000 0.17681 0.00000 0.05740 0.00000 0.11191 0.00000 0.19351 0.00000 0.12536 0.00000 0.26308 0.00000 
191	2	0.00004 0.00000 0.00076 0.00000 0.00868 0.00000 0.15288 0.00000 0.23540 0.00000 0.04814 0.00000 0.05027 0.00000 0.50383 0.00000 
192	2	0.00318 0.00000 0.04443 0.00000 0.11380 0.00000 0.06567 0.00000 0.34318 0.00000 0.15603 0.00000 0.10853 0.00000 0.16517 0.00000 
193	2	0.00062 0.00000 0.02288 0.00000 0.09649 0.00000 0.09050 0.00000 0.26584 0.00000 0.24551 0.00000 0.14677 0.00000 0.13140 0.00000 
194	2	0.00220 0.00000 0.04344 0.00000 0.06360 0.00000 0.02762 0.00000 0.13687 0.00000 0.15384 0.00000 0.05934 0.00000 0.51309 0.00000 
195	2	0.00003 0.00000 0.00167 0.00000 0.00084 0.00000 0.03861 0.00000 0.13638 0.00000 0.15368 0.00000 0.11550 0.00000 0.55329 0.00000 
196	2	0.23709 0.00000 0.22978 0.00000 0.12448 0.00000 0.05672 0.00000 0.11237 0.00000 0.16024 0.00000 0.07861 0.00000 0.00070 0.00000 
197	2	0.00014 0.00000 0.02420 0.00000 0.05233 0.00000 0.20657 0.00000 0.10836 0.00000 0.03160 0.00000 0.18511 0.00000 0.39169 0.00000 
198	2	0.00004 0.00000 0.02818 0.00000 0.04866 0.00000 0.03687 0.00000 0.07280 0.00000 0.16210 0.00000 0.14906 0.00000 0.50229 0.00000 
199	2	0.00002 0.00000 0.00003 0.00000 0.00435 0.00000 0.16556 0.00000 0.08695 0.00000 0.13497 0.00000 0.56433 0.00000 0.04379 0.00000 
200	3	0.00110 0.00000 0.00553 0.00000 0.00240 0.00000 0.69601 0.00000 0.07927 0.00000 0.06025 0.00000 0.09668 0.00000 0.05877 0.00000 
201	3	0.63510 0.00000 0.17161 0.00000 0.04455 0.00000 0.01143 0.00000 0.04156 0.00000 0.06253 0.00000 0.01821 0.00000 0.01500 0.00000 
202	3	0.00020 0.00000 0.02395 0.00000 0.43125 0.00000 0.15177 0.00000 0.18277 0.00000 0.08688 0.00000 0.04170 0.00000 0.08148 0.00000 
203	3	0.00205 0.00000 0.03592 0.00000 0.05549 0.00000 0.03447 0.00000 0.03720 0.00000 0.03937 0.00000 0.27323 0.00000 0.52227 0.00000 
204	3	0.64978 0.00000 0.16732 0.00000 0.02375 0.00000 0.00428 0.00000 0.02132 0.00000 0.05551 0.00000 0.07801 0.00000 0.00003 0.00000 
205	3	0.68418 0.00000 0.10721 0.00000 0.05387 0.00000 0.02372 0.00000 0.04377 0.00000 0.06363 0.00000 0.02230 0.00000 0.00131 0.00000 
206	3	0.00011 0.00000 0.00460 0.00000 0.01605 0.00000 0.03690 0.00000 0.12590 0.00000 0.17431 0.00000 0.51267 0.00000 0.12948 0.00000 
207	3	0.00023 0.00000 0.03283 0.00000 0.05648 0.00000 0.04298 0.00000 0.18094 0.00000 0.17710 0.00000 0.48702 0.00000 0.02241 0.00000 
208	3	0.00003 0.00000 0.00566 0.00000 0.01699 0.00000 0.20528 0.00000 0.11722 0.00000 0.15460 0.00000 0.48791 0.00000 0.01232 0.00000 
209	3	0.00001 0.00000 0.05704 0.00000 0.24846 0.00000 0.09677 0.00000 0.15599 0.00000 0.26674 0.00000 0.12751 0.00000 0.04748 0.00000 
210	3	0.00003 0.00000 0.00128 0.00000 0.00264 0.00000 0.00247 0.00000 0.00848 0.00000 0.06613 0.00000 0.20964 0.00000 0.70933 0.00000 
211	3	0.01412 0.00000 0.52916 0.00000 0.04651 0.00000 0.01332 0.00000 0.02662 0.00000 0.09871 0.00000 0.14724 0.00000 0.12432 0.00000 
212	3	0.00003 0.00000 0.00088 0.00000 0.00377 0.00000 0.04962 0.00000 0.16506 0.00000 0.28632 0.00000 0.35397 0.00000 0.14035 0.00000 
213	3	0.00002 0.00000 0.00318 0.00000 0.26333 0.00000 0.38037 0.00000 0.18251 0.00000 0.06418 0.00000 0.10022 0.00000 0.00620 0.00000 
214	3	0.00120 0.00000 0.03718 0.00000 0.03207 0.00000 0.03031 0.00000 0.03514 0.00000 0.05158 0.00000 0.50163 0.00000 0.31090 0.00000 
215	3	0.00003 0.00000 0.00142 0.00000 0.00870 0.00000 0.01603 0.00000 0.10231 0.00000 0.20354 0.00000 0.64476 0.00000 0.02321 0.00000 
216	3	0.00011 0.00000 0.00759 0.00000 0.01771 0.00000 0.10675 0.00000 0.31171 0.00000 0.21156 0.00000 0.19199 0.00000 0.15257 0.00000 
217	3	0.00008 0.00000 0.00095 0.00000 0.00165 0.00000 0.02536 0.00000 0.05819 0.00000 0.05905 0.00000 0.11818 0.00000 0.73654 0.00000 
218	3	0.00028 0.00000 0.00903 0.00000 0.00696 0.00000 0.05370 0.00000 0.18844 0.00000 0.08818 0.00000 0.34623 0.00000 0.30719 0.00000 
219	3	0.04415 0.00000 0.25609 0.00000 0.42359 0.00000 0.02380 0.00000 0.04577 0.00000 0.07515 0.00000 0.09850 0.00000 0.03294 0.00000 
220	3	0.00098 0.00000 0.01723 0.00000 0.07724 0.00000 0.12895 0.00000 0.12897 0.00000 0.51305 0.00000 0.12199 0.00000 0.01159 0.00000 
221	3	0.00377 0.00000 0.05367 0.00000 0.09322 0.00000 0.05052 0.00000 0.24538 0.00000 0.16702 0.00000 0.18437 0.00000 0.20206 0.00000 
222	3	0.13324 0.00000 0.48203 0.00000 0.24410 0.00000 0.04256 0.00000 0.02892 0.00000 0.03911 0.00000 0.01686 0.00000 0.01317 0.00000 
223	3	0.00136 0.00000 0.13845 0.00000 0.04044 0.00000 0.06556 0.00000 0.24955 0.00000 0.11178 0.00000 0.17480 0.00000 0.21807 0.00000 
224	3	0.00037 0.00000 0.00148 0.00000 0.00394 0.00000 0.06185 0.00000 0.14077 0.00000 0.16585 0.00000 0.62302 0.00000 0.00271 0.00000 
225	3	0.00024 0.00000 0.01050 0.00000 0.00452 0.00000 0.00331 0.00000 0.02146 0.00000 0.06036 0.00000 0.28506 0.00000 0.61455 0.00000 
226	3	0.00018 0.00000 0.54367 0.00000 0.29290 0.00000 0.02282 0.00000 0.01965 0.00000 0.02483 0.00000 0.02961 0.00000 0.06633 0.00000 
227	3	0.00554 0.00000 0.03854 0.00000 0.18191 0.00000 0.01925 0.00000 0.03458 0.00000 0.07596 0.00000 0.19659 0.00000 0.44764 0.00000 
228	3	0.00272 0.00000 0.14931 0.00000 0.12790 0.00000 0.38513 0.00000 0.19621 0.00000 0.05242 0.00000 0.05927 0.00000 0.02704 0.00000 
229	3	0.00034 0.00000 0.00649 0.00000 0.02139 0.00000 0.01455 0.00000 0.40037 0.00000 0.43430 0.00000 0.09010 0.00000 0.03246 0.00000 
230	3	0.00202 0.00000 0.02369 0.00000 0.09131 0.00000 0.05404 0.00000 0.09078 0.00000 0.11290 0.00000 0.61757 0.00000 0.00767 0.00000 
231	3	0.00010 0.00000 0.14372 0.00000 0.19157 0.00000 0.32589 0.00000 0.18571 0.00000 0.04782 0.00000 0.08290 0.00000 0.02229 0.00000 
232	3	0.00006 0.00000 0.00112 0.00000 0.00640 0.00000 0.00897 0.00000 0.04928 0.00000 0.10112 0.00000 0.58649 0.00000 0.24655 0.00000 
233	3	0.00008 0.00000 0.01734 0.00000 0.03260 0.00000 0.02223 0.00000 0.10436 0.00000 0.24934 0.00000 0.40163 0.00000 0.17243 0.00000 
234	3	0.00001 0.00000 0.00061 0.00000 0.01298 0.00000 0.03013 0.00000 0.15151 0.00000 0.06875 0.00000 0.54052 0.00000 0.19549 0.00000 
235	3	0.00019 0.00000 0.00459 0.00000 0.00864 0.00000 0.00385 0.00000 0.12993 0.00000 0.73510 0.00000 0.09640 0.00000 0.02130 0.00000 
236	3	0.00026 0.00000 0.00105 0.00000 0.00887 0.00000 0.01952 0.00000 0.07102 0.00000 0.26369 0.00000 0.60236 0.00000 0.03323 0.00000 
237	3	0.01992 0.00000 0.19330 0.00000 0.39531 0.00000 0.11429 0.00000 0.05916 0.00000 0.11449 0.00000 0.07282 0.00000 0.03071 0.00000 
238	3	0.12933 0.00000 0.10201 0.00000 0.13382 0.00000 0.10443 0.00000 0.14346 0.00000 0.11255 0.00000 0.15460 0.00000 0.11980 0.00000 
239	3	0.00010 0.00000 0.01012 0.00000 0.02066 0.00000 0.02477 0.00000 0.08826 0.00000 0.46856 0.00000 0.34212 0.00000 0.04541 0.00000 
240	3	0.00002 0.00000 0.00256 0.00000 0.11256 0.00000 0.30329 0.00000 0.29348 0.00000 0.15879 0.00000 0.08548 0.00000 0.04384 0.00000 
241	3	0.00002 0.00000 0.00056 0.00000 0.00113 0.00000 0.64724 0.00000 0.04032 0.00000 0.04301 0.00000 0.07294 0.00000 0.19478 0.00000 
242	3	0.00005 0.00000 0.00078 0.00000 0.00717 0.00000 0.04683 0.00000 0.30371 0.00000 0.39963 0.00000 0.13476 0.00000 0.10708 0.00000 
243	3	0.32224 0.00000 0.33333 0.00000 0.08642 0.00000 0.00900 0.00000 0.01263 0.00000 0.03109 0.00000 0.12991 0.00000 0.07538 0.00000 
244	3	0.00004 0.00000 0.00773 0.00000 0.54548 0.00000 0.16405 0.00000 0.06985 0.00000 0.04516 0.00000 0.14052 0.00000 0.02716 0.00000 
245	3	0.00037 0.00000 0.03239 0.00000 0.02682 0.00000 0.47085 0.00000 0.25669 0.00000 0.08681 0.00000 0.07726 0.00000 0.04880 0.00000 
246	3	0.00166 0.00000 0.01033 0.00000 0.01185 0.00000 0.04931 0.00000 0.24912 0.00000 0.15068 0.00000 0.38061 0.00000 0.14645 0.00000 
247	3	0.03562 0.00000 0.27283 0.00000 0.15474 0.00000 0.06740 0.00000 0.16766 0.00000 0.12687 0.00000 0.10854 0.00000 0.06634 0.00000 
248	3	0.01896 0.00000 0.05829 0.00000 0.07934 0.00000 0.07017 0.00000 0.24348 0.00000 0.41324 0.00000 0.08690 0.00000 0.02962 0.00000 
249	3	0.00020 0.00000 0.00802 0.00000 0.06381 0.00000 0.53966 0.00000 0.21223 0.00000 0.07430 0.00000 0.09478 0.00000 0.00700 0.00000 
250	3	0.00003 0.00000 0.00736 0.00000 0.07113 0.00000 0.07279 0.00000 0.29282 0.00000 0.29147 0.00000 0.24258 0.00000 0.02182 0.00000 
251	3	0.00129 0.00000 0.40960 0.00000 0.40250 0.00000 0.04150 0.00000 0.07775 0.00000 0.03890 0.00000 0.02006 0.00000 0.00840 0.00000 
252	3	0.00036 0.00000 0.00863 0.00000 0.03764 0.00000 0.01248 0.00000 0.04390 0.00000 0.25540 0.00000 0.64138 0.00000 0.00021 0.00000 
253	3	0.00011 0.00000 0.00237 0.00000 0.00236 0.00000 0.01541 0.00000 0.08577 0.00000 0.11241 0.00000 0.50771 0.00000 0.27385 0.00000 
254	3	0.00016 0.00000 0.00110 0.00000 0.00373 0.00000 0.08366 0.00000 0.46007 0.00000 0.37050 0.00000 0.06316 0.00000 0.01762 0.00000 
255	3	0.00007 0.00000 0.00342 0.00000 0.24738 0.00000 0.18099 0.00000 0.50622 0.00000 0.03580 0.00000 0.01750 0.00000 0.00863 0.00000 
256	3	0.00026 0.00000 0.01135 0.00000 0.01750 0.00000 0.11108 0.00000 0.36694 0.00000 0.23568 0.00000 0.20973 0.00000 0.04747 0.00000 
257	3	0.46723 0.00000 0.18683 0.00000 0.04916 0.00000 0.01319 0.00000 0.03461 0.00000 0.06596 0.00000 0.15814 0.00000 0.02488 0.00000 
258	3	0.00001 0.00000 0.00215 0.00000 0.00704 0.00000 0.01979 0.00000 0.03855 0.00000 0.04661 0.00000 0.88495 0.00000 0.00090 0.00000 
259	3	0.00047 0.00000 0.02297 0.00000 0.54423 0.00000 0.15212 0.00000 0.15413 0.00000 0.11115 0.00000 0.01132 0.00000 0.00361 0.00000 
260	3	0.00102 0.00000 0.02810 0.00000 0.05605 0.00000 0.03770 0.00000 0.07501 0.00000 0.27120 0.00000 0.47472 0.00000 0.05620 0.00000 
261	3	0.00004 0.00000 0.00050 0.00000 0.00060 0.00000 0.00728 0.00000 0.02512 0.00000 0.93477 0.00000 0.02836 0.00000 0.00333 0.00000 
262	3	0.00166 0.00000 0.00212 0.00000 0.00154 0.00000 0.01409 0.00000 0.02259 0.00000 0.06656 0.00000 0.39610 0.00000 0.49533 0.00000 
263	3	0.00043 0.00000 0.01180 0.00000 0.02312 0.00000 0.02307 0.00000 0.10817 0.00000 0.68327 0.00000 0.10982 0.00000 0.04032 0.00000 
264	3	0.00035 0.00000 0.01791 0.00000 0.18687 0.00000 0.33995 0.00000 0.10749 0.00000 0.05963 0.00000 0.18064 0.00000 0.10717 0.00000 
265	3	0.00007 0.00000 0.00060 0.00000 0.00207 0.00000 0.04781 0.00000 0.20532 0.00000 0.36946 0.00000 0.24478 0.00000 0.12988 0.00000 
266	3	0.00910 0.00000 0.35304 0.00000 0.11077 0.00000 0.02292 0.00000 0.03430 0.00000 0.07452 0.00000 0.10473 0.00000 0.29061 0.00000 
267	3	0.00002 0.00000 0.00103 0.00000 0.00092 0.00000 0.00740 0.00000 0.02830 0.00000 0.05687 0.00000 0.42573 0.00000 0.47973 0.00000 
268	3	0.00003 0.00000 0.00021 0.00000 0.00068 0.00000 0.01188 0.00000 0.06554 0.00000 0.66643 0.00000 0.23824 0.00000 0.01698 0.00000 
269	3	0.00001 0.00000 0.00181 0.00000 0.00892 0.00000 0.02122 0.00000 0.37911 0.00000 0.17146 0.00000 0.08038 0.00000 0.33707 0.00000 
270	3	0.00007 0.00000 0.00049 0.00000 0.00135 0.00000 0.02321 0.00000 0.45297 0.00000 0.06035 0.00000 0.08056 0.00000 0.38100 0.00000 
271	3	0.00001 0.00000 0.00055 0.00000 0.00232 0.00000 0.06067 0.00000 0.44664 0.00000 0.10016 0.00000 0.01280 0.00000 0.37685 0.00000 
272	3	0.00043 0.00000 0.00662 0.00000 0.40854 0.00000 0.00000 0.00000 0.12671 0.00000 0.06125 0.00000 0.07268 0.00000 0.32376 0.00000 
273	3	0.00004 0.00000 0.00000 0.00000 0.08341 0.00000 0.00000 0.00000 0.03482 0.00000 0.03607 0.00000 0.00000 0.00000 0.84566 0.00000 
274	3	0.00002 0.00000 0.00007 0.00000 0.00061 0.00000 0.00232 0.00000 0.01634 0.00000 0.04318 0.00000 0.75886 0.00000 0.17860 0.00000 
275	3	0.00685 0.00000 0.01856 0.00000 0.10141 0.00000 0.16128 0.00000 0.20433 0.00000 0.43049 0.00000 0.05185 0.00000 0.02524 0.00000 
276	3	0.00031 0.00000 0.00457 0.00000 0.02531 0.00000 0.03833 0.00000 0.07756 0.00000 0.16421 0.00000 0.67769 0.00000 0.01203 0.00000 
277	3	0.00173 0.00000 0.01049 0.00000 0.03812 0.00000 0.07307 0.00000 0.67849 0.00000 0.11279 0.00000 0.05672 0.00000 0.02859 0.00000 
278	3	0.00001 0.00000 0.00216 0.00000 0.00592 0.00000 0.01111 0.00000 0.01632 0.00000 0.20207 0.00000 0.45570 0.00000 0.30671 0.00000 
279	3	0.00019 0.00000 0.00215 0.00000 0.00188 0.00000 0.00551 0.00000 0.27077 0.00000 0.68025 0.00000 0.02790 0.00000 0.01135 0.00000 
280	3	0.00009 0.00000 0.00437 0.00000 0.04759 0.00000 0.46464 0.00000 0.18486 0.00000 0.15076 0.00000 0.10731 0.00000 0.04038 0.00000 
281	3	0.00019 0.00000 0.00582 0.00000 0.00903 0.00000 0.02821 0.00000 0.09735 0.00000 0.16184 0.00000 0.45942 0.00000 0.23815 0.00000 
282	3	0.00007 0.00000 0.00027 0.00000 0.00593 0.00000 0.02548 0.00000 0.05968 0.00000 0.40848 0.00000 0.38251 0.00000 0.11757 0.00000 
283	3	0.03897 0.00000 0.60452 0.00000 0.09113 0.00000 0.05693 0.00000 0.08997 0.00000 0.05258 0.00000 0.05580 0.00000 0.01009 0.00000 
284	3	0.00001 0.00000 0.00089 0.00000 0.00611 0.00000 0.14256 0.00000 0.70023 0.00000 0.03501 0.00000 0.07319 0.00000 0.04199 0.00000 
285	3	0.00015 0.00000 0.01671 0.00000 0.02036 0.00000 0.03074 0.00000 0.07938 0.00000 0.45854 0.00000 0.38901 0.00000 0.00511 0.00000 
286	3	0.00001 0.00000 0.00342 0.00000 0.01852 0.00000 0.10313 0.00000 0.44434 0.00000 0.21234 0.00000 0.17056 0.00000 0.04767 0.00000 
287	3	0.00145 0.00000 0.00855 0.00000 0.01646 0.00000 0.01576 0.00000 0.04295 0.00000 0.12048 0.00000 0.44602 0.00000 0.34833 0.00000 
288	3	0.00005 0.00000 0.00170 0.00000 0.00690 0.00000 0.33401 0.00000 0.33712 0.00000 0.10257 0.00000 0.19077 0.00000 0.02687 0.00000 
289	3	0.00012 0.00000 0.00290 0.00000 0.00462 0.00000 0.02622 0.00000 0.09443 0.00000 0.20323 0.00000 0.63727 0.00000 0.03120 0.00000 
290	3	0.00027 0.00000 0.00652 0.00000 0.00712 0.00000 0.04482 0.00000 0.18335 0.00000 0.41695 0.00000 0.29626 0.00000 0.04471 0.00000 
291	3	0.00001 0.00000 0.00139 0.00000 0.00385 0.00000 0.03068 0.00000 0.56617 0.00000 0.31566 0.00000 0.06934 0.00000 0.01290 0.00000 
292	3	0.00013 0.00000 0.00665 0.00000 0.06049 0.00000 0.01406 0.00000 0.03721 0.00000 0.22277 0.00000 0.58694 0.00000 0.07175 0.00000 
293	3	0.00164 0.00000 0.05243 0.00000 0.07481 0.00000 0.04333 0.00000 0.12899 0.00000 0.51095 0.00000 0.12791 0.00000 0.05993 0.00000 
294	3	0.00001 0.00000 0.00005 0.00000 0.00133 0.00000 0.01059 0.00000 0.03207 0.00000 0.15043 0.00000 0.77706 0.00000 0.02844 0.00000 
295	3	0.00034 0.00000 0.01019 0.00000 0.02498 0.00000 0.01831 0.00000 0.08357 0.00000 0.10826 0.00000 0.68536 0.00000 0.06898 0.00000 
296	3	0.00950 0.00000 0.05530 0.00000 0.07485 0.00000 0.04755 0.00000 0.04980 0.00000 0.05459 0.00000 0.48039 0.00000 0.22802 0.00000 
