1000	10	8
0	1	0.02438 0.18521 0.28262 0.24884 0.15433 0.06989 0.03265 0.00208 
1	1	0.08594 0.19390 0.22397 0.22146 0.15990 0.08182 0.03076 0.00226 
2	1	0.09464 0.24373 0.20268 0.16770 0.11078 0.08392 0.09132 0.00523 
3	1	0.04290 0.14506 0.13512 0.24836 0.19080 0.09684 0.11357 0.02735 
4	1	0.07680 0.32284 0.21286 0.09762 0.05746 0.04561 0.18451 0.00230 
5	1	0.03424 0.17329 0.20900 0.26360 0.14257 0.08134 0.09265 0.00331 
6	1	0.09281 0.35607 0.23491 0.15999 0.07480 0.04356 0.03170 0.00615 
7	1	0.09070 0.25460 0.24918 0.13194 0.08713 0.05250 0.04215 0.09181 
8	1	0.04178 0.25606 0.31844 0.21856 0.06634 0.03170 0.03962 0.02751 
9	1	0.07397 0.22566 0.24266 0.25519 0.08776 0.03559 0.07489 0.00428 
10	1	0.02058 0.12504 0.19829 0.21101 0.16623 0.11446 0.15922 0.00517 
11	1	0.02253 0.14422 0.26945 0.23436 0.13627 0.07886 0.11138 0.00293 
12	1	0.08835 0.28140 0.22678 0.16115 0.09443 0.04910 0.09445 0.00433 
13	1	0.09388 0.28835 0.23460 0.16831 0.09417 0.05893 0.05876 0.00300 
14	1	0.03478 0.11980 0.21953 0.16538 0.24372 0.18520 0.02880 0.00278 
15	1	0.07566 0.27267 0.15056 0.12703 0.11442 0.12776 0.12851 0.00338 
16	1	0.12557 0.28557 0.27389 0.17028 0.08679 0.03842 0.01697 0.00251 
17	1	0.12884 0.37196 0.20504 0.12513 0.06899 0.02664 0.07192 0.00149 
18	1	0.28228 0.23385 0.13200 0.16628 0.07014 0.05200 0.06174 0.00172 
19	1	0.02528 0.16622 0.27460 0.24469 0.17586 0.04540 0.06247 0.00548 
20	1	0.12457 0.20826 0.18596 0.21405 0.13696 0.10097 0.02756 0.00166 
21	1	0.08043 0.19649 0.15782 0.18731 0.15474 0.11166 0.08733 0.02421 
22	1	0.04078 0.19500 0.22251 0.20328 0.14383 0.09898 0.09243 0.00319 
23	1	0.05906 0.20456 0.17219 0.15950 0.12116 0.09729 0.17441 0.01183 
24	1	0.26220 0.19924 0.10604 0.12799 0.12679 0.10122 0.07231 0.00422 
25	1	0.03070 0.16169 0.21672 0.22240 0.15615 0.10691 0.08321 0.02222 
26	1	0.07562 0.21362 0.20192 0.17497 0.11860 0.09044 0.12199 0.00283 
27	1	0.11784 0.15607 0.22046 0.22279 0.15072 0.06247 0.05587 0.01379 
28	1	0.09713 0.14467 0.19870 0.20688 0.10352 0.07316 0.16717 0.00878 
29	1	0.16785 0.22038 0.19823 0.19175 0.07670 0.06476 0.07483 0.00550 
30	1	0.05055 0.27638 0.32208 0.20037 0.09066 0.03499 0.02362 0.00135 
31	1	0.06146 0.21697 0.23062 0.16979 0.12760 0.11319 0.07455 0.00581 
32	1	0.17578 0.27988 0.19663 0.15656 0.07876 0.04551 0.06171 0.00518 
33	1	0.02833 0.09469 0.17973 0.33360 0.20034 0.09739 0.06160 0.00432 
34	1	0.02046 0.08619 0.13367 0.20040 0.23724 0.16669 0.15405 0.00130 
35	1	0.12375 0.24212 0.15790 0.27489 0.10006 0.04306 0.05448 0.00374 
36	1	0.07747 0.27232 0.27851 0.19252 0.08995 0.03278 0.04344 0.01302 
37	1	0.06901 0.27569 0.21403 0.20950 0.12507 0.06492 0.04054 0.00124 
38	1	0.18604 0.26567 0.23287 0.16635 0.06184 0.04237 0.03866 0.00622 
39	1	0.11027 0.22039 0.12302 0.08711 0.11307 0.08052 0.26457 0.00107 
40	1	0.09936 0.33507 0.18939 0.11343 0.06307 0.05594 0.14226 0.00148 
41	1	0.12358 0.25075 0.16584 0.09457 0.07342 0.07685 0.20740 0.00759 
42	1	0.18885 0.28146 0.20278 0.18859 0.07706 0.02666 0.03118 0.00342 
43	1	0.05613 0.24659 0.12696 0.09205 0.08580 0.08715 0.30195 0.00337 
44	1	0.29007 0.21564 0.13607 0.07018 0.01139 0.01809 0.24970 0.00886 
45	1	0.24111 0.32842 0.19692 0.13039 0.04271 0.02532 0.03323 0.00189 
46	1	0.29884 0.33908 0.19493 0.07686 0.02695 0.03503 0.02793 0.00038 
47	1	0.02579 0.19399 0.20156 0.17388 0.14036 0.13857 0.12457 0.00128 
48	1	0.10771 0.33635 0.24996 0.17025 0.07039 0.03698 0.02653 0.00183 
49	1	0.05280 0.32525 0.21129 0.12262 0.13064 0.07622 0.07305 0.00814 
50	1	0.03196 0.21485 0.24596 0.24040 0.10870 0.09114 0.06580 0.00119 
51	1	0.09905 0.29710 0.21428 0.14839 0.09629 0.07587 0.06394 0.00508 
52	1	0.02856 0.14786 0.21000 0.18809 0.14646 0.17017 0.10688 0.00197 
53	1	0.02426 0.13794 0.21227 0.22213 0.20189 0.10475 0.06151 0.03525 
54	1	0.06907 0.23257 0.21705 0.15475 0.10766 0.07478 0.13263 0.01148 
55	1	0.10365 0.33383 0.18685 0.13036 0.08265 0.06026 0.10108 0.00131 
56	1	0.07770 0.29116 0.23864 0.15803 0.09963 0.06637 0.06463 0.00386 
57	1	0.24236 0.26535 0.19840 0.13284 0.06401 0.04628 0.04961 0.00114 
58	1	0.05079 0.29247 0.26819 0.17699 0.12065 0.05990 0.03061 0.00041 
59	1	0.07996 0.30696 0.19225 0.16064 0.09185 0.08321 0.08145 0.00368 
60	1	0.04055 0.28292 0.25165 0.19189 0.09932 0.05604 0.07596 0.00167 
61	1	0.03519 0.18967 0.23191 0.20588 0.17804 0.10776 0.04796 0.00359 
62	1	0.09355 0.26936 0.29676 0.15757 0.05413 0.03254 0.03027 0.06582 
63	1	0.15107 0.15801 0.14020 0.12168 0.09818 0.10606 0.21955 0.00525 
64	1	0.06494 0.26345 0.19084 0.15123 0.10668 0.10366 0.11328 0.00592 
65	1	0.33739 0.26783 0.17121 0.06274 0.02015 0.03029 0.08071 0.02966 
66	1	0.22703 0.18682 0.15587 0.20301 0.15588 0.04305 0.02394 0.00439 
67	1	0.11815 0.25387 0.22455 0.20700 0.11541 0.05548 0.02463 0.00092 
68	1	0.11162 0.23648 0.14215 0.22410 0.18625 0.06848 0.02984 0.00108 
69	1	0.19379 0.40332 0.20318 0.09240 0.04574 0.03249 0.02659 0.00250 
70	1	0.02387 0.11883 0.31503 0.30244 0.13448 0.06143 0.03861 0.00530 
71	1	0.02158 0.12580 0.16290 0.22133 0.26957 0.13796 0.05547 0.00538 
72	1	0.11736 0.20475 0.17832 0.18605 0.15255 0.09892 0.05629 0.00576 
73	1	0.01801 0.05540 0.06257 0.05294 0.06916 0.16906 0.55254 0.02032 
74	1	0.12980 0.16748 0.26888 0.25321 0.13634 0.02826 0.00609 0.00993 
75	1	0.04481 0.21214 0.22070 0.20197 0.15182 0.08037 0.08398 0.00420 
76	1	0.06938 0.33434 0.18801 0.13348 0.11859 0.10286 0.05241 0.00093 
77	1	0.02651 0.20541 0.21494 0.18765 0.17075 0.11969 0.07323 0.00182 
78	1	0.11721 0.35989 0.23518 0.14617 0.08285 0.03530 0.01690 0.00651 
79	1	0.01627 0.02413 0.02362 0.02622 0.04999 0.23234 0.62539 0.00204 
80	1	0.05504 0.22015 0.25639 0.18169 0.10872 0.08031 0.09657 0.00112 
81	1	0.17559 0.30022 0.22150 0.12078 0.06297 0.04451 0.07050 0.00394 
82	1	0.13633 0.31902 0.21873 0.13461 0.10051 0.05626 0.03220 0.00233 
83	1	0.15919 0.31657 0.19680 0.14439 0.09502 0.03973 0.04515 0.00315 
84	1	0.12300 0.29899 0.17621 0.13315 0.11927 0.06815 0.07988 0.00135 
85	1	0.14132 0.32628 0.26420 0.12155 0.06997 0.03860 0.03464 0.00344 
86	1	0.02072 0.10894 0.14299 0.16852 0.25168 0.16747 0.13744 0.00225 
87	1	0.12924 0.29018 0.24832 0.15580 0.08080 0.05035 0.04343 0.00187 
88	1	0.03515 0.16530 0.25975 0.24155 0.23309 0.04149 0.02162 0.00205 
89	1	0.09608 0.36745 0.23589 0.12592 0.07835 0.04811 0.04371 0.00450 
90	1	0.12951 0.23184 0.21392 0.18270 0.08492 0.05633 0.09756 0.00322 
91	1	0.09504 0.22536 0.19799 0.20636 0.12362 0.06187 0.08789 0.00187 
92	1	0.02794 0.13304 0.33044 0.25508 0.12618 0.06893 0.05685 0.00154 
93	1	0.06539 0.25085 0.18194 0.14105 0.12725 0.10800 0.12103 0.00449 
94	1	0.02138 0.18299 0.23409 0.23574 0.14324 0.06849 0.11119 0.00288 
95	1	0.15188 0.27408 0.11343 0.06405 0.07369 0.10750 0.21478 0.00059 
96	1	0.02197 0.15072 0.25426 0.16144 0.12002 0.13269 0.15673 0.00218 
97	1	0.01895 0.15067 0.20349 0.33915 0.19103 0.05561 0.03232 0.00878 
98	1	0.01733 0.07783 0.27340 0.33227 0.17694 0.07671 0.04254 0.00298 
99	1	0.10804 0.25593 0.27563 0.16294 0.09482 0.06124 0.03832 0.00307 
100	2	0.05792 0.14743 0.23387 0.22440 0.20293 0.05933 0.06500 0.00912 
101	2	0.00944 0.02756 0.03457 0.13916 0.21253 0.32385 0.25122 0.00167 
102	2	0.00809 0.02867 0.08044 0.30484 0.33116 0.21649 0.02756 0.00276 
103	2	0.01415 0.20759 0.20967 0.06043 0.36086 0.13226 0.01335 0.00169 
104	2	0.01362 0.02579 0.03645 0.22034 0.36596 0.27610 0.06045 0.00130 
105	2	0.05626 0.28142 0.26508 0.23236 0.12354 0.03242 0.00687 0.00205 
106	2	0.01619 0.05066 0.09115 0.26395 0.18058 0.33819 0.05588 0.00341 
107	2	0.04307 0.08525 0.09392 0.22663 0.31892 0.19551 0.03396 0.00275 
108	2	0.01513 0.06797 0.08115 0.38723 0.38891 0.03328 0.02474 0.00160 
109	2	0.20910 0.21147 0.09662 0.15805 0.14828 0.14760 0.02629 0.00259 
110	2	0.05394 0.25202 0.36008 0.18561 0.09761 0.03256 0.01624 0.00194 
111	2	0.05529 0.14206 0.33586 0.28040 0.13987 0.00856 0.02930 0.00868 
112	2	0.02887 0.08163 0.33702 0.25053 0.17683 0.08236 0.04144 0.00132 
113	2	0.04280 0.08320 0.17908 0.28691 0.31382 0.07072 0.02127 0.00221 
114	2	0.13545 0.27544 0.27377 0.10383 0.04927 0.06636 0.09327 0.00261 
115	2	0.07248 0.19715 0.13327 0.15617 0.19196 0.10041 0.14797 0.00059 
116	2	0.03591 0.20931 0.26287 0.34993 0.06248 0.02790 0.04590 0.00570 
117	2	0.03398 0.04378 0.05803 0.11681 0.30346 0.25575 0.18646 0.00173 
118	2	0.00821 0.07821 0.25581 0.16979 0.18817 0.23817 0.05982 0.00182 
119	2	0.07453 0.17505 0.07498 0.15272 0.17750 0.32801 0.01579 0.00141 
120	2	0.02298 0.06216 0.10414 0.29180 0.32384 0.17654 0.01772 0.00081 
121	2	0.01684 0.38042 0.13344 0.25891 0.10927 0.03739 0.05880 0.00492 
122	2	0.02629 0.12122 0.30924 0.17869 0.24568 0.09195 0.02604 0.00090 
123	2	0.00290 0.02361 0.06779 0.12026 0.27188 0.49342 0.02007 0.00007 
124	2	0.03425 0.09525 0.20279 0.24477 0.17596 0.03523 0.20830 0.00345 
125	2	0.00197 0.06812 0.22059 0.39657 0.08687 0.15031 0.07442 0.00115 
126	2	0.00024 0.00639 0.10337 0.35965 0.44070 0.08896 0.00063 0.00005 
127	2	0.00976 0.03203 0.03941 0.26642 0.54884 0.07464 0.02874 0.00017 
128	2	0.09050 0.09900 0.12503 0.21632 0.11005 0.32241 0.03517 0.00153 
129	2	0.02666 0.09698 0.38965 0.30207 0.07694 0.02695 0.08022 0.00052 
130	2	0.00782 0.05282 0.08871 0.07186 0.33349 0.22659 0.20070 0.01801 
131	2	0.03034 0.04490 0.03434 0.05397 0.24705 0.45502 0.12436 0.01002 
132	2	0.01323 0.08400 0.29425 0.27832 0.18002 0.08074 0.06763 0.00180 
133	2	0.06014 0.14530 0.37526 0.21576 0.06835 0.09301 0.03770 0.00448 
134	2	0.02826 0.07853 0.19381 0.33024 0.21408 0.13617 0.01782 0.00109 
135	2	0.02043 0.26379 0.28729 0.27598 0.08191 0.04354 0.02437 0.00269 
136	2	0.01469 0.03378 0.14167 0.40925 0.20552 0.12900 0.06578 0.00032 
137	2	0.02010 0.08123 0.05529 0.27882 0.51071 0.04047 0.01305 0.00034 
138	2	0.01415 0.01883 0.07074 0.19749 0.29738 0.38313 0.01704 0.00124 
139	2	0.02770 0.05461 0.06170 0.12776 0.36042 0.35847 0.00849 0.00085 
140	2	0.09865 0.12386 0.16769 0.14634 0.21472 0.19742 0.04881 0.00250 
141	2	0.04333 0.28735 0.32968 0.20501 0.05397 0.04763 0.03176 0.00127 
142	2	0.04839 0.21635 0.33132 0.25723 0.08204 0.03619 0.02819 0.00028 
143	2	0.01880 0.19510 0.31200 0.21361 0.21772 0.02341 0.01719 0.00217 
144	2	0.01753 0.10416 0.19944 0.17328 0.11239 0.13188 0.26017 0.00116 
145	2	0.03925 0.10101 0.09406 0.15914 0.25999 0.32144 0.02332 0.00180 
146	2	0.00254 0.06166 0.31828 0.13581 0.34163 0.13443 0.00414 0.00151 
147	2	0.03949 0.16349 0.32203 0.24303 0.15270 0.06723 0.01080 0.00122 
148	2	0.00057 0.04107 0.18217 0.20645 0.17933 0.16978 0.21884 0.00179 
149	2	0.00989 0.04010 0.10919 0.46426 0.34140 0.02567 0.00856 0.00094 
150	2	0.03721 0.07867 0.12652 0.23587 0.42102 0.08133 0.01865 0.00073 
151	2	0.04272 0.12415 0.49158 0.21585 0.10374 0.02110 0.00083 0.00003 
152	2	0.00104 0.05063 0.04824 0.01806 0.29042 0.58068 0.01078 0.00016 
153	2	0.08791 0.19597 0.20633 0.16361 0.19744 0.12072 0.02728 0.00073 
154	2	0.01423 0.07708 0.30518 0.15815 0.20777 0.20047 0.03585 0.00127 
155	2	0.00308 0.04054 0.45281 0.29980 0.12059 0.06204 0.02006 0.00108 
156	2	0.00510 0.07774 0.14423 0.55084 0.18008 0.03190 0.00790 0.00221 
157	2	0.00416 0.04201 0.23189 0.39540 0.23670 0.05892 0.02948 0.00143 
158	2	0.00728 0.17547 0.10134 0.07790 0.59528 0.02982 0.01236 0.00056 
159	2	0.00585 0.02951 0.18762 0.07466 0.33667 0.35292 0.01093 0.00185 
160	2	0.10423 0.24744 0.16623 0.10108 0.15275 0.18572 0.04226 0.00030 
161	2	0.00214 0.01270 0.06004 0.53465 0.36668 0.01738 0.00600 0.00042 
162	2	0.02918 0.10736 0.18173 0.23233 0.29814 0.12996 0.02058 0.00071 
163	2	0.00156 0.01626 0.06826 0.08607 0.43457 0.30059 0.08855 0.00415 
164	2	0.01020 0.36068 0.19306 0.19159 0.21454 0.01823 0.01064 0.00106 
165	2	0.01720 0.13911 0.29374 0.19444 0.32544 0.02083 0.00816 0.00108 
166	2	0.04897 0.11268 0.16017 0.39628 0.12021 0.13849 0.02243 0.00077 
167	2	0.10689 0.30321 0.19923 0.24419 0.11798 0.01771 0.01052 0.00026 
168	2	0.06960 0.16542 0.23810 0.29263 0.04829 0.16920 0.01660 0.00016 
169	2	0.05497 0.11020 0.25934 0.30452 0.09822 0.12313 0.04843 0.00119 
170	2	0.04194 0.19639 0.25139 0.20328 0.19211 0.08803 0.02664 0.00021 
171	2	0.06094 0.25781 0.26977 0.26812 0.12157 0.01192 0.00735 0.00251 
172	2	0.01912 0.09619 0.37821 0.35170 0.09643 0.05517 0.00279 0.00039 
173	2	0.00613 0.01372 0.25638 0.33158 0.24057 0.07574 0.07480 0.00107 
174	2	0.02420 0.10492 0.34569 0.31091 0.14697 0.03071 0.03432 0.00227 
175	2	0.02559 0.21813 0.22209 0.26105 0.12328 0.09577 0.05353 0.00056 
176	2	0.00930 0.09742 0.12418 0.27847 0.35799 0.09350 0.03876 0.00039 
177	2	0.03770 0.09557 0.12196 0.14225 0.53963 0.05117 0.01098 0.00074 
178	2	0.01177 0.27887 0.33230 0.12191 0.11219 0.09225 0.05011 0.00060 
179	2	0.06643 0.09260 0.23538 0.16908 0.36335 0.06895 0.00381 0.00040 
180	2	0.01038 0.04126 0.07503 0.46245 0.36090 0.03768 0.01176 0.00054 
181	2	0.11103 0.15401 0.42265 0.15841 0.09241 0.03487 0.02598 0.00064 
182	2	0.26427 0.26978 0.11730 0.15375 0.13356 0.04438 0.01675 0.00021 
183	2	0.00734 0.09271 0.47603 0.18641 0.18873 0.03617 0.01237 0.00022 
184	2	0.01487 0.05145 0.12240 0.32415 0.38258 0.08456 0.01850 0.00149 
185	2	0.01584 0.03297 0.12512 0.36965 0.20644 0.21887 0.03086 0.00024 
186	2	0.01508 0.09869 0.43955 0.39619 0.04639 0.00312 0.00087 0.00010 
187	2	0.00779 0.28287 0.22975 0.13279 0.17090 0.17057 0.00511 0.00022 
188	2	0.04073 0.21298 0.27747 0.16204 0.14104 0.14927 0.01644 0.00003 
189	2	0.17395 0.36258 0.17352 0.13030 0.04957 0.08394 0.02606 0.00007 
190	2	0.04086 0.22038 0.21824 0.15102 0.17507 0.16823 0.02492 0.00127 
191	2	0.01347 0.04968 0.07426 0.46980 0.33539 0.04373 0.01322 0.00045 
192	2	0.02290 0.03979 0.05429 0.15429 0.60874 0.09251 0.02680 0.00067 
193	2	0.03380 0.15063 0.13626 0.24803 0.13890 0.23874 0.05295 0.00069 
194	2	0.00468 0.02716 0.13224 0.42663 0.19354 0.16573 0.04838 0.00164 
195	2	0.03565 0.03167 0.05223 0.17776 0.49267 0.17890 0.02929 0.00183 
196	2	0.07768 0.22083 0.27531 0.11986 0.07134 0.14882 0.08534 0.00082 
197	2	0.08888 0.05997 0.17636 0.28555 0.31443 0.07081 0.00394 0.00006 
198	2	0.06571 0.06226 0.04204 0.15447 0.37034 0.26216 0.04274 0.00027 
199	2	0.00154 0.07103 0.16721 0.17925 0.23743 0.10241 0.23847 0.00267 
200	3	0.15824 0.12605 0.21578 0.34180 0.10188 0.05160 0.00456 0.00010 
201	3	0.26340 0.18532 0.12332 0.05972 0.15090 0.20555 0.01176 0.00003 
202	3	0.05556 0.09949 0.10177 0.08559 0.32758 0.29887 0.02905 0.00210 
203	3	0.18347 0.12219 0.13360 0.14626 0.28385 0.09268 0.03661 0.00133 
204	3	0.06737 0.07837 0.12476 0.30356 0.29797 0.09913 0.02740 0.00143 
205	3	0.06473 0.06467 0.21885 0.28807 0.21793 0.10411 0.04017 0.00149 
206	3	0.21688 0.08425 0.22071 0.15274 0.13223 0.12614 0.06666 0.00039 
207	3	0.18991 0.13792 0.11258 0.08846 0.06748 0.19250 0.20844 0.00271 
208	3	0.24006 0.22046 0.11143 0.10517 0.16096 0.12670 0.03355 0.00167 
209	3	0.03216 0.31804 0.17449 0.10257 0.07249 0.09440 0.20256 0.00330 
210	3	0.09917 0.27311 0.13534 0.12719 0.11095 0.06642 0.18523 0.00259 
211	3	0.16916 0.19258 0.12369 0.10920 0.09398 0.15803 0.14819 0.00517 
212	3	0.16963 0.18429 0.17683 0.19732 0.13512 0.05466 0.08008 0.00209 
213	3	0.03653 0.28354 0.39368 0.12382 0.03589 0.06168 0.06416 0.00071 
214	3	0.08871 0.10570 0.24517 0.37298 0.09404 0.04665 0.04402 0.00273 
215	3	0.16169 0.10035 0.11505 0.27271 0.22819 0.09578 0.02445 0.00177 
216	3	0.17901 0.21476 0.11980 0.05748 0.07113 0.12506 0.22768 0.00508 
217	3	0.19811 0.13102 0.11052 0.13370 0.17449 0.12049 0.12984 0.00182 
218	3	0.14070 0.13837 0.08695 0.16063 0.28432 0.17440 0.01426 0.00037 
219	3	0.09587 0.11963 0.08659 0.12190 0.28499 0.26213 0.02727 0.00163 
220	3	0.01481 0.04025 0.40324 0.20363 0.19491 0.09748 0.04404 0.00164 
221	3	0.10140 0.09390 0.11731 0.13927 0.20209 0.24552 0.09860 0.00190 
222	3	0.06622 0.13319 0.18857 0.21652 0.28124 0.07624 0.03572 0.00230 
223	3	0.29890 0.22401 0.13180 0.09394 0.03297 0.02231 0.19309 0.00298 
224	3	0.10515 0.07234 0.26948 0.21764 0.22085 0.08720 0.02628 0.00107 
225	3	0.09058 0.22292 0.32599 0.09534 0.05413 0.13841 0.07075 0.00189 
226	3	0.06535 0.15456 0.14190 0.18638 0.12409 0.15481 0.16819 0.00472 
227	3	0.24459 0.08481 0.24121 0.25035 0.10506 0.04456 0.02832 0.00111 
228	3	0.30907 0.12365 0.08348 0.24123 0.13535 0.07015 0.03468 0.00240 
229	3	0.15354 0.12701 0.07982 0.27260 0.22752 0.09057 0.04709 0.00184 
230	3	0.14819 0.16698 0.09420 0.20363 0.20157 0.12229 0.06101 0.00212 
231	3	0.07109 0.28689 0.19481 0.15960 0.15476 0.09390 0.03614 0.00281 
232	3	0.10727 0.13162 0.18004 0.23833 0.25011 0.05528 0.03503 0.00231 
233	3	0.17451 0.23911 0.20803 0.14334 0.11501 0.08293 0.03576 0.00132 
234	3	0.38484 0.02352 0.08812 0.21148 0.19773 0.09164 0.00264 0.00002 
235	3	0.08154 0.14695 0.15440 0.31196 0.16705 0.07708 0.06005 0.00097 
236	3	0.09503 0.22344 0.28909 0.26486 0.08607 0.01750 0.02306 0.00095 
237	3	0.07002 0.16928 0.12932 0.13898 0.16999 0.23082 0.08881 0.00278 
238	3	0.11315 0.12974 0.16738 0.30706 0.16479 0.07176 0.04278 0.00335 
239	3	0.05743 0.09201 0.07469 0.34501 0.33359 0.06118 0.03510 0.00100 
240	3	0.12132 0.24170 0.17968 0.16253 0.12720 0.10045 0.06380 0.00333 
241	3	0.07710 0.10236 0.10234 0.31384 0.25355 0.13009 0.01953 0.00120 
242	3	0.03378 0.05661 0.16909 0.38835 0.26565 0.05790 0.02813 0.00050 
243	3	0.11337 0.10533 0.22059 0.29105 0.12662 0.08171 0.05889 0.00245 
244	3	0.11089 0.12337 0.34315 0.17655 0.11254 0.09352 0.03895 0.00103 
245	3	0.45039 0.39572 0.11836 0.01371 0.00503 0.00316 0.01088 0.00275 
246	3	0.02333 0.13066 0.15491 0.24562 0.20114 0.11619 0.12578 0.00238 
247	3	0.14880 0.29205 0.19670 0.12917 0.11480 0.06749 0.04845 0.00253 
248	3	0.06536 0.08870 0.08441 0.38233 0.20862 0.08323 0.08409 0.00326 
249	3	0.09102 0.34497 0.24005 0.16097 0.09437 0.04881 0.01868 0.00113 
250	3	0.30881 0.23356 0.17139 0.13067 0.09023 0.04222 0.02192 0.00121 
251	3	0.11650 0.12849 0.30591 0.20906 0.12156 0.08314 0.03465 0.00070 
252	3	0.08459 0.14394 0.05890 0.06890 0.18805 0.35035 0.10251 0.00276 
253	3	0.14435 0.16002 0.08169 0.11565 0.23260 0.22617 0.03666 0.00286 
254	3	0.08327 0.24041 0.23766 0.15695 0.04575 0.03149 0.20212 0.00235 
255	3	0.06706 0.14574 0.18318 0.25916 0.24646 0.07179 0.02543 0.00119 
256	3	0.02809 0.14768 0.24705 0.15814 0.06799 0.03571 0.31260 0.00274 
257	3	0.10851 0.26907 0.26213 0.15549 0.10051 0.03099 0.07068 0.00262 
258	3	0.06705 0.10865 0.08034 0.13995 0.07344 0.09483 0.43266 0.00308 
259	3	0.12119 0.13844 0.18750 0.22673 0.16257 0.11397 0.04709 0.00252 
260	3	0.13413 0.29261 0.25528 0.18506 0.07637 0.02610 0.02702 0.00343 
261	3	0.19458 0.18205 0.13706 0.12274 0.23241 0.08975 0.03931 0.00210 
262	3	0.18084 0.23488 0.16668 0.08582 0.08287 0.11107 0.13393 0.00392 
263	3	0.04783 0.25345 0.29211 0.23403 0.11318 0.03787 0.02009 0.00143 
264	3	0.04932 0.09680 0.32014 0.20886 0.23961 0.05286 0.03112 0.00129 
265	3	0.15406 0.26831 0.15690 0.10660 0.04006 0.03535 0.23493 0.00378 
266	3	0.07681 0.13255 0.16105 0.18217 0.23371 0.16773 0.04406 0.00191 
267	3	0.03276 0.13988 0.19024 0.24513 0.23711 0.11448 0.03933 0.00108 
268	3	0.12981 0.46007 0.16375 0.10932 0.09266 0.02639 0.01702 0.00098 
269	3	0.21751 0.25925 0.16247 0.11249 0.10760 0.07960 0.05688 0.00420 
270	3	0.08472 0.05793 0.06730 0.23821 0.20877 0.28863 0.05408 0.00037 
271	3	0.02002 0.09121 0.07817 0.15327 0.26332 0.31766 0.07434 0.00202 
272	3	0.11446 0.10835 0.07417 0.25540 0.25730 0.11668 0.07331 0.00033 
273	3	0.49447 0.20236 0.12423 0.08083 0.05323 0.02754 0.01668 0.00066 
274	3	0.55841 0.12233 0.07213 0.08818 0.08875 0.04136 0.02636 0.00248 
275	3	0.10618 0.16767 0.28022 0.07682 0.12155 0.21008 0.03695 0.00052 
276	3	0.46770 0.15320 0.09611 0.08004 0.04322 0.01763 0.13769 0.00441 
277	3	0.06691 0.14505 0.17582 0.27021 0.24085 0.07411 0.02533 0.00171 
278	3	0.10961 0.12755 0.10908 0.17880 0.36336 0.08819 0.02165 0.00176 
279	3	0.07549 0.24587 0.12635 0.12608 0.27428 0.13147 0.01958 0.00087 
280	3	0.08040 0.13164 0.08484 0.23029 0.35356 0.10181 0.01700 0.00047 
281	3	0.15775 0.15540 0.06947 0.11323 0.25181 0.22563 0.02598 0.00074 
282	3	0.02301 0.18271 0.29441 0.20152 0.11895 0.13083 0.04758 0.00100 
283	3	0.06862 0.27983 0.15189 0.06191 0.09686 0.11237 0.22828 0.00024 
284	3	0.05072 0.22727 0.13019 0.09536 0.14573 0.26309 0.08592 0.00172 
285	3	0.03924 0.10935 0.09499 0.12931 0.25728 0.34437 0.02501 0.00044 
286	3	0.04027 0.10221 0.07675 0.07656 0.34197 0.32581 0.03564 0.00078 
287	3	0.04442 0.22035 0.18038 0.10556 0.17444 0.23457 0.03969 0.00059 
288	3	0.03073 0.11562 0.10196 0.15386 0.32099 0.25173 0.02433 0.00077 
289	3	0.05683 0.10559 0.06112 0.29812 0.36907 0.08399 0.02426 0.00102 
290	3	0.04783 0.32574 0.17857 0.04808 0.10365 0.26466 0.02940 0.00208 
291	3	0.03078 0.13064 0.17058 0.25882 0.27704 0.10061 0.02980 0.00174 
292	3	0.05354 0.15036 0.10126 0.11437 0.12852 0.12439 0.32649 0.00108 
293	3	0.02807 0.08609 0.10693 0.16149 0.51429 0.06978 0.02961 0.00373 
294	3	0.05847 0.12969 0.09571 0.10292 0.17495 0.40238 0.03459 0.00129 
295	3	0.38933 0.10895 0.23738 0.19270 0.04121 0.01574 0.01139 0.00331 
296	3	0.02091 0.17230 0.20796 0.21794 0.19536 0.14211 0.04130 0.00212 
297	3	0.34579 0.08183 0.06619 0.15039 0.13973 0.14634 0.06897 0.00075 
298	3	0.04235 0.09731 0.08224 0.08347 0.48405 0.17322 0.03592 0.00144 
299	3	0.05651 0.15018 0.08007 0.05783 0.17797 0.35272 0.12386 0.00086 
300	4	0.22995 0.27748 0.21774 0.12284 0.06014 0.03452 0.05210 0.00523 
301	4	0.24253 0.16869 0.10619 0.07889 0.28435 0.11090 0.00708 0.00136 
302	4	0.19616 0.23167 0.19944 0.11241 0.13480 0.06197 0.05884 0.00472 
303	4	0.26783 0.17926 0.29202 0.09615 0.04965 0.06588 0.04841 0.00079 
304	4	0.22526 0.15364 0.11243 0.29007 0.12249 0.03840 0.05603 0.00169 
305	4	0.17698 0.16037 0.15092 0.22043 0.13679 0.05899 0.09224 0.00328 
306	4	0.08211 0.16050 0.30596 0.09560 0.09645 0.11841 0.13828 0.00270 
307	4	0.16943 0.21004 0.19477 0.15533 0.13734 0.06071 0.06742 0.00494 
308	4	0.14933 0.17622 0.11737 0.17795 0.15770 0.10391 0.11007 0.00745 
309	4	0.13720 0.16128 0.17863 0.17098 0.08252 0.14789 0.11986 0.00165 
310	4	0.19381 0.15229 0.14413 0.09738 0.26039 0.06417 0.08034 0.00749 
311	4	0.11897 0.15766 0.16066 0.19437 0.17768 0.12047 0.06726 0.00292 
312	4	0.15072 0.16314 0.14600 0.24829 0.12593 0.10205 0.06185 0.00203 
313	4	0.13559 0.11872 0.21987 0.17321 0.08674 0.17290 0.08887 0.00410 
314	4	0.11532 0.38628 0.14203 0.05723 0.05140 0.15625 0.08662 0.00487 
315	4	0.17090 0.26791 0.18800 0.16656 0.04758 0.04024 0.10901 0.00980 
316	4	0.14748 0.15009 0.23551 0.05995 0.10990 0.10738 0.18779 0.00189 
317	4	0.24064 0.19507 0.31876 0.14928 0.04557 0.02560 0.02150 0.00357 
318	4	0.13793 0.18055 0.18629 0.30204 0.09497 0.07803 0.01807 0.00212 
319	4	0.10500 0.12232 0.38409 0.17054 0.08655 0.03218 0.09589 0.00343 
320	4	0.14262 0.11909 0.31049 0.09682 0.09608 0.06924 0.16083 0.00483 
321	4	0.17715 0.19923 0.12456 0.21562 0.08155 0.08164 0.11242 0.00782 
322	4	0.30177 0.28577 0.12091 0.08024 0.06144 0.03554 0.11162 0.00271 
323	4	0.13314 0.21444 0.25380 0.07041 0.04224 0.09075 0.18944 0.00578 
324	4	0.23201 0.13500 0.20279 0.16580 0.11076 0.11567 0.03678 0.00118 
325	4	0.16194 0.19169 0.16755 0.11950 0.08906 0.11712 0.14835 0.00480 
326	4	0.20713 0.14490 0.20367 0.12184 0.23422 0.05060 0.03407 0.00357 
327	4	0.29955 0.18382 0.18328 0.10012 0.07554 0.10232 0.05327 0.00211 
328	4	0.16723 0.13148 0.16908 0.19398 0.24571 0.08042 0.01070 0.00140 
329	4	0.26527 0.23812 0.16942 0.10303 0.04697 0.12173 0.05375 0.00171 
330	4	0.17004 0.12006 0.28837 0.15449 0.11759 0.03434 0.11214 0.00296 
331	4	0.09011 0.16732 0.21931 0.17248 0.16812 0.15075 0.02831 0.00361 
332	4	0.06461 0.07987 0.37123 0.17812 0.10523 0.08618 0.11143 0.00333 
333	4	0.15563 0.09993 0.15870 0.22862 0.16683 0.10841 0.07451 0.00736 
334	4	0.08643 0.13436 0.20542 0.15454 0.14352 0.05984 0.21430 0.00158 
335	4	0.19248 0.15345 0.11174 0.09353 0.12909 0.08889 0.22454 0.00629 
336	4	0.11476 0.20086 0.18385 0.14005 0.09701 0.20561 0.05475 0.00313 
337	4	0.13360 0.12622 0.15931 0.16573 0.08777 0.18678 0.13838 0.00222 
338	4	0.07268 0.10832 0.15015 0.14695 0.32771 0.13841 0.05211 0.00367 
339	4	0.26698 0.23421 0.21714 0.09342 0.03073 0.08555 0.06760 0.00436 
340	4	0.22667 0.12308 0.17190 0.15610 0.16230 0.08561 0.07212 0.00222 
341	4	0.24079 0.16533 0.20623 0.11977 0.07763 0.09599 0.09012 0.00414 
342	4	0.17398 0.16555 0.21774 0.12094 0.07912 0.04287 0.19207 0.00773 
343	4	0.07276 0.10361 0.11990 0.20391 0.30141 0.14047 0.05420 0.00373 
344	4	0.16772 0.24353 0.29931 0.17163 0.07509 0.02581 0.01650 0.00041 
345	4	0.26736 0.15324 0.07396 0.15968 0.14336 0.15674 0.04239 0.00327 
346	4	0.11836 0.13079 0.28906 0.21726 0.08660 0.04596 0.10960 0.00237 
347	4	0.06605 0.08242 0.27371 0.18740 0.26728 0.03913 0.08055 0.00346 
348	4	0.19981 0.19420 0.18969 0.17301 0.11107 0.04966 0.08127 0.00128 
349	4	0.12383 0.13888 0.15783 0.34712 0.12435 0.07196 0.03455 0.00150 
350	4	0.17268 0.19349 0.22727 0.20318 0.12137 0.06097 0.01910 0.00193 
351	4	0.32180 0.15556 0.10705 0.08949 0.14886 0.05681 0.11268 0.00775 
352	4	0.14563 0.17252 0.24738 0.10987 0.06454 0.21772 0.04106 0.00128 
353	4	0.09345 0.17259 0.29207 0.17650 0.07687 0.11118 0.07455 0.00278 
354	4	0.12015 0.12778 0.17621 0.25738 0.06663 0.21390 0.03566 0.00230 
355	4	0.16357 0.17376 0.19966 0.17737 0.18902 0.08792 0.00833 0.00038 
356	4	0.29600 0.18471 0.12010 0.10841 0.09925 0.08678 0.10386 0.00089 
357	4	0.06058 0.09061 0.25519 0.13780 0.05883 0.13269 0.26302 0.00129 
358	4	0.30588 0.19945 0.11137 0.14764 0.16951 0.03668 0.02546 0.00400 
359	4	0.06171 0.21500 0.10387 0.16012 0.30586 0.11963 0.03277 0.00106 
360	4	0.23251 0.25400 0.22784 0.08898 0.10363 0.04408 0.04837 0.00059 
361	4	0.06690 0.07563 0.14575 0.19576 0.16954 0.11073 0.23154 0.00415 
362	4	0.24751 0.16686 0.09943 0.13736 0.13435 0.09264 0.11511 0.00674 
363	4	0.10932 0.13778 0.19565 0.15152 0.07403 0.25133 0.07169 0.00869 
364	4	0.09652 0.12580 0.24958 0.13260 0.09198 0.16866 0.13228 0.00257 
365	4	0.07030 0.08477 0.18090 0.32006 0.19844 0.07472 0.06672 0.00410 
366	4	0.28890 0.19563 0.12991 0.27588 0.04964 0.02576 0.03271 0.00157 
367	4	0.17681 0.14061 0.11298 0.12594 0.19961 0.10769 0.13040 0.00597 
368	4	0.07474 0.19388 0.24495 0.14102 0.10703 0.17210 0.06477 0.00152 
369	4	0.13644 0.29553 0.26067 0.11196 0.05773 0.05389 0.07847 0.00530 
370	4	0.11926 0.15072 0.14981 0.32033 0.15979 0.04228 0.05412 0.00369 
371	4	0.25605 0.15000 0.11620 0.18788 0.13080 0.10791 0.04715 0.00401 
372	4	0.20237 0.15665 0.24651 0.07303 0.13121 0.04174 0.14542 0.00308 
373	4	0.10721 0.14776 0.26523 0.11280 0.05709 0.26572 0.04013 0.00407 
374	4	0.07433 0.19675 0.26677 0.14348 0.08964 0.03703 0.18612 0.00588 
375	4	0.19918 0.11470 0.19424 0.15624 0.22656 0.06323 0.04454 0.00131 
376	4	0.13372 0.17048 0.33762 0.14027 0.04247 0.14054 0.03386 0.00104 
377	4	0.09416 0.13584 0.30057 0.19170 0.15985 0.08651 0.02979 0.00159 
378	4	0.11142 0.12382 0.18245 0.28854 0.06906 0.03252 0.18576 0.00642 
379	4	0.10849 0.08450 0.26218 0.26743 0.07537 0.10061 0.09442 0.00701 
380	4	0.09943 0.14963 0.12404 0.15470 0.25181 0.04939 0.17010 0.00090 
381	4	0.08475 0.18577 0.22179 0.09468 0.14737 0.13169 0.13069 0.00327 
382	4	0.12364 0.16865 0.16309 0.18421 0.17931 0.09516 0.08222 0.00371 
383	4	0.14187 0.13785 0.17720 0.12445 0.15024 0.09422 0.17292 0.00126 
384	4	0.07779 0.23727 0.14146 0.06247 0.11542 0.28199 0.08015 0.00345 
385	4	0.15643 0.14940 0.30965 0.09524 0.09528 0.18604 0.00777 0.00019 
386	4	0.18275 0.12989 0.09916 0.11430 0.21841 0.10336 0.14777 0.00435 
387	4	0.20129 0.30796 0.16494 0.09498 0.06684 0.07185 0.08701 0.00513 
388	4	0.14835 0.12987 0.15458 0.23403 0.24456 0.02845 0.05388 0.00628 
389	4	0.09963 0.16256 0.24114 0.17743 0.12444 0.06372 0.13020 0.00089 
390	4	0.14260 0.33068 0.08629 0.10499 0.18133 0.02393 0.12523 0.00495 
391	4	0.09662 0.28218 0.14556 0.11389 0.11318 0.14847 0.09724 0.00287 
392	4	0.15277 0.30576 0.08893 0.12691 0.16211 0.08217 0.07539 0.00596 
393	4	0.21693 0.18991 0.10652 0.14835 0.22163 0.09311 0.02181 0.00175 
394	4	0.16007 0.14635 0.18468 0.20089 0.18005 0.06944 0.05760 0.00092 
395	4	0.14002 0.17529 0.23168 0.14910 0.09304 0.17017 0.03962 0.00108 
396	4	0.18929 0.21230 0.20980 0.14355 0.13316 0.06171 0.04676 0.00343 
397	4	0.22580 0.20896 0.21141 0.13284 0.12779 0.02437 0.06466 0.00417 
398	4	0.25823 0.16879 0.15892 0.07218 0.19264 0.12899 0.01795 0.00230 
399	4	0.11529 0.17681 0.19770 0.17340 0.16129 0.09429 0.07768 0.00355 
400	5	0.01102 0.03244 0.03483 0.03355 0.02055 0.01056 0.85011 0.00695 
401	5	0.01191 0.04082 0.03953 0.03333 0.02547 0.13201 0.71069 0.00624 
402	5	0.00208 0.02543 0.04595 0.04146 0.03843 0.24532 0.56737 0.03396 
403	5	0.00478 0.02744 0.03192 0.03112 0.01648 0.01717 0.86186 0.00924 
404	5	0.01403 0.03940 0.05064 0.05275 0.02220 0.06868 0.74836 0.00394 
405	5	0.00866 0.03853 0.04586 0.04692 0.04124 0.01764 0.79555 0.00561 
406	5	0.00957 0.04095 0.04714 0.04589 0.02264 0.02076 0.80777 0.00527 
407	5	0.00318 0.01678 0.02204 0.02717 0.02611 0.09004 0.80534 0.00933 
408	5	0.01469 0.07950 0.12059 0.06944 0.03052 0.20201 0.47780 0.00546 
409	5	0.02019 0.05242 0.04569 0.03264 0.01819 0.05927 0.76302 0.00858 
410	5	0.03220 0.08370 0.03677 0.04355 0.02918 0.01057 0.74999 0.01404 
411	5	0.00843 0.03496 0.05083 0.04364 0.02589 0.27334 0.55829 0.00462 
412	5	0.00834 0.03762 0.06888 0.04649 0.03097 0.04825 0.75664 0.00282 
413	5	0.00418 0.01157 0.02137 0.02777 0.02321 0.02677 0.86165 0.02347 
414	5	0.01850 0.06614 0.05127 0.02726 0.02167 0.01946 0.78755 0.00815 
415	5	0.00940 0.02684 0.04214 0.03614 0.02070 0.01269 0.85012 0.00197 
416	5	0.01842 0.02477 0.02217 0.02062 0.02241 0.04208 0.84088 0.00865 
417	5	0.00779 0.02956 0.04587 0.03937 0.02460 0.05206 0.78667 0.01408 
418	5	0.00708 0.02674 0.05607 0.05578 0.02741 0.01656 0.79848 0.01187 
419	5	0.01346 0.04866 0.04983 0.03548 0.02169 0.06832 0.75149 0.01109 
420	5	0.00112 0.02258 0.03859 0.02730 0.02146 0.01289 0.87038 0.00567 
421	5	0.00725 0.01894 0.03225 0.03475 0.02495 0.09580 0.78008 0.00597 
422	5	0.00898 0.06897 0.11537 0.07521 0.03189 0.07346 0.61907 0.00706 
423	5	0.00645 0.01375 0.02174 0.02096 0.01726 0.01102 0.89643 0.01239 
424	5	0.00876 0.04095 0.06031 0.06391 0.03171 0.11135 0.68014 0.00287 
425	5	0.00447 0.01930 0.03682 0.03003 0.02577 0.02781 0.85472 0.00109 
426	5	0.01269 0.08273 0.09278 0.07047 0.03442 0.01133 0.69022 0.00536 
427	5	0.00427 0.04005 0.02653 0.02498 0.02528 0.02647 0.84377 0.00865 
428	5	0.00806 0.05488 0.07061 0.05126 0.02818 0.09188 0.68987 0.00527 
429	5	0.00146 0.02198 0.06806 0.04188 0.02025 0.01439 0.82795 0.00401 
430	5	0.00233 0.02728 0.04189 0.03807 0.03845 0.09472 0.75549 0.00177 
431	5	0.00310 0.01876 0.03061 0.02361 0.01579 0.02435 0.87851 0.00527 
432	5	0.00274 0.04479 0.04908 0.03238 0.02069 0.11226 0.73072 0.00733 
433	5	0.01202 0.03570 0.03521 0.03013 0.02789 0.17477 0.68284 0.00143 
434	5	0.00384 0.02077 0.03135 0.02601 0.01723 0.01242 0.88594 0.00244 
435	5	0.00134 0.02035 0.03700 0.03773 0.03094 0.04918 0.81826 0.00520 
436	5	0.00490 0.05658 0.06723 0.03566 0.02089 0.08384 0.72534 0.00554 
437	5	0.00248 0.02645 0.04546 0.03910 0.03295 0.19430 0.65404 0.00522 
438	5	0.00808 0.04642 0.04561 0.03689 0.02626 0.09162 0.73631 0.00882 
439	5	0.00204 0.01567 0.02351 0.02341 0.02417 0.01863 0.88513 0.00745 
440	5	0.00740 0.04202 0.07899 0.07480 0.04027 0.01531 0.73642 0.00479 
441	5	0.00525 0.02918 0.05280 0.04477 0.02768 0.09036 0.74291 0.00705 
442	5	0.00587 0.04230 0.05048 0.04092 0.02666 0.01151 0.81496 0.00730 
443	5	0.01152 0.05708 0.05934 0.03610 0.02054 0.14337 0.66842 0.00364 
444	5	0.00575 0.03864 0.04361 0.02918 0.01729 0.22856 0.63343 0.00354 
445	5	0.00513 0.04481 0.08143 0.06699 0.03525 0.01161 0.74916 0.00564 
446	5	0.00406 0.03757 0.04473 0.03369 0.02321 0.08567 0.76814 0.00293 
447	5	0.00364 0.02675 0.07391 0.06871 0.03541 0.01074 0.77306 0.00777 
448	5	0.00411 0.03483 0.04964 0.04068 0.03170 0.02024 0.81322 0.00557 
449	5	0.00934 0.07236 0.10388 0.05636 0.02276 0.07391 0.65626 0.00514 
450	5	0.00592 0.02750 0.04278 0.03703 0.02014 0.02568 0.83737 0.00359 
451	5	0.01269 0.03913 0.03244 0.02387 0.02131 0.09358 0.77310 0.00388 
452	5	0.02182 0.05543 0.04826 0.03505 0.01382 0.15738 0.66179 0.00644 
453	5	0.01543 0.03659 0.02658 0.02123 0.01771 0.01170 0.86264 0.00812 
454	5	0.02085 0.04529 0.02819 0.01552 0.01601 0.07924 0.79070 0.00419 
455	5	0.03417 0.11407 0.07406 0.03969 0.03152 0.14736 0.55509 0.00403 
456	5	0.01756 0.03733 0.02934 0.02277 0.01509 0.03099 0.84268 0.00425 
457	5	0.00445 0.02911 0.06370 0.06334 0.03473 0.01063 0.78710 0.00694 
458	5	0.00948 0.03800 0.05554 0.04894 0.04791 0.22915 0.56085 0.01012 
459	5	0.02055 0.04265 0.03442 0.03228 0.02377 0.24315 0.59687 0.00630 
460	5	0.00509 0.02975 0.03815 0.03055 0.02279 0.01181 0.85506 0.00681 
461	5	0.02458 0.05377 0.04116 0.03349 0.03059 0.17793 0.63590 0.00258 
462	5	0.02386 0.04322 0.02908 0.02615 0.02173 0.29159 0.56125 0.00311 
463	5	0.01119 0.01884 0.01820 0.02352 0.01869 0.18103 0.72124 0.00729 
464	5	0.01819 0.04642 0.02933 0.02022 0.02604 0.02537 0.82831 0.00612 
465	5	0.02377 0.03937 0.03228 0.03194 0.01827 0.08063 0.77024 0.00350 
466	5	0.00992 0.02716 0.03255 0.03598 0.02477 0.19805 0.66909 0.00248 
467	5	0.01228 0.03122 0.04854 0.02244 0.01650 0.01094 0.85282 0.00526 
468	5	0.00806 0.03891 0.04955 0.05436 0.01615 0.04145 0.78464 0.00688 
469	5	0.00767 0.01977 0.02033 0.01706 0.01495 0.00777 0.90980 0.00264 
470	5	0.00839 0.03597 0.06504 0.06883 0.03706 0.02719 0.75326 0.00426 
471	5	0.01408 0.06098 0.04803 0.02965 0.01491 0.05143 0.77417 0.00673 
472	5	0.00771 0.03657 0.03970 0.03060 0.01317 0.08973 0.77615 0.00636 
473	5	0.01234 0.03548 0.04440 0.04043 0.03824 0.07032 0.75417 0.00462 
474	5	0.00221 0.02568 0.02755 0.02294 0.01903 0.08794 0.81041 0.00424 
475	5	0.02675 0.09654 0.05887 0.03149 0.02239 0.01162 0.74091 0.01143 
476	5	0.00716 0.02089 0.04353 0.04910 0.02429 0.11326 0.73536 0.00640 
477	5	0.00025 0.00488 0.04770 0.05120 0.03009 0.02405 0.83800 0.00382 
478	5	0.00769 0.02698 0.03677 0.04159 0.02392 0.09637 0.76448 0.00221 
479	5	0.00549 0.03861 0.04202 0.03387 0.02307 0.16084 0.69039 0.00570 
480	5	0.00892 0.03439 0.04970 0.04484 0.01881 0.00701 0.83100 0.00532 
481	5	0.00638 0.02448 0.03400 0.03466 0.02752 0.01010 0.85447 0.00840 
482	5	0.00863 0.04359 0.06155 0.03951 0.02372 0.18384 0.63558 0.00358 
483	5	0.00469 0.02372 0.03806 0.04958 0.03639 0.01878 0.81948 0.00931 
484	5	0.00629 0.03029 0.05822 0.06247 0.01334 0.02456 0.79973 0.00511 
485	5	0.01609 0.06809 0.06123 0.03936 0.01822 0.21270 0.57969 0.00462 
486	5	0.02419 0.05891 0.05874 0.05146 0.02467 0.08318 0.69243 0.00642 
487	5	0.01334 0.03435 0.04444 0.04698 0.03216 0.00997 0.81208 0.00668 
488	5	0.00787 0.03842 0.04980 0.05120 0.03295 0.00872 0.80386 0.00717 
489	5	0.01005 0.03750 0.05186 0.03823 0.00949 0.00444 0.84316 0.00528 
490	5	0.00858 0.02518 0.03542 0.05298 0.04202 0.15897 0.67251 0.00435 
491	5	0.00760 0.03560 0.04429 0.04652 0.02101 0.00738 0.83550 0.00211 
492	5	0.01926 0.05197 0.04527 0.03805 0.02007 0.18166 0.64111 0.00261 
493	5	0.00503 0.01800 0.02269 0.02878 0.01970 0.26822 0.63580 0.00178 
494	5	0.00535 0.02358 0.03003 0.03207 0.02273 0.01769 0.86426 0.00429 
495	5	0.00950 0.02809 0.04130 0.05449 0.01751 0.11750 0.72684 0.00477 
496	5	0.00819 0.02389 0.03277 0.03421 0.01711 0.00724 0.87083 0.00577 
497	5	0.00496 0.02454 0.04305 0.04187 0.02615 0.18348 0.67237 0.00357 
498	5	0.00388 0.02361 0.04078 0.03712 0.02738 0.00869 0.85090 0.00764 
499	5	0.00850 0.04170 0.06286 0.04937 0.03059 0.00869 0.79485 0.00345 
500	6	0.05188 0.09466 0.09903 0.12609 0.23024 0.16761 0.22896 0.00153 
501	6	0.05037 0.08813 0.11337 0.17227 0.21960 0.20555 0.10224 0.04845 
502	6	0.05674 0.13165 0.14211 0.13146 0.26039 0.15970 0.11739 0.00056 
503	6	0.02610 0.17607 0.17065 0.19535 0.15536 0.18962 0.07940 0.00745 
504	6	0.03496 0.04707 0.10687 0.35745 0.15458 0.15351 0.14340 0.00215 
505	6	0.02902 0.14085 0.26819 0.21276 0.03408 0.00276 0.30515 0.00720 
506	6	0.02885 0.03533 0.11501 0.22689 0.16207 0.25915 0.17214 0.00057 
507	6	0.04489 0.05614 0.12085 0.24890 0.19098 0.06877 0.26919 0.00028 
508	6	0.04183 0.04478 0.09950 0.25174 0.21519 0.08849 0.22688 0.03160 
509	6	0.06566 0.10654 0.19134 0.44059 0.11864 0.05370 0.02291 0.00062 
510	6	0.01459 0.05505 0.12338 0.18261 0.21850 0.36287 0.04121 0.00179 
511	6	0.03227 0.24596 0.44583 0.13693 0.01714 0.00563 0.07161 0.04463 
512	6	0.03634 0.14501 0.26984 0.25041 0.16537 0.09494 0.03313 0.00496 
513	6	0.02069 0.04734 0.13539 0.19842 0.31109 0.25553 0.03076 0.00078 
514	6	0.01447 0.04429 0.14468 0.35435 0.32240 0.10899 0.01010 0.00072 
515	6	0.01590 0.06870 0.27658 0.35966 0.15644 0.03355 0.08631 0.00286 
516	6	0.05771 0.16452 0.26727 0.12460 0.11644 0.17635 0.09241 0.00069 
517	6	0.04787 0.14616 0.10876 0.09913 0.10887 0.16960 0.31809 0.00152 
518	6	0.03624 0.08765 0.12648 0.21466 0.23210 0.21544 0.08662 0.00081 
519	6	0.04304 0.16447 0.17079 0.27999 0.18232 0.11965 0.03893 0.00081 
520	6	0.06324 0.22535 0.15710 0.14990 0.21978 0.13068 0.05323 0.00071 
521	6	0.01849 0.04918 0.09469 0.16802 0.15170 0.26732 0.24980 0.00079 
522	6	0.02286 0.09135 0.16274 0.29278 0.22250 0.03595 0.08818 0.08365 
523	6	0.01703 0.04899 0.03275 0.05506 0.20126 0.29934 0.34504 0.00053 
524	6	0.08490 0.09354 0.11402 0.19465 0.22372 0.09264 0.19524 0.00128 
525	6	0.05129 0.11457 0.15201 0.29400 0.21109 0.14657 0.02931 0.00117 
526	6	0.04018 0.10235 0.14755 0.17298 0.20973 0.20560 0.12134 0.00027 
527	6	0.03212 0.10148 0.11736 0.21105 0.20323 0.20201 0.13141 0.00134 
528	6	0.03698 0.21848 0.22837 0.12692 0.16147 0.13367 0.09210 0.00201 
529	6	0.01271 0.02222 0.09804 0.17065 0.19335 0.39717 0.10482 0.00105 
530	6	0.02883 0.07330 0.06845 0.09700 0.23483 0.24618 0.24765 0.00376 
531	6	0.01748 0.02263 0.06524 0.17293 0.32419 0.30792 0.08717 0.00244 
532	6	0.01655 0.02933 0.11407 0.22375 0.24686 0.36821 0.00115 0.00007 
533	6	0.00858 0.04374 0.09617 0.23119 0.27359 0.13984 0.20611 0.00078 
534	6	0.05050 0.11276 0.10629 0.22006 0.22606 0.19734 0.08404 0.00295 
535	6	0.02385 0.10181 0.21792 0.34141 0.15849 0.06225 0.05235 0.04193 
536	6	0.00784 0.02990 0.07187 0.29786 0.41118 0.17391 0.00722 0.00021 
537	6	0.05414 0.12285 0.13168 0.26757 0.23048 0.16124 0.02863 0.00341 
538	6	0.01896 0.05525 0.11496 0.18041 0.17502 0.24365 0.21056 0.00119 
539	6	0.02616 0.05302 0.12759 0.13312 0.11018 0.46299 0.08641 0.00053 
540	6	0.04110 0.05940 0.12796 0.17849 0.15373 0.40750 0.02891 0.00292 
541	6	0.02477 0.11423 0.13378 0.40302 0.27627 0.04023 0.00665 0.00106 
542	6	0.04661 0.08446 0.11164 0.28394 0.19101 0.12572 0.15149 0.00513 
543	6	0.04337 0.10646 0.11840 0.20010 0.21938 0.21589 0.09486 0.00155 
544	6	0.01311 0.05626 0.12813 0.19419 0.16811 0.31268 0.12661 0.00090 
545	6	0.04106 0.12745 0.24176 0.29662 0.19323 0.08331 0.01460 0.00197 
546	6	0.03767 0.13249 0.13751 0.19048 0.19349 0.21327 0.09407 0.00103 
547	6	0.01266 0.04328 0.10983 0.23130 0.24816 0.35267 0.00202 0.00006 
548	6	0.02206 0.06876 0.05634 0.10335 0.26899 0.21739 0.25499 0.00812 
549	6	0.04100 0.09988 0.10996 0.14734 0.15418 0.21153 0.23151 0.00460 
550	6	0.03595 0.13722 0.21011 0.30779 0.06867 0.01830 0.22063 0.00132 
551	6	0.06463 0.23961 0.20868 0.17689 0.18639 0.06956 0.04585 0.00839 
552	6	0.03811 0.06116 0.12906 0.20351 0.17194 0.35625 0.03509 0.00489 
553	6	0.03010 0.01750 0.05104 0.08275 0.09654 0.26889 0.36839 0.08480 
554	6	0.01755 0.11353 0.25693 0.33296 0.12585 0.01990 0.09563 0.03766 
555	6	0.06320 0.15241 0.10410 0.23343 0.23224 0.11827 0.09204 0.00431 
556	6	0.03864 0.04758 0.12205 0.15410 0.13712 0.46703 0.02942 0.00407 
557	6	0.04303 0.09365 0.14596 0.27394 0.18826 0.15743 0.09675 0.00099 
558	6	0.02020 0.02361 0.05746 0.13438 0.20430 0.29200 0.26524 0.00280 
559	6	0.03997 0.08669 0.15379 0.16367 0.25982 0.26025 0.03540 0.00042 
560	6	0.05347 0.07980 0.12037 0.30722 0.20531 0.14491 0.08838 0.00054 
561	6	0.03514 0.04792 0.05348 0.16776 0.23213 0.15822 0.26944 0.03592 
562	6	0.03975 0.10527 0.16924 0.36611 0.24553 0.04615 0.01434 0.01360 
563	6	0.04154 0.09510 0.22186 0.29079 0.19443 0.13282 0.02205 0.00139 
