1000	10	16
0	1	0.01322 0.10669 0.14437 0.10141 0.04976 0.02271 0.01839 0.00019 0.01116 0.07852 0.13825 0.14743 0.10456 0.04718 0.01426 0.00188 
1	1	0.06910 0.14236 0.15629 0.14543 0.09416 0.04126 0.01525 0.00016 0.01684 0.05153 0.06768 0.07603 0.06575 0.04056 0.01551 0.00210 
2	1	0.06427 0.12349 0.06102 0.04182 0.02023 0.01447 0.03599 0.00000 0.03036 0.12024 0.14165 0.12588 0.09055 0.06946 0.05533 0.00523 
3	1	0.03493 0.10612 0.06627 0.13871 0.09165 0.03456 0.07383 0.01835 0.00797 0.03894 0.06885 0.10965 0.09914 0.06229 0.03973 0.00900 
4	1	0.01814 0.12859 0.05082 0.00860 0.00405 0.00239 0.14025 0.00000 0.05866 0.19424 0.16204 0.08902 0.05342 0.04322 0.04426 0.00230 
5	1	0.00859 0.06961 0.05099 0.06382 0.01965 0.01956 0.04834 0.00000 0.02566 0.10368 0.15801 0.19978 0.12291 0.06178 0.04431 0.00331 
6	1	0.05315 0.18021 0.06592 0.04420 0.01121 0.00621 0.00874 0.00038 0.03966 0.17586 0.16900 0.11579 0.06359 0.03735 0.02296 0.00578 
7	1	0.06289 0.15216 0.12738 0.04176 0.03014 0.01599 0.02150 0.08452 0.02781 0.10244 0.12180 0.09018 0.05699 0.03651 0.02065 0.00728 
8	1	0.01293 0.09539 0.07936 0.05092 0.00687 0.00353 0.01313 0.01845 0.02885 0.16068 0.23908 0.16763 0.05947 0.02817 0.02649 0.00905 
9	1	0.05369 0.16085 0.15871 0.19071 0.05076 0.01144 0.04555 0.00001 0.02028 0.06481 0.08394 0.06447 0.03700 0.02415 0.02934 0.00427 
10	1	0.01053 0.06693 0.09052 0.10026 0.07646 0.05094 0.12180 0.00207 0.01005 0.05812 0.10778 0.11075 0.08977 0.06352 0.03742 0.00310 
11	1	0.00966 0.06918 0.09454 0.05098 0.02619 0.01773 0.06785 0.00000 0.01287 0.07503 0.17491 0.18338 0.11008 0.06113 0.04353 0.00293 
12	1	0.05188 0.16744 0.09878 0.06610 0.03745 0.01164 0.06725 0.00050 0.03647 0.11396 0.12800 0.09505 0.05699 0.03747 0.02720 0.00384 
13	1	0.03999 0.11141 0.04563 0.02903 0.01368 0.01113 0.03051 0.00000 0.05389 0.17694 0.18896 0.13928 0.08049 0.04780 0.02825 0.00300 
14	1	0.02961 0.04919 0.08679 0.03944 0.07374 0.07838 0.00907 0.00000 0.00517 0.07061 0.13274 0.12595 0.16998 0.10682 0.01972 0.00278 
15	1	0.04910 0.17780 0.05311 0.03674 0.03964 0.06641 0.09146 0.00020 0.02656 0.09488 0.09745 0.09029 0.07478 0.06135 0.03705 0.00317 
16	1	0.09866 0.20713 0.14149 0.05472 0.02359 0.00775 0.00408 0.00024 0.02691 0.07844 0.13240 0.11556 0.06320 0.03067 0.01289 0.00227 
17	1	0.09633 0.24280 0.06747 0.03864 0.02258 0.00272 0.04971 0.00000 0.03250 0.12916 0.13756 0.08650 0.04641 0.02393 0.02221 0.00149 
18	1	0.23629 0.13042 0.03883 0.08307 0.00936 0.00934 0.03500 0.00000 0.04599 0.10342 0.09317 0.08321 0.06078 0.04266 0.02673 0.00172 
19	1	0.00468 0.05174 0.07134 0.05720 0.06787 0.00086 0.02719 0.00000 0.02060 0.11448 0.20326 0.18749 0.10799 0.04454 0.03528 0.00548 
20	1	0.09898 0.12851 0.07969 0.10492 0.05697 0.05452 0.01071 0.00000 0.02559 0.07975 0.10627 0.10913 0.08000 0.04645 0.01685 0.00166 
21	1	0.06188 0.13183 0.07460 0.10105 0.08984 0.07079 0.06139 0.01571 0.01855 0.06467 0.08322 0.08625 0.06490 0.04087 0.02594 0.00850 
22	1	0.02677 0.11765 0.08852 0.06661 0.03406 0.02414 0.05028 0.00000 0.01401 0.07735 0.13399 0.13667 0.10977 0.07484 0.04214 0.00319 
23	1	0.03391 0.11328 0.06733 0.05586 0.02661 0.01994 0.10999 0.00133 0.02516 0.09128 0.10486 0.10364 0.09455 0.07735 0.06442 0.01050 
24	1	0.23727 0.12563 0.02890 0.04928 0.05644 0.05133 0.04382 0.00027 0.02492 0.07361 0.07714 0.07871 0.07035 0.04989 0.02848 0.00395 
25	1	0.01046 0.06800 0.06967 0.06501 0.03238 0.01721 0.02769 0.01164 0.02024 0.09369 0.14704 0.15739 0.12377 0.08970 0.05552 0.01058 
26	1	0.05846 0.14607 0.09422 0.07058 0.03723 0.01720 0.06093 0.00000 0.01716 0.06756 0.10771 0.10439 0.08137 0.07324 0.06106 0.00283 
27	1	0.10367 0.10857 0.13104 0.13348 0.09443 0.03287 0.03519 0.00712 0.01417 0.04750 0.08942 0.08930 0.05628 0.02960 0.02068 0.00667 
28	1	0.06489 0.05039 0.05693 0.06985 0.01955 0.01459 0.11791 0.00022 0.03224 0.09428 0.14177 0.13702 0.08396 0.05857 0.04926 0.00856 
29	1	0.13787 0.13943 0.09869 0.10357 0.01578 0.01172 0.02934 0.00016 0.02998 0.08094 0.09954 0.08819 0.06092 0.05304 0.04549 0.00534 
30	1	0.00484 0.06246 0.06812 0.04858 0.02210 0.00451 0.00923 0.00000 0.04571 0.21392 0.25397 0.15178 0.06855 0.03049 0.01439 0.00135 
31	1	0.02254 0.05737 0.03231 0.01245 0.00480 0.01012 0.01253 0.00001 0.03892 0.15960 0.19831 0.15734 0.12280 0.10307 0.06202 0.00580 
32	1	0.12999 0.15512 0.08100 0.07729 0.03232 0.01146 0.03007 0.00024 0.04579 0.12476 0.11563 0.07926 0.04644 0.03405 0.03164 0.00493 
33	1	0.01259 0.04119 0.10006 0.23330 0.10705 0.02834 0.01271 0.00000 0.01574 0.05350 0.07967 0.10030 0.09329 0.06905 0.04890 0.00432 
34	1	0.00981 0.04710 0.04985 0.06481 0.07595 0.03774 0.08805 0.00000 0.01065 0.03909 0.08382 0.13559 0.16130 0.12895 0.06600 0.00130 
35	1	0.08503 0.12863 0.05162 0.18451 0.04544 0.01116 0.02957 0.00000 0.03872 0.11348 0.10628 0.09038 0.05462 0.03190 0.02491 0.00374 
36	1	0.05870 0.19234 0.17255 0.11113 0.04668 0.00812 0.02598 0.00860 0.01878 0.07998 0.10597 0.08138 0.04326 0.02466 0.01746 0.00443 
37	1	0.03910 0.15935 0.07348 0.08506 0.04580 0.02302 0.02101 0.00000 0.02991 0.11633 0.14055 0.12444 0.07927 0.04190 0.01953 0.00124 
38	1	0.15479 0.17711 0.11556 0.07808 0.02363 0.02059 0.01996 0.00005 0.03125 0.08855 0.11731 0.08827 0.03821 0.02178 0.01870 0.00616 
39	1	0.08624 0.14826 0.04731 0.02289 0.05316 0.03069 0.22314 0.00000 0.02403 0.07212 0.07570 0.06422 0.05991 0.04983 0.04142 0.00107 
40	1	0.06431 0.23107 0.08610 0.04450 0.02306 0.02754 0.12040 0.00000 0.03504 0.10400 0.10329 0.06893 0.04001 0.02840 0.02186 0.00148 
41	1	0.09464 0.16004 0.07538 0.02823 0.01969 0.02361 0.15115 0.00007 0.02894 0.09071 0.09046 0.06635 0.05372 0.05324 0.05624 0.00752 
42	1	0.15041 0.18301 0.08470 0.08798 0.03142 0.00608 0.01547 0.00000 0.03844 0.09845 0.11808 0.10061 0.04563 0.02058 0.01571 0.00342 
43	1	0.03097 0.16526 0.04687 0.03247 0.03815 0.04129 0.25323 0.00000 0.02517 0.08133 0.08009 0.05958 0.04765 0.04586 0.04872 0.00337 
44	1	0.24934 0.14929 0.08655 0.04966 0.00136 0.00419 0.22291 0.00197 0.04073 0.06635 0.04952 0.02052 0.01003 0.01390 0.02679 0.00689 
45	1	0.20176 0.22314 0.09704 0.06017 0.01089 0.00635 0.01701 0.00002 0.03935 0.10528 0.09988 0.07022 0.03182 0.01897 0.01623 0.00187 
46	1	0.25545 0.22074 0.09606 0.02629 0.00223 0.01139 0.01039 0.00000 0.04339 0.11834 0.09887 0.05058 0.02472 0.02364 0.01755 0.00038 
47	1	0.01050 0.09734 0.05971 0.03382 0.01922 0.02062 0.05386 0.00000 0.01529 0.09665 0.14185 0.14006 0.12114 0.11795 0.07071 0.00128 
48	1	0.07659 0.19544 0.09776 0.06514 0.01192 0.00311 0.00918 0.00001 0.03112 0.14091 0.15220 0.10510 0.05847 0.03386 0.01735 0.00182 
49	1	0.01501 0.18220 0.06806 0.03344 0.06138 0.02223 0.02853 0.00002 0.03778 0.14305 0.14323 0.08918 0.06925 0.05400 0.04451 0.00812 
50	1	0.01982 0.14689 0.12388 0.12462 0.03080 0.03781 0.03950 0.00000 0.01215 0.06796 0.12208 0.11577 0.07790 0.05332 0.02630 0.00119 
51	1	0.04165 0.11303 0.03683 0.01802 0.00829 0.01296 0.02176 0.00000 0.05740 0.18407 0.17745 0.13037 0.08800 0.06291 0.04219 0.00508 
52	1	0.01144 0.04760 0.04587 0.03673 0.02255 0.04086 0.03229 0.00000 0.01712 0.10026 0.16413 0.15136 0.12391 0.12930 0.07460 0.00197 
53	1	0.00635 0.06022 0.05576 0.04758 0.07080 0.04187 0.03411 0.02527 0.01791 0.07772 0.15651 0.17455 0.13109 0.06288 0.02740 0.00998 
54	1	0.04374 0.13372 0.08271 0.03956 0.02395 0.01036 0.07080 0.00061 0.02533 0.09886 0.13434 0.11519 0.08371 0.06442 0.06183 0.01087 
55	1	0.07415 0.22471 0.06912 0.03530 0.01867 0.01927 0.07219 0.00000 0.02950 0.10912 0.11773 0.09506 0.06399 0.04100 0.02889 0.00131 
56	1	0.04680 0.14012 0.06165 0.02558 0.01426 0.01247 0.02918 0.00001 0.03089 0.15104 0.17699 0.13245 0.08537 0.05389 0.03544 0.00385 
57	1	0.21436 0.16084 0.07533 0.04425 0.01253 0.01295 0.02952 0.00000 0.02800 0.10451 0.12308 0.08859 0.05147 0.03334 0.02009 0.00114 
58	1	0.02301 0.16311 0.11440 0.05424 0.03790 0.01454 0.01486 0.00000 0.02778 0.12936 0.15379 0.12275 0.08274 0.04536 0.01575 0.00041 
59	1	0.04531 0.17342 0.05489 0.04705 0.01731 0.02595 0.04461 0.00009 0.03465 0.13353 0.13736 0.11360 0.07453 0.05726 0.03684 0.00359 
60	1	0.01413 0.15364 0.08945 0.05275 0.01786 0.01288 0.05235 0.00000 0.02642 0.12928 0.16220 0.13914 0.08146 0.04316 0.02361 0.00167 
61	1	0.01256 0.07369 0.05955 0.02746 0.01903 0.00929 0.00957 0.00001 0.02262 0.11598 0.17236 0.17843 0.15901 0.09847 0.03839 0.00358 
62	1	0.06209 0.16418 0.18080 0.07818 0.01470 0.00704 0.01203 0.05710 0.03145 0.10517 0.11597 0.07940 0.03943 0.02550 0.01824 0.00872 
63	1	0.08437 0.02482 0.02156 0.01482 0.00860 0.01753 0.13565 0.00000 0.06670 0.13319 0.11864 0.10686 0.08958 0.08853 0.08390 0.00525 
64	1	0.03227 0.13134 0.04111 0.02720 0.01359 0.01494 0.04826 0.00000 0.03267 0.13211 0.14973 0.12403 0.09309 0.08871 0.06502 0.00592 
65	1	0.29372 0.19020 0.11167 0.02579 0.00314 0.00916 0.04482 0.01380 0.04367 0.07764 0.05954 0.03696 0.01701 0.02114 0.03589 0.01586 
66	1	0.19378 0.10900 0.06427 0.10142 0.08582 0.01227 0.00783 0.00000 0.03325 0.07782 0.09160 0.10159 0.07007 0.03078 0.01610 0.00439 
67	1	0.08585 0.15391 0.11191 0.10410 0.04185 0.01971 0.00908 0.00000 0.03231 0.09996 0.11264 0.10291 0.07356 0.03577 0.01554 0.00092 
68	1	0.07662 0.13191 0.04357 0.12689 0.10946 0.03311 0.01228 0.00000 0.03500 0.10457 0.09858 0.09721 0.07679 0.03537 0.01756 0.00108 
69	1	0.14342 0.25835 0.08925 0.02469 0.00648 0.00413 0.01020 0.00001 0.05036 0.14497 0.11392 0.06771 0.03926 0.02836 0.01639 0.00249 
70	1	0.00732 0.03524 0.12404 0.10166 0.01944 0.00902 0.01715 0.00097 0.01655 0.08359 0.19099 0.20078 0.11504 0.05241 0.02146 0.00433 
71	1	0.00930 0.08071 0.08191 0.10288 0.12959 0.06655 0.02665 0.00001 0.01228 0.04509 0.08099 0.11845 0.13998 0.07141 0.02882 0.00537 
72	1	0.08422 0.10858 0.05832 0.05872 0.02597 0.01360 0.02218 0.00061 0.03314 0.09617 0.12001 0.12733 0.12658 0.08532 0.03412 0.00515 
73	1	0.00689 0.01721 0.01780 0.00815 0.01322 0.06317 0.44909 0.00985 0.01112 0.03819 0.04477 0.04479 0.05594 0.10589 0.10345 0.01048 
74	1	0.10025 0.10395 0.19440 0.17995 0.09639 0.01698 0.00301 0.00820 0.02955 0.06353 0.07448 0.07326 0.03995 0.01128 0.00308 0.00173 
75	1	0.02974 0.12528 0.09588 0.08475 0.05762 0.01861 0.04149 0.00000 0.01507 0.08685 0.12483 0.11722 0.09421 0.06177 0.04249 0.00420 
76	1	0.03998 0.20869 0.05527 0.02988 0.02786 0.03447 0.02540 0.00000 0.02940 0.12565 0.13274 0.10361 0.09073 0.06839 0.02701 0.00093 
77	1	0.01275 0.12180 0.08895 0.05562 0.05020 0.04363 0.03854 0.00000 0.01376 0.08362 0.12599 0.13203 0.12054 0.07606 0.03469 0.00182 
78	1	0.08506 0.22024 0.08435 0.04749 0.02840 0.00915 0.00701 0.00447 0.03215 0.13966 0.15083 0.09868 0.05444 0.02615 0.00989 0.00204 
79	1	0.01060 0.00868 0.00498 0.00345 0.01478 0.17252 0.57486 0.00000 0.00567 0.01545 0.01864 0.02278 0.03521 0.05982 0.05053 0.00204 
80	1	0.02941 0.10211 0.08968 0.04738 0.01847 0.01557 0.06434 0.00000 0.02563 0.11804 0.16671 0.13431 0.09025 0.06474 0.03223 0.00112 
81	1	0.13677 0.15675 0.07541 0.04072 0.02198 0.01797 0.04696 0.00000 0.03882 0.14347 0.14609 0.08006 0.04099 0.02654 0.02354 0.00394 
82	1	0.06678 0.13344 0.05251 0.02501 0.02660 0.01411 0.01219 0.00000 0.06955 0.18558 0.16622 0.10960 0.07391 0.04215 0.02001 0.00233 
83	1	0.13273 0.23085 0.09359 0.05232 0.02873 0.00869 0.02706 0.00000 0.02646 0.08572 0.10321 0.09207 0.06629 0.03105 0.01809 0.00315 
84	1	0.06919 0.15718 0.03971 0.02181 0.03355 0.01043 0.04406 0.00000 0.05380 0.14182 0.13649 0.11134 0.08572 0.05772 0.03583 0.00135 
85	1	0.10503 0.18311 0.10416 0.02401 0.01165 0.00522 0.00959 0.00001 0.03629 0.14318 0.16004 0.09754 0.05832 0.03339 0.02504 0.00343 
86	1	0.00703 0.04333 0.02684 0.02445 0.08991 0.05171 0.10216 0.00002 0.01369 0.06560 0.11615 0.14406 0.16176 0.11576 0.03528 0.00223 
87	1	0.07284 0.09055 0.03967 0.01980 0.00869 0.00954 0.02053 0.00000 0.05641 0.19964 0.20865 0.13601 0.07211 0.04081 0.02290 0.00187 
88	1	0.00856 0.05006 0.07675 0.06833 0.16226 0.01213 0.00419 0.00000 0.02659 0.11524 0.18299 0.17322 0.07083 0.02937 0.01743 0.00205 
89	1	0.02865 0.10891 0.03091 0.00740 0.00357 0.00137 0.01141 0.00000 0.06743 0.25854 0.20498 0.11852 0.07478 0.04673 0.03230 0.00450 
90	1	0.06732 0.07441 0.03663 0.02798 0.00521 0.00543 0.04989 0.00000 0.06218 0.15743 0.17729 0.15471 0.07971 0.05089 0.04768 0.00322 
91	1	0.06011 0.12059 0.07137 0.08345 0.03884 0.01522 0.05197 0.00000 0.03493 0.10478 0.12662 0.12291 0.08478 0.04665 0.03592 0.00187 
92	1	0.01554 0.08291 0.24789 0.17236 0.07038 0.03112 0.03152 0.00000 0.01240 0.05013 0.08255 0.08271 0.05580 0.03781 0.02533 0.00154 
93	1	0.03852 0.14456 0.05997 0.03801 0.03961 0.03622 0.07273 0.00000 0.02687 0.10629 0.12197 0.10304 0.08764 0.07178 0.04830 0.00449 
94	1	0.00902 0.08712 0.07603 0.07615 0.03917 0.01326 0.07982 0.00001 0.01236 0.09588 0.15806 0.15959 0.10406 0.05523 0.03136 0.00287 
95	1	0.10886 0.17312 0.03939 0.02114 0.03766 0.07009 0.19488 0.00000 0.04302 0.10096 0.07405 0.04291 0.03603 0.03741 0.01991 0.00059 
96	1	0.01007 0.08999 0.15436 0.06366 0.03601 0.05354 0.10355 0.00000 0.01190 0.06073 0.09990 0.09778 0.08400 0.07915 0.05318 0.00218 
97	1	0.01161 0.10479 0.11108 0.20831 0.09622 0.01684 0.01458 0.00533 0.00734 0.04588 0.09241 0.13084 0.09481 0.03878 0.01774 0.00345 
98	1	0.00719 0.02793 0.14667 0.19194 0.08279 0.02999 0.02138 0.00000 0.01014 0.04990 0.12673 0.14033 0.09415 0.04672 0.02116 0.00298 
99	1	0.08645 0.14513 0.10866 0.03909 0.01724 0.01124 0.01225 0.00001 0.02160 0.11080 0.16697 0.12385 0.07758 0.05000 0.02607 0.00306 
100	2	0.02023 0.03417 0.08128 0.07937 0.09073 0.00553 0.02021 0.00000 0.03769 0.11326 0.15259 0.14503 0.11220 0.05379 0.04479 0.00912 
101	2	0.00361 0.01064 0.01457 0.10056 0.13980 0.19062 0.15208 0.00000 0.00583 0.01692 0.02000 0.03860 0.07273 0.13323 0.09914 0.00167 
102	2	0.00475 0.01250 0.04263 0.23227 0.20671 0.12032 0.00926 0.00003 0.00334 0.01616 0.03781 0.07257 0.12445 0.09617 0.01830 0.00273 
103	2	0.00717 0.17496 0.16850 0.01888 0.25453 0.06077 0.00334 0.00000 0.00698 0.03263 0.04117 0.04155 0.10633 0.07149 0.01001 0.00169 
104	2	0.00353 0.00248 0.00467 0.12811 0.18996 0.13335 0.02349 0.00000 0.01009 0.02331 0.03178 0.09222 0.17599 0.14275 0.03696 0.00130 
105	2	0.03488 0.20653 0.15132 0.13686 0.07590 0.01771 0.00108 0.00000 0.02138 0.07489 0.11376 0.09550 0.04764 0.01471 0.00579 0.00205 
106	2	0.00130 0.00761 0.02546 0.19201 0.11309 0.26828 0.02073 0.00001 0.01489 0.04305 0.06568 0.07194 0.06749 0.06991 0.03515 0.00340 
107	2	0.00764 0.00979 0.00967 0.11760 0.16575 0.07999 0.00927 0.00000 0.03543 0.07546 0.08425 0.10903 0.15317 0.11552 0.02469 0.00275 
108	2	0.00725 0.03061 0.02333 0.19350 0.21407 0.00695 0.01147 0.00000 0.00787 0.03736 0.05782 0.19373 0.17484 0.02634 0.01326 0.00160 
109	2	0.13371 0.10709 0.00916 0.05520 0.02256 0.04443 0.00200 0.00002 0.07539 0.10438 0.08746 0.10285 0.12572 0.10317 0.02428 0.00257 
110	2	0.01376 0.12727 0.20764 0.06013 0.02058 0.00381 0.00328 0.00000 0.04018 0.12476 0.15244 0.12548 0.07703 0.02875 0.01296 0.00194 
111	2	0.02253 0.04211 0.20703 0.18528 0.10482 0.00023 0.01800 0.00303 0.03276 0.09995 0.12882 0.09511 0.03505 0.00832 0.01130 0.00565 
112	2	0.02070 0.03571 0.24269 0.16087 0.10941 0.04345 0.02261 0.00000 0.00817 0.04593 0.09433 0.08966 0.06742 0.03891 0.01883 0.00132 
113	2	0.00483 0.01158 0.06523 0.12659 0.17177 0.01156 0.00327 0.00000 0.03796 0.07162 0.11385 0.16032 0.14205 0.05916 0.01801 0.00221 
114	2	0.04473 0.06385 0.07856 0.01342 0.00907 0.03334 0.06255 0.00000 0.09072 0.21159 0.19521 0.09041 0.04019 0.03302 0.03072 0.00261 
115	2	0.02547 0.07224 0.03188 0.08309 0.12781 0.05261 0.11674 0.00000 0.04701 0.12492 0.10139 0.07308 0.06415 0.04780 0.03123 0.00059 
116	2	0.00932 0.10871 0.11135 0.20386 0.00776 0.00178 0.02120 0.00001 0.02659 0.10060 0.15152 0.14608 0.05472 0.02612 0.02470 0.00569 
117	2	0.01031 0.00272 0.00400 0.03239 0.12435 0.12545 0.16408 0.00000 0.02366 0.04107 0.05404 0.08442 0.17911 0.13030 0.02238 0.00173 
118	2	0.00013 0.01818 0.13562 0.06507 0.09724 0.14794 0.02300 0.00000 0.00808 0.06003 0.12019 0.10472 0.09093 0.09023 0.03682 0.00182 
119	2	0.02674 0.07625 0.01983 0.10194 0.11251 0.25098 0.00073 0.00000 0.04779 0.09880 0.05516 0.05078 0.06499 0.07704 0.01506 0.00141 
120	2	0.00987 0.03286 0.04036 0.18752 0.20814 0.11564 0.00866 0.00000 0.01311 0.02931 0.06377 0.10428 0.11570 0.06090 0.00906 0.00081 
121	2	0.00516 0.26015 0.03784 0.20974 0.05309 0.00366 0.02062 0.00000 0.01168 0.12027 0.09560 0.04917 0.05618 0.03373 0.03818 0.00492 
122	2	0.01642 0.07201 0.15922 0.04846 0.18147 0.04318 0.00544 0.00000 0.00987 0.04920 0.15002 0.13023 0.06421 0.04877 0.02060 0.00090 
123	2	0.00054 0.00674 0.02399 0.05659 0.14768 0.36675 0.00633 0.00000 0.00236 0.01687 0.04380 0.06367 0.12420 0.12667 0.01374 0.00007 
124	2	0.01591 0.03356 0.09474 0.13292 0.10890 0.01072 0.19294 0.00000 0.01834 0.06169 0.10805 0.11185 0.06707 0.02451 0.01536 0.00345 
125	2	0.00007 0.03547 0.15485 0.33273 0.03040 0.07117 0.03290 0.00000 0.00190 0.03264 0.06575 0.06383 0.05648 0.07914 0.04152 0.00115 
126	2	0.00000 0.00100 0.06322 0.26738 0.37344 0.07675 0.00020 0.00000 0.00024 0.00539 0.04015 0.09226 0.06726 0.01221 0.00043 0.00005 
127	2	0.00198 0.00723 0.00616 0.17500 0.42250 0.01190 0.00161 0.00000 0.00777 0.02480 0.03324 0.09142 0.12634 0.06273 0.02713 0.00017 
128	2	0.04635 0.02218 0.03822 0.11879 0.02129 0.23608 0.01172 0.00000 0.04416 0.07682 0.08681 0.09752 0.08876 0.08632 0.02345 0.00153 
129	2	0.00875 0.02730 0.25816 0.14501 0.01408 0.00310 0.06370 0.00000 0.01791 0.06968 0.13149 0.15706 0.06287 0.02384 0.01652 0.00052 
130	2	0.00169 0.00835 0.02100 0.02614 0.26383 0.17391 0.17343 0.00978 0.00613 0.04446 0.06772 0.04572 0.06965 0.05268 0.02727 0.00823 
131	2	0.01622 0.02136 0.01852 0.03081 0.16988 0.37701 0.10397 0.00531 0.01413 0.02354 0.01582 0.02315 0.07717 0.07800 0.02039 0.00471 
132	2	0.00152 0.00871 0.14158 0.16188 0.12688 0.04370 0.04290 0.00015 0.01172 0.07530 0.15267 0.11644 0.05314 0.03704 0.02473 0.00165 
133	2	0.02079 0.02022 0.21976 0.14604 0.04255 0.07237 0.02681 0.00106 0.03935 0.12508 0.15551 0.06972 0.02580 0.02064 0.01088 0.00342 
134	2	0.00715 0.01484 0.04327 0.11746 0.07896 0.07807 0.00457 0.00004 0.02111 0.06369 0.15053 0.21278 0.13512 0.05810 0.01325 0.00105 
135	2	0.00371 0.18589 0.19305 0.18601 0.03250 0.01731 0.00996 0.00016 0.01671 0.07790 0.09424 0.08997 0.04941 0.02622 0.01441 0.00252 
136	2	0.00311 0.00481 0.06578 0.28682 0.11673 0.08331 0.05064 0.00000 0.01158 0.02897 0.07590 0.12243 0.08879 0.04568 0.01514 0.00032 
137	2	0.00612 0.03277 0.00775 0.20017 0.43018 0.01807 0.00826 0.00000 0.01398 0.04846 0.04754 0.07864 0.08054 0.02240 0.00479 0.00034 
138	2	0.00734 0.00133 0.02556 0.12563 0.23590 0.34856 0.00625 0.00002 0.00681 0.01750 0.04518 0.07186 0.06148 0.03457 0.01079 0.00122 
139	2	0.01048 0.01185 0.00632 0.02097 0.15436 0.21168 0.00033 0.00000 0.01722 0.04276 0.05538 0.10679 0.20606 0.14679 0.00817 0.00085 
140	2	0.04823 0.03252 0.06074 0.03336 0.10247 0.08109 0.00701 0.00000 0.05043 0.09134 0.10695 0.11299 0.11225 0.11633 0.04180 0.00250 
141	2	0.01510 0.19479 0.22678 0.12872 0.00815 0.01194 0.01451 0.00000 0.02824 0.09256 0.10291 0.07628 0.04582 0.03569 0.01725 0.00127 
142	2	0.02070 0.11920 0.19048 0.15830 0.03217 0.00839 0.01530 0.00000 0.02769 0.09715 0.14084 0.09893 0.04988 0.02780 0.01289 0.00028 
143	2	0.01294 0.16301 0.24666 0.15469 0.18804 0.00911 0.00899 0.00005 0.00586 0.03208 0.06534 0.05892 0.02968 0.01429 0.00820 0.00212 
144	2	0.00459 0.02207 0.03374 0.02423 0.01466 0.04360 0.21209 0.00000 0.01294 0.08208 0.16570 0.14905 0.09773 0.08828 0.04809 0.00116 
145	2	0.02834 0.06198 0.03972 0.07013 0.13773 0.24365 0.00948 0.00000 0.01090 0.03903 0.05433 0.08901 0.12226 0.07779 0.01383 0.00180 
146	2	0.00011 0.01671 0.20242 0.06740 0.19918 0.03534 0.00037 0.00014 0.00243 0.04494 0.11585 0.06841 0.14246 0.09909 0.00377 0.00136 
147	2	0.00944 0.04745 0.17044 0.11275 0.03319 0.00790 0.00166 0.00000 0.03005 0.11604 0.15159 0.13028 0.11951 0.05933 0.00915 0.00122 
148	2	0.00005 0.02864 0.15548 0.16343 0.10048 0.03713 0.11023 0.00000 0.00052 0.01243 0.02669 0.04302 0.07885 0.13265 0.10861 0.00179 
149	2	0.00019 0.00595 0.06250 0.34301 0.23008 0.00642 0.00148 0.00000 0.00969 0.03415 0.04669 0.12126 0.11132 0.01925 0.00708 0.00094 
150	2	0.01580 0.03358 0.06800 0.12976 0.30122 0.03894 0.00651 0.00000 0.02141 0.04509 0.05851 0.10611 0.11980 0.04239 0.01214 0.00073 
151	2	0.01011 0.04272 0.38514 0.11216 0.04750 0.00350 0.00004 0.00000 0.03261 0.08142 0.10644 0.10369 0.05624 0.01760 0.00079 0.00003 
152	2	0.00000 0.03216 0.02782 0.00561 0.19055 0.44884 0.00009 0.00000 0.00104 0.01847 0.02042 0.01245 0.09986 0.13184 0.01069 0.00016 
153	2	0.02498 0.02898 0.01970 0.01651 0.05777 0.03711 0.00521 0.00000 0.06293 0.16699 0.18663 0.14710 0.13967 0.08361 0.02207 0.00073 
154	2	0.00137 0.01827 0.22276 0.08098 0.08458 0.09560 0.01552 0.00000 0.01286 0.05881 0.08242 0.07717 0.12319 0.10487 0.02032 0.00127 
155	2	0.00039 0.02110 0.35851 0.20655 0.04320 0.01025 0.00504 0.00000 0.00270 0.01944 0.09430 0.09325 0.07738 0.05179 0.01502 0.00108 
156	2	0.00005 0.02208 0.05560 0.46613 0.10440 0.00394 0.00036 0.00005 0.00505 0.05565 0.08862 0.08472 0.07568 0.02796 0.00755 0.00216 
157	2	0.00138 0.01509 0.14703 0.28971 0.15832 0.02652 0.01369 0.00000 0.00278 0.02693 0.08486 0.10568 0.07839 0.03240 0.01579 0.00143 
158	2	0.00003 0.09270 0.01885 0.01360 0.50895 0.00495 0.00189 0.00000 0.00725 0.08276 0.08249 0.06430 0.08632 0.02486 0.01047 0.00056 
159	2	0.00267 0.00734 0.09996 0.01300 0.22565 0.24152 0.00135 0.00001 0.00318 0.02217 0.08767 0.06166 0.11102 0.11140 0.00957 0.00184 
160	2	0.03581 0.06915 0.03682 0.02058 0.05775 0.10273 0.01651 0.00000 0.06842 0.17828 0.12940 0.08051 0.09500 0.08299 0.02575 0.00030 
161	2	0.00023 0.00222 0.02681 0.43146 0.28578 0.00357 0.00159 0.00000 0.00190 0.01048 0.03322 0.10319 0.08090 0.01381 0.00441 0.00042 
162	2	0.01491 0.06745 0.12902 0.16020 0.23144 0.09532 0.00843 0.00000 0.01427 0.03991 0.05271 0.07213 0.06670 0.03465 0.01215 0.00071 
163	2	0.00075 0.00637 0.04399 0.05995 0.32277 0.16993 0.03375 0.00010 0.00080 0.00989 0.02427 0.02612 0.11180 0.13066 0.05480 0.00405 
164	2	0.00003 0.26004 0.09639 0.03189 0.06003 0.00014 0.00134 0.00000 0.01017 0.10064 0.09667 0.15970 0.15451 0.01809 0.00930 0.00106 
165	2	0.00685 0.07721 0.19593 0.12428 0.26920 0.00123 0.00059 0.00000 0.01036 0.06190 0.09781 0.07016 0.05624 0.01960 0.00757 0.00108 
166	2	0.02121 0.04289 0.08056 0.30957 0.04229 0.07119 0.00390 0.00000 0.02776 0.06979 0.07961 0.08671 0.07792 0.06730 0.01853 0.00077 
167	2	0.05239 0.12771 0.07147 0.14537 0.04555 0.00096 0.00190 0.00000 0.05450 0.17551 0.12776 0.09883 0.07243 0.01675 0.00862 0.00026 
168	2	0.02317 0.04779 0.10988 0.21767 0.01027 0.09078 0.00025 0.00000 0.04643 0.11762 0.12821 0.07496 0.03801 0.07842 0.01635 0.00016 
169	2	0.01442 0.02309 0.14946 0.23681 0.01118 0.03532 0.03298 0.00000 0.04055 0.08711 0.10987 0.06772 0.08704 0.08781 0.01545 0.00119 
170	2	0.01755 0.05269 0.07661 0.07479 0.10724 0.05306 0.01625 0.00000 0.02439 0.14370 0.17478 0.12849 0.08487 0.03497 0.01040 0.00021 
171	2	0.01807 0.09575 0.09775 0.12344 0.05317 0.00044 0.00053 0.00002 0.04288 0.16206 0.17202 0.14467 0.06840 0.01148 0.00683 0.00249 
172	2	0.00629 0.03172 0.22135 0.16154 0.01377 0.02106 0.00000 0.00000 0.01284 0.06447 0.15686 0.19017 0.08265 0.03411 0.00279 0.00039 
173	2	0.00333 0.00161 0.20772 0.27274 0.16099 0.01663 0.05075 0.00000 0.00281 0.01212 0.04866 0.05885 0.07958 0.05911 0.02405 0.00107 
174	2	0.01123 0.03722 0.17904 0.15066 0.07768 0.00344 0.01172 0.00000 0.01297 0.06770 0.16666 0.16026 0.06930 0.02727 0.02260 0.00227 
175	2	0.00204 0.07543 0.06372 0.14804 0.03752 0.02002 0.01947 0.00000 0.02355 0.14270 0.15837 0.11301 0.08576 0.07575 0.03406 0.00056 
176	2	0.00097 0.02777 0.02245 0.14084 0.21282 0.02788 0.02498 0.00000 0.00833 0.06965 0.10173 0.13763 0.14517 0.06561 0.01377 0.00039 
177	2	0.01565 0.02868 0.02786 0.05285 0.42381 0.00504 0.00024 0.00000 0.02205 0.06689 0.09410 0.08941 0.11582 0.04613 0.01073 0.00074 
178	2	0.00137 0.18529 0.20929 0.02446 0.02941 0.02292 0.01174 0.00000 0.01040 0.09358 0.12301 0.09744 0.08278 0.06934 0.03837 0.00060 
179	2	0.04423 0.04788 0.17401 0.06324 0.18697 0.00426 0.00002 0.00000 0.02220 0.04472 0.06137 0.10583 0.17638 0.06469 0.00379 0.00040 
180	2	0.00269 0.01070 0.03024 0.39690 0.29032 0.00262 0.00094 0.00000 0.00769 0.03056 0.04479 0.06555 0.07058 0.03505 0.01082 0.00054 
181	2	0.07437 0.06560 0.30988 0.07327 0.03359 0.00057 0.00668 0.00000 0.03666 0.08841 0.11277 0.08513 0.05882 0.03430 0.01930 0.00064 
182	2	0.12778 0.07286 0.02470 0.05731 0.05637 0.01589 0.00294 0.00000 0.13649 0.19692 0.09260 0.09644 0.07719 0.02849 0.01381 0.00021 
183	2	0.00167 0.02865 0.36224 0.09786 0.13313 0.00585 0.00262 0.00000 0.00568 0.06407 0.11379 0.08855 0.05560 0.03032 0.00975 0.00022 
184	2	0.00253 0.00879 0.04428 0.20309 0.29889 0.03846 0.00340 0.00000 0.01234 0.04266 0.07811 0.12105 0.08369 0.04610 0.01511 0.00149 
185	2	0.00342 0.01015 0.06663 0.27653 0.09722 0.12884 0.01358 0.00000 0.01242 0.02282 0.05849 0.09312 0.10922 0.09004 0.01728 0.00024 
186	2	0.00280 0.04780 0.36595 0.32340 0.01687 0.00002 0.00000 0.00000 0.01228 0.05089 0.07361 0.07278 0.02952 0.00310 0.00087 0.00010 
187	2	0.00149 0.21173 0.13933 0.06178 0.09147 0.10612 0.00057 0.00000 0.00631 0.07114 0.09041 0.07101 0.07943 0.06445 0.00454 0.00022 
188	2	0.01055 0.11613 0.16469 0.08183 0.09716 0.11609 0.00580 0.00000 0.03018 0.09685 0.11277 0.08021 0.04388 0.03318 0.01064 0.00003 
189	2	0.09045 0.22343 0.09813 0.08405 0.03048 0.06262 0.01473 0.00000 0.08350 0.13915 0.07539 0.04625 0.01909 0.02132 0.01133 0.00007 
190	2	0.01969 0.14301 0.13271 0.07468 0.09001 0.09171 0.00590 0.00000 0.02117 0.07737 0.08553 0.07634 0.08506 0.07653 0.01902 0.00127 
191	2	0.00155 0.00711 0.01168 0.34927 0.20832 0.00542 0.00125 0.00000 0.01192 0.04257 0.06258 0.12052 0.12707 0.03831 0.01197 0.00045 
192	2	0.00553 0.00580 0.01258 0.06050 0.49677 0.04770 0.01094 0.00000 0.01736 0.03400 0.04171 0.09379 0.11198 0.04481 0.01587 0.00067 
193	2	0.00376 0.03976 0.01334 0.11175 0.02467 0.13485 0.00507 0.00000 0.03004 0.11087 0.12292 0.13628 0.11423 0.10389 0.04788 0.00069 
194	2	0.00053 0.00772 0.09256 0.36156 0.11876 0.10704 0.02655 0.00000 0.00415 0.01944 0.03968 0.06506 0.07478 0.05870 0.02183 0.00164 
195	2	0.02457 0.00432 0.00426 0.07792 0.37911 0.11002 0.00622 0.00000 0.01109 0.02734 0.04796 0.09984 0.11356 0.06889 0.02307 0.00183 
196	2	0.01845 0.04968 0.10521 0.01084 0.00248 0.04523 0.01087 0.00000 0.05922 0.17114 0.17009 0.10902 0.06886 0.10360 0.07446 0.00082 
197	2	0.04552 0.00512 0.11008 0.20311 0.23535 0.02841 0.00010 0.00000 0.04336 0.05485 0.06628 0.08244 0.07908 0.04240 0.00384 0.00006 
198	2	0.02421 0.00609 0.00110 0.08012 0.26995 0.19075 0.01987 0.00000 0.04150 0.05616 0.04094 0.07435 0.10039 0.07141 0.02288 0.00027 
199	2	0.00000 0.04844 0.12795 0.11770 0.16338 0.05835 0.21231 0.00003 0.00154 0.02259 0.03926 0.06155 0.07405 0.04406 0.02616 0.00263 
200	3	0.09688 0.02473 0.09450 0.22066 0.02010 0.01020 0.00001 0.00000 0.06136 0.10132 0.12128 0.12113 0.08178 0.04139 0.00455 0.00010 
201	3	0.17603 0.03999 0.01742 0.00521 0.11087 0.16557 0.00146 0.00000 0.08737 0.14533 0.10591 0.05451 0.04003 0.03998 0.01029 0.00003 
202	3	0.01657 0.01160 0.01342 0.00443 0.23724 0.23234 0.00496 0.00000 0.03899 0.08789 0.08835 0.08117 0.09033 0.06653 0.02409 0.00210 
203	3	0.10159 0.01805 0.01906 0.02423 0.16580 0.02107 0.00766 0.00000 0.08188 0.10415 0.11453 0.12203 0.11805 0.07161 0.02895 0.00133 
204	3	0.02144 0.00717 0.01630 0.13489 0.12988 0.02020 0.00239 0.00000 0.04593 0.07120 0.10846 0.16867 0.16809 0.07893 0.02501 0.00143 
205	3	0.02150 0.00806 0.15804 0.21039 0.12250 0.02012 0.00503 0.00000 0.04322 0.05661 0.06081 0.07768 0.09543 0.08398 0.03515 0.00149 
206	3	0.16801 0.01465 0.09976 0.03072 0.02040 0.02643 0.01842 0.00000 0.04887 0.06960 0.12095 0.12202 0.11184 0.09971 0.04824 0.00039 
207	3	0.14404 0.06370 0.04333 0.02537 0.01001 0.10200 0.15776 0.00000 0.04587 0.07422 0.06924 0.06309 0.05747 0.09050 0.05068 0.00271 
208	3	0.17862 0.11394 0.02833 0.02063 0.05108 0.05449 0.02529 0.00000 0.06144 0.10652 0.08310 0.08454 0.10988 0.07220 0.00826 0.00167 
209	3	0.00848 0.18068 0.03161 0.00951 0.00451 0.02196 0.15196 0.00000 0.02367 0.13736 0.14288 0.09306 0.06798 0.07244 0.05060 0.00330 
210	3	0.02962 0.09526 0.00954 0.01587 0.01375 0.01119 0.15861 0.00000 0.06955 0.17786 0.12579 0.11132 0.09720 0.05523 0.02662 0.00259 
211	3	0.11101 0.08953 0.04594 0.03462 0.00486 0.02069 0.03959 0.00000 0.05815 0.10305 0.07775 0.07458 0.08912 0.13734 0.10860 0.00517 
212	3	0.10593 0.03480 0.01823 0.03946 0.01081 0.00170 0.05565 0.00000 0.06370 0.14949 0.15860 0.15786 0.12431 0.05296 0.02442 0.00209 
213	3	0.00928 0.22220 0.34347 0.08282 0.00106 0.00732 0.02240 0.00000 0.02725 0.06134 0.05021 0.04100 0.03483 0.05435 0.04176 0.00071 
214	3	0.05629 0.03541 0.18584 0.30124 0.04253 0.00336 0.01375 0.00001 0.03242 0.07029 0.05933 0.07174 0.05151 0.04329 0.03026 0.00272 
215	3	0.10728 0.01922 0.05952 0.21802 0.16994 0.04977 0.00463 0.00000 0.05441 0.08114 0.05553 0.05469 0.05825 0.04601 0.01983 0.00177 
216	3	0.09683 0.09063 0.03927 0.00105 0.00087 0.01626 0.11520 0.00000 0.08217 0.12414 0.08054 0.05644 0.07025 0.10881 0.11248 0.00508 
217	3	0.11964 0.02251 0.01442 0.01240 0.04063 0.04578 0.09521 0.00000 0.07847 0.10851 0.09610 0.12130 0.13386 0.07472 0.03463 0.00182 
218	3	0.06631 0.03005 0.00557 0.05144 0.14066 0.10066 0.00419 0.00000 0.07438 0.10832 0.08138 0.10919 0.14367 0.07374 0.01007 0.00037 
219	3	0.04966 0.03715 0.00671 0.01194 0.15381 0.17202 0.00367 0.00000 0.04620 0.08248 0.07987 0.10995 0.13118 0.09011 0.02360 0.00163 
220	3	0.00413 0.01338 0.36492 0.16290 0.13302 0.03457 0.00975 0.00000 0.01068 0.02688 0.03832 0.04073 0.06189 0.06292 0.03429 0.00164 
221	3	0.03727 0.00670 0.01148 0.00772 0.01682 0.03790 0.01516 0.00000 0.06413 0.08720 0.10582 0.13155 0.18527 0.20762 0.08345 0.00190 
222	3	0.02470 0.03311 0.05945 0.06889 0.15357 0.00956 0.00447 0.00000 0.04152 0.10008 0.12912 0.14763 0.12767 0.06668 0.03125 0.00230 
223	3	0.18614 0.07821 0.03040 0.02805 0.00286 0.00446 0.17213 0.00000 0.11276 0.14580 0.10140 0.06590 0.03011 0.01785 0.02097 0.00298 
224	3	0.06378 0.01582 0.23382 0.18472 0.16862 0.04004 0.00682 0.00000 0.04137 0.05652 0.03566 0.03292 0.05223 0.04716 0.01946 0.00107 
225	3	0.05344 0.07997 0.15198 0.01677 0.00239 0.07940 0.02771 0.00000 0.03714 0.14295 0.17401 0.07856 0.05174 0.05901 0.04304 0.00189 
226	3	0.02912 0.03756 0.03215 0.07846 0.02374 0.07470 0.11991 0.00000 0.03622 0.11700 0.10975 0.10792 0.10035 0.08011 0.04828 0.00472 
227	3	0.19113 0.01009 0.15789 0.15422 0.02613 0.00345 0.00742 0.00000 0.05346 0.07472 0.08332 0.09613 0.07893 0.04111 0.02090 0.00111 
228	3	0.24057 0.03402 0.00545 0.14266 0.04901 0.00821 0.00842 0.00000 0.06850 0.08963 0.07802 0.09857 0.08633 0.06194 0.02626 0.00240 
229	3	0.08444 0.02981 0.00587 0.14125 0.12461 0.02385 0.01277 0.00000 0.06910 0.09721 0.07395 0.13136 0.10291 0.06671 0.03432 0.00184 
230	3	0.08125 0.05968 0.00937 0.08700 0.09242 0.03108 0.01372 0.00000 0.06695 0.10730 0.08483 0.11664 0.10915 0.09122 0.04729 0.00212 
231	3	0.02825 0.12504 0.05183 0.04744 0.04639 0.01677 0.00263 0.00000 0.04284 0.16184 0.14299 0.11215 0.10838 0.07713 0.03351 0.00281 
232	3	0.05444 0.02129 0.03704 0.09995 0.18397 0.02149 0.01076 0.00000 0.05283 0.11033 0.14301 0.13839 0.06614 0.03378 0.02427 0.00231 
233	3	0.13610 0.14104 0.10123 0.05401 0.03714 0.02122 0.00967 0.00000 0.03841 0.09806 0.10680 0.08934 0.07787 0.06171 0.02608 0.00132 
234	3	0.36185 0.00229 0.07648 0.19636 0.17634 0.07360 0.00000 0.00000 0.02299 0.02123 0.01165 0.01512 0.02139 0.01805 0.00264 0.00002 
235	3	0.02643 0.03771 0.08739 0.25258 0.10004 0.02385 0.02779 0.00000 0.05511 0.10924 0.06701 0.05938 0.06702 0.05322 0.03226 0.00097 
236	3	0.06318 0.10349 0.11889 0.12429 0.02950 0.00345 0.01501 0.00000 0.03185 0.11995 0.17021 0.14057 0.05657 0.01405 0.00805 0.00095 
237	3	0.03071 0.06279 0.01920 0.01953 0.03462 0.07798 0.01976 0.00000 0.03931 0.10649 0.11013 0.11945 0.13538 0.15284 0.06905 0.00278 
238	3	0.06609 0.02259 0.03074 0.13585 0.03641 0.00693 0.00857 0.00000 0.04706 0.10715 0.13664 0.17120 0.12839 0.06483 0.03421 0.00335 
239	3	0.01979 0.02153 0.01235 0.26325 0.23723 0.01190 0.01137 0.00000 0.03765 0.07049 0.06234 0.08176 0.09635 0.04928 0.02372 0.00100 
240	3	0.05795 0.10241 0.04572 0.04283 0.03130 0.02411 0.01847 0.00000 0.06336 0.13929 0.13396 0.11970 0.09590 0.07634 0.04533 0.00333 
241	3	0.02702 0.01252 0.00742 0.18747 0.15624 0.07709 0.00236 0.00000 0.05008 0.08983 0.09492 0.12637 0.09731 0.05300 0.01717 0.00120 
242	3	0.00885 0.00676 0.10528 0.30274 0.17315 0.00601 0.00471 0.00000 0.02493 0.04985 0.06381 0.08560 0.09250 0.05189 0.02342 0.00050 
243	3	0.04563 0.00957 0.11379 0.16050 0.01545 0.01083 0.01689 0.00000 0.06774 0.09575 0.10680 0.13054 0.11117 0.07087 0.04200 0.00245 
244	3	0.05495 0.03225 0.24358 0.07338 0.02397 0.02456 0.00547 0.00000 0.05594 0.09113 0.09957 0.10317 0.08857 0.06896 0.03348 0.00103 
245	3	0.21522 0.08674 0.00962 0.00033 0.00058 0.00010 0.00370 0.00004 0.23517 0.30898 0.10873 0.01339 0.00445 0.00306 0.00718 0.00271 
246	3	0.00517 0.04569 0.02402 0.06210 0.05876 0.06458 0.09914 0.00000 0.01816 0.08496 0.13089 0.18351 0.14238 0.05162 0.02664 0.00238 
247	3	0.04988 0.07390 0.03388 0.01695 0.02129 0.01536 0.02128 0.00000 0.09893 0.21815 0.16281 0.11222 0.09351 0.05213 0.02717 0.00253 
248	3	0.02567 0.01628 0.01711 0.31903 0.14131 0.00865 0.02331 0.00000 0.03969 0.07243 0.06730 0.06330 0.06731 0.07458 0.06078 0.00326 
249	3	0.04124 0.13895 0.03716 0.02149 0.01398 0.01059 0.00398 0.00000 0.04978 0.20602 0.20289 0.13948 0.08039 0.03822 0.01470 0.00113 
250	3	0.24167 0.09670 0.05188 0.04224 0.02946 0.01008 0.00649 0.00000 0.06714 0.13686 0.11951 0.08843 0.06077 0.03214 0.01543 0.00121 
251	3	0.04846 0.01544 0.17681 0.07558 0.01980 0.01596 0.01139 0.00000 0.06803 0.11305 0.12910 0.13347 0.10177 0.06718 0.02325 0.00070 
252	3	0.03732 0.05598 0.00600 0.01013 0.10402 0.25024 0.04162 0.00000 0.04727 0.08796 0.05290 0.05877 0.08403 0.10011 0.06089 0.00276 
253	3	0.06708 0.03523 0.00337 0.02800 0.14438 0.16196 0.00416 0.00001 0.07727 0.12480 0.07832 0.08765 0.08823 0.06421 0.03250 0.00285 
254	3	0.03227 0.08419 0.05780 0.03611 0.00396 0.01111 0.17839 0.00000 0.05101 0.15622 0.17986 0.12084 0.04179 0.02039 0.02373 0.00235 
255	3	0.02847 0.04595 0.03640 0.05036 0.05625 0.01051 0.01033 0.00000 0.03858 0.09979 0.14678 0.20879 0.19021 0.06128 0.01511 0.00119 
256	3	0.00664 0.05426 0.09599 0.04985 0.00962 0.00598 0.29069 0.00000 0.02144 0.09342 0.15106 0.10830 0.05837 0.02972 0.02191 0.00274 
257	3	0.04765 0.11000 0.10364 0.03848 0.02466 0.00653 0.05832 0.00000 0.06086 0.15908 0.15849 0.11700 0.07586 0.02445 0.01236 0.00262 
258	3	0.04284 0.04260 0.01616 0.07670 0.02743 0.05225 0.38936 0.00010 0.02421 0.06605 0.06418 0.06325 0.04601 0.04258 0.04329 0.00298 
259	3	0.06782 0.03325 0.04633 0.07271 0.04429 0.03642 0.01156 0.00000 0.05337 0.10518 0.14117 0.15401 0.11828 0.07756 0.03553 0.00252 
260	3	0.04462 0.07614 0.04890 0.03148 0.00590 0.00159 0.01233 0.00000 0.08952 0.21647 0.20638 0.15357 0.07047 0.02452 0.01469 0.00343 
261	3	0.10400 0.04116 0.01997 0.01406 0.12507 0.02385 0.01298 0.00000 0.09058 0.14089 0.11710 0.10868 0.10734 0.06590 0.02633 0.00210 
262	3	0.11413 0.12109 0.07766 0.00977 0.00616 0.02117 0.06441 0.00000 0.06671 0.11379 0.08902 0.07605 0.07670 0.08990 0.06952 0.00392 
263	3	0.02047 0.18500 0.21075 0.16724 0.05240 0.00347 0.00344 0.00000 0.02736 0.06845 0.08136 0.06679 0.06078 0.03440 0.01665 0.00143 
264	3	0.02262 0.04563 0.26988 0.15832 0.17650 0.00768 0.00688 0.00000 0.02669 0.05117 0.05026 0.05055 0.06311 0.04518 0.02424 0.00129 
265	3	0.08067 0.10773 0.03082 0.02594 0.00222 0.01195 0.20756 0.00000 0.07339 0.16058 0.12608 0.08066 0.03784 0.02340 0.02737 0.00378 
266	3	0.04378 0.02739 0.02408 0.03009 0.07468 0.06468 0.01290 0.00000 0.03303 0.10515 0.13697 0.15208 0.15904 0.10306 0.03116 0.00191 
267	3	0.01175 0.05033 0.04457 0.06137 0.05217 0.02162 0.00913 0.00000 0.02101 0.08955 0.14567 0.18376 0.18494 0.09286 0.03019 0.00108 
268	3	0.08120 0.31624 0.05481 0.03587 0.03967 0.00451 0.00602 0.00000 0.04861 0.14383 0.10894 0.07346 0.05299 0.02188 0.01100 0.00098 
269	3	0.12524 0.08981 0.03250 0.01334 0.01350 0.00875 0.01440 0.00000 0.09226 0.16943 0.12996 0.09915 0.09411 0.07085 0.04248 0.00420 
270	3	0.04698 0.00716 0.01135 0.17628 0.12242 0.18597 0.01900 0.00000 0.03774 0.05077 0.05595 0.06193 0.08635 0.10265 0.03507 0.00037 
271	3	0.00422 0.04126 0.01677 0.06497 0.17517 0.24013 0.02772 0.00000 0.01580 0.04995 0.06139 0.08830 0.08814 0.07752 0.04662 0.00202 
272	3	0.07667 0.03027 0.00642 0.16726 0.16596 0.02495 0.02470 0.00000 0.03779 0.07807 0.06775 0.08814 0.09134 0.09173 0.04861 0.00033 
273	3	0.39055 0.03720 0.00891 0.00617 0.00283 0.00099 0.00287 0.00000 0.10391 0.16516 0.11532 0.07466 0.05040 0.02655 0.01381 0.00066 
274	3	0.49103 0.04372 0.00866 0.01522 0.02812 0.00180 0.00267 0.00000 0.06738 0.07861 0.06348 0.07296 0.06063 0.03956 0.02369 0.00248 
275	3	0.03454 0.05499 0.18741 0.00168 0.01869 0.08572 0.00828 0.00000 0.07165 0.11268 0.09281 0.07514 0.10286 0.12436 0.02867 0.00052 
276	3	0.37154 0.03652 0.01468 0.01853 0.01019 0.00093 0.11510 0.00000 0.09616 0.11668 0.08143 0.06150 0.03303 0.01670 0.02258 0.00441 
277	3	0.03718 0.03896 0.02855 0.07842 0.08387 0.01613 0.00881 0.00000 0.02973 0.10609 0.14727 0.19179 0.15698 0.05797 0.01652 0.00171 
278	3	0.05143 0.03334 0.02707 0.09897 0.28397 0.03843 0.00364 0.00000 0.05818 0.09422 0.08201 0.07983 0.07940 0.04975 0.01801 0.00176 
279	3	0.03325 0.13974 0.02895 0.03607 0.19352 0.09131 0.00318 0.00000 0.04224 0.10613 0.09740 0.09001 0.08076 0.04016 0.01640 0.00087 
280	3	0.03820 0.03717 0.00612 0.12705 0.22297 0.03054 0.00152 0.00000 0.04221 0.09447 0.07871 0.10323 0.13058 0.07127 0.01548 0.00047 
281	3	0.07117 0.03553 0.00230 0.01354 0.11562 0.12733 0.00328 0.00000 0.08658 0.11986 0.06717 0.09969 0.13619 0.09830 0.02271 0.00074 
282	3	0.00237 0.02530 0.03017 0.01173 0.00770 0.05373 0.01329 0.00000 0.02064 0.15741 0.26424 0.18979 0.11125 0.07710 0.03429 0.00100 
283	3	0.02110 0.12351 0.02998 0.00196 0.02350 0.05270 0.21373 0.00000 0.04753 0.15631 0.12191 0.05995 0.07336 0.05966 0.01455 0.00024 
284	3	0.01094 0.09548 0.02028 0.00630 0.02315 0.13468 0.02857 0.00000 0.03978 0.13180 0.10990 0.08906 0.12258 0.12841 0.05734 0.00172 
285	3	0.01069 0.03541 0.00971 0.01024 0.08051 0.21684 0.00114 0.00000 0.02854 0.07394 0.08528 0.11907 0.17678 0.12753 0.02387 0.00044 
286	3	0.00963 0.02496 0.00797 0.00444 0.19134 0.19446 0.00260 0.00000 0.03064 0.07725 0.06879 0.07212 0.15063 0.13135 0.03304 0.00078 
287	3	0.01193 0.08203 0.04384 0.01021 0.04305 0.12611 0.00828 0.00000 0.03249 0.13832 0.13654 0.09535 0.13139 0.10846 0.03141 0.00059 
288	3	0.00401 0.02790 0.00498 0.01689 0.16228 0.15466 0.00142 0.00000 0.02672 0.08772 0.09697 0.13697 0.15871 0.09707 0.02291 0.00077 
289	3	0.01912 0.03928 0.00300 0.15777 0.20869 0.00851 0.00266 0.00000 0.03771 0.06631 0.05812 0.14035 0.16038 0.07548 0.02161 0.00102 
290	3	0.00851 0.13801 0.03512 0.00565 0.05126 0.21316 0.00840 0.00000 0.03932 0.18773 0.14345 0.04243 0.05239 0.05150 0.02100 0.00208 
291	3	0.00942 0.04717 0.05626 0.07796 0.08965 0.01399 0.00320 0.00000 0.02136 0.08347 0.11432 0.18086 0.18739 0.08662 0.02659 0.00174 
292	3	0.03015 0.07612 0.01440 0.01080 0.02202 0.05842 0.30246 0.00000 0.02339 0.07424 0.08685 0.10357 0.10650 0.06597 0.02403 0.00108 
293	3	0.00787 0.02088 0.01835 0.03974 0.39687 0.01719 0.01059 0.00007 0.02019 0.06521 0.08858 0.12174 0.11742 0.05259 0.01902 0.00366 
294	3	0.02455 0.05627 0.01726 0.01379 0.07931 0.34000 0.02029 0.00000 0.03393 0.07342 0.07845 0.08912 0.09564 0.06239 0.01429 0.00129 
295	3	0.34408 0.04155 0.11316 0.07789 0.00961 0.00546 0.00351 0.00033 0.04526 0.06739 0.12422 0.11481 0.03160 0.01027 0.00788 0.00298 
296	3	0.00488 0.08184 0.08092 0.10907 0.09211 0.06169 0.01107 0.00003 0.01603 0.09046 0.12703 0.10887 0.10325 0.08042 0.03023 0.00209 
