1000	10	16
0	1	0.00108 0.00000 0.05339 0.00000 0.11185 0.00000 0.11761 0.00000 0.40114 0.00000 0.15112 0.00000 0.14779 0.00000 0.01602 0.00000 
1	1	0.00336 0.00000 0.10163 0.00000 0.11105 0.00000 0.11057 0.00000 0.31034 0.00000 0.18139 0.00000 0.17092 0.00000 0.01074 0.00000 
2	1	0.00002 0.00000 0.01750 0.00000 0.12205 0.00000 0.15820 0.00000 0.19163 0.00000 0.29944 0.00000 0.15700 0.00000 0.05416 0.00000 
3	1	0.00538 0.00000 0.05856 0.00000 0.09412 0.00000 0.08190 0.00000 0.29137 0.00000 0.19790 0.00000 0.19425 0.00000 0.07652 0.00000 
4	1	0.00073 0.00000 0.01388 0.00000 0.15223 0.00000 0.13226 0.00000 0.27909 0.00000 0.17667 0.00000 0.08106 0.00000 0.16407 0.00000 
5	1	0.00005 0.00000 0.00770 0.00000 0.07995 0.00000 0.08730 0.00000 0.20672 0.00000 0.38202 0.00000 0.17500 0.00000 0.06127 0.00000 
6	1	0.00040 0.00000 0.08036 0.00000 0.09848 0.00000 0.33951 0.00000 0.29586 0.00000 0.08658 0.00000 0.08354 0.00000 0.01528 0.00000 
7	1	0.00013 0.00000 0.07382 0.00000 0.07451 0.00000 0.31099 0.00000 0.26064 0.00000 0.06841 0.00000 0.11040 0.00000 0.10108 0.00000 
8	1	0.00017 0.00000 0.01095 0.00000 0.10124 0.00000 0.11545 0.00000 0.33858 0.00000 0.31838 0.00000 0.07024 0.00000 0.04499 0.00000 
9	1	0.00007 0.00000 0.00477 0.00000 0.12894 0.00000 0.11680 0.00000 0.25959 0.00000 0.36087 0.00000 0.07495 0.00000 0.05401 0.00000 
10	1	0.00007 0.00000 0.00499 0.00000 0.04097 0.00000 0.07800 0.00000 0.22358 0.00000 0.29632 0.00000 0.26186 0.00000 0.09420 0.00000 
11	1	0.00002 0.00000 0.00492 0.00000 0.05197 0.00000 0.07266 0.00000 0.23707 0.00000 0.39991 0.00000 0.15981 0.00000 0.07363 0.00000 
12	1	0.00002 0.00000 0.01201 0.00000 0.17882 0.00000 0.12873 0.00000 0.27338 0.00000 0.23000 0.00000 0.12786 0.00000 0.04917 0.00000 
13	1	0.00015 0.00000 0.01896 0.00000 0.16630 0.00000 0.14311 0.00000 0.24850 0.00000 0.26385 0.00000 0.11864 0.00000 0.04048 0.00000 
14	1	0.00003 0.00000 0.03472 0.00000 0.00722 0.00000 0.21139 0.00000 0.19839 0.00000 0.28827 0.00000 0.23788 0.00000 0.02209 0.00000 
15	1	0.00008 0.00000 0.01687 0.00000 0.17044 0.00000 0.13670 0.00000 0.16988 0.00000 0.20632 0.00000 0.22079 0.00000 0.07892 0.00000 
16	1	0.00035 0.00000 0.10007 0.00000 0.14407 0.00000 0.21830 0.00000 0.37473 0.00000 0.08342 0.00000 0.07089 0.00000 0.00817 0.00000 
17	1	0.00010 0.00000 0.12906 0.00000 0.04455 0.00000 0.38107 0.00000 0.25651 0.00000 0.04285 0.00000 0.08764 0.00000 0.05823 0.00000 
18	1	0.00036 0.00000 0.25002 0.00000 0.10242 0.00000 0.19944 0.00000 0.22837 0.00000 0.07553 0.00000 0.10351 0.00000 0.04035 0.00000 
19	1	0.00022 0.00000 0.00840 0.00000 0.04363 0.00000 0.07030 0.00000 0.25932 0.00000 0.40370 0.00000 0.16587 0.00000 0.04855 0.00000 
20	1	0.00001 0.00000 0.10248 0.00000 0.05224 0.00000 0.21629 0.00000 0.31790 0.00000 0.12741 0.00000 0.17535 0.00000 0.00832 0.00000 
21	1	0.00021 0.00000 0.06707 0.00000 0.03617 0.00000 0.21565 0.00000 0.32033 0.00000 0.07924 0.00000 0.24297 0.00000 0.03835 0.00000 
22	1	0.00001 0.00000 0.00751 0.00000 0.07732 0.00000 0.11476 0.00000 0.20090 0.00000 0.36200 0.00000 0.18643 0.00000 0.05108 0.00000 
23	1	0.00006 0.00000 0.00732 0.00000 0.09559 0.00000 0.12495 0.00000 0.16309 0.00000 0.30590 0.00000 0.17125 0.00000 0.13184 0.00000 
24	1	0.00002 0.00000 0.24881 0.00000 0.04705 0.00000 0.19221 0.00000 0.18313 0.00000 0.11258 0.00000 0.18876 0.00000 0.02745 0.00000 
25	1	0.00008 0.00000 0.00836 0.00000 0.05189 0.00000 0.10804 0.00000 0.18985 0.00000 0.39690 0.00000 0.18859 0.00000 0.05628 0.00000 
26	1	0.00003 0.00000 0.01281 0.00000 0.11630 0.00000 0.11446 0.00000 0.21450 0.00000 0.28681 0.00000 0.18036 0.00000 0.07473 0.00000 
27	1	0.01103 0.00000 0.10689 0.00000 0.11123 0.00000 0.10097 0.00000 0.33882 0.00000 0.15701 0.00000 0.12800 0.00000 0.04605 0.00000 
28	1	0.00004 0.00000 0.01512 0.00000 0.11756 0.00000 0.07078 0.00000 0.17181 0.00000 0.36184 0.00000 0.11245 0.00000 0.15040 0.00000 
29	1	0.00005 0.00000 0.15879 0.00000 0.04371 0.00000 0.25195 0.00000 0.27166 0.00000 0.10673 0.00000 0.13282 0.00000 0.03428 0.00000 
30	1	0.00013 0.00000 0.01525 0.00000 0.11759 0.00000 0.06127 0.00000 0.42729 0.00000 0.29485 0.00000 0.07032 0.00000 0.01330 0.00000 
31	1	0.00065 0.00000 0.01388 0.00000 0.09425 0.00000 0.10328 0.00000 0.22810 0.00000 0.35111 0.00000 0.16475 0.00000 0.04398 0.00000 
32	1	0.00024 0.00000 0.16139 0.00000 0.05971 0.00000 0.30385 0.00000 0.26532 0.00000 0.06728 0.00000 0.10085 0.00000 0.04135 0.00000 
33	1	0.00037 0.00000 0.00816 0.00000 0.03901 0.00000 0.05157 0.00000 0.19239 0.00000 0.52406 0.00000 0.15349 0.00000 0.03094 0.00000 
34	1	0.00020 0.00000 0.00668 0.00000 0.02901 0.00000 0.04809 0.00000 0.11833 0.00000 0.43541 0.00000 0.24376 0.00000 0.11851 0.00000 
35	1	0.00043 0.00000 0.11888 0.00000 0.07728 0.00000 0.22106 0.00000 0.27517 0.00000 0.18334 0.00000 0.08458 0.00000 0.03927 0.00000 
36	1	0.00004 0.00000 0.06831 0.00000 0.10647 0.00000 0.25922 0.00000 0.37424 0.00000 0.09081 0.00000 0.07837 0.00000 0.02255 0.00000 
37	1	0.00005 0.00000 0.00817 0.00000 0.16201 0.00000 0.13905 0.00000 0.24522 0.00000 0.28888 0.00000 0.13137 0.00000 0.02526 0.00000 
38	1	0.00001 0.00000 0.01171 0.00000 0.23139 0.00000 0.15951 0.00000 0.24158 0.00000 0.24668 0.00000 0.07949 0.00000 0.02963 0.00000 
39	1	0.00003 0.00000 0.10066 0.00000 0.03969 0.00000 0.23203 0.00000 0.13558 0.00000 0.10126 0.00000 0.18478 0.00000 0.20597 0.00000 
40	1	0.00002 0.00000 0.00267 0.00000 0.18920 0.00000 0.18130 0.00000 0.21370 0.00000 0.19031 0.00000 0.11183 0.00000 0.11097 0.00000 
41	1	0.00003 0.00000 0.10150 0.00000 0.05073 0.00000 0.28430 0.00000 0.17245 0.00000 0.07676 0.00000 0.20365 0.00000 0.11057 0.00000 
42	1	0.01017 0.00000 0.21332 0.00000 0.16986 0.00000 0.11375 0.00000 0.30585 0.00000 0.09702 0.00000 0.07187 0.00000 0.01817 0.00000 
43	1	0.00002 0.00000 0.00711 0.00000 0.08796 0.00000 0.18290 0.00000 0.11941 0.00000 0.17603 0.00000 0.17977 0.00000 0.24681 0.00000 
44	1	0.00001 0.00000 0.00478 0.00000 0.34456 0.00000 0.09795 0.00000 0.18775 0.00000 0.08746 0.00000 0.10430 0.00000 0.17318 0.00000 
45	1	0.00006 0.00000 0.01882 0.00000 0.32251 0.00000 0.17295 0.00000 0.21810 0.00000 0.19483 0.00000 0.05221 0.00000 0.02052 0.00000 
46	1	0.00002 0.00000 0.01374 0.00000 0.35903 0.00000 0.19533 0.00000 0.22758 0.00000 0.12980 0.00000 0.06333 0.00000 0.01116 0.00000 
47	1	0.00010 0.00000 0.00612 0.00000 0.06831 0.00000 0.11604 0.00000 0.20049 0.00000 0.29441 0.00000 0.24367 0.00000 0.07085 0.00000 
48	1	0.00010 0.00000 0.11040 0.00000 0.09607 0.00000 0.34009 0.00000 0.26255 0.00000 0.10831 0.00000 0.06798 0.00000 0.01450 0.00000 
49	1	0.00011 0.00000 0.01430 0.00000 0.08553 0.00000 0.21324 0.00000 0.24578 0.00000 0.24593 0.00000 0.14805 0.00000 0.04706 0.00000 
50	1	0.00025 0.00000 0.03118 0.00000 0.07152 0.00000 0.23098 0.00000 0.33651 0.00000 0.10576 0.00000 0.18687 0.00000 0.03693 0.00000 
51	1	0.00126 0.00000 0.02151 0.00000 0.13617 0.00000 0.15171 0.00000 0.24206 0.00000 0.28735 0.00000 0.11559 0.00000 0.04434 0.00000 
52	1	0.00019 0.00000 0.00744 0.00000 0.04741 0.00000 0.07690 0.00000 0.19831 0.00000 0.35674 0.00000 0.25962 0.00000 0.05338 0.00000 
53	1	0.00024 0.00000 0.00814 0.00000 0.04700 0.00000 0.08193 0.00000 0.17723 0.00000 0.46864 0.00000 0.14519 0.00000 0.07163 0.00000 
54	1	0.00001 0.00000 0.00927 0.00000 0.13692 0.00000 0.10808 0.00000 0.25910 0.00000 0.23204 0.00000 0.15558 0.00000 0.09900 0.00000 
55	1	0.00004 0.00000 0.09772 0.00000 0.08878 0.00000 0.31329 0.00000 0.21657 0.00000 0.09092 0.00000 0.11795 0.00000 0.07473 0.00000 
56	1	0.00024 0.00000 0.06458 0.00000 0.07874 0.00000 0.28013 0.00000 0.30429 0.00000 0.09679 0.00000 0.14348 0.00000 0.03175 0.00000 
57	1	0.00012 0.00000 0.22627 0.00000 0.07815 0.00000 0.26919 0.00000 0.23643 0.00000 0.06583 0.00000 0.09407 0.00000 0.02996 0.00000 
58	1	0.00001 0.00000 0.00346 0.00000 0.12244 0.00000 0.16580 0.00000 0.27069 0.00000 0.30858 0.00000 0.11443 0.00000 0.01459 0.00000 
59	1	0.00006 0.00000 0.01050 0.00000 0.14105 0.00000 0.21076 0.00000 0.18015 0.00000 0.25155 0.00000 0.17877 0.00000 0.02716 0.00000 
60	1	0.00006 0.00000 0.00837 0.00000 0.12895 0.00000 0.13094 0.00000 0.28088 0.00000 0.28337 0.00000 0.11840 0.00000 0.04903 0.00000 
61	1	0.00004 0.00000 0.00953 0.00000 0.09002 0.00000 0.08934 0.00000 0.24319 0.00000 0.38454 0.00000 0.16390 0.00000 0.01944 0.00000 
62	1	0.00012 0.00000 0.08959 0.00000 0.06742 0.00000 0.31634 0.00000 0.33694 0.00000 0.04463 0.00000 0.07004 0.00000 0.07492 0.00000 
63	1	0.00643 0.00000 0.09873 0.00000 0.10111 0.00000 0.06062 0.00000 0.16052 0.00000 0.21927 0.00000 0.18398 0.00000 0.16933 0.00000 
64	1	0.00012 0.00000 0.00875 0.00000 0.10866 0.00000 0.17137 0.00000 0.17548 0.00000 0.27336 0.00000 0.20577 0.00000 0.05650 0.00000 
65	1	0.00016 0.00000 0.10103 0.00000 0.33487 0.00000 0.14509 0.00000 0.18017 0.00000 0.09279 0.00000 0.06459 0.00000 0.08130 0.00000 
66	1	0.00037 0.00000 0.20543 0.00000 0.05536 0.00000 0.17216 0.00000 0.32390 0.00000 0.07666 0.00000 0.15177 0.00000 0.01434 0.00000 
67	1	0.00019 0.00000 0.09677 0.00000 0.06060 0.00000 0.25029 0.00000 0.32392 0.00000 0.13079 0.00000 0.12418 0.00000 0.01325 0.00000 
68	1	0.00012 0.00000 0.10847 0.00000 0.06001 0.00000 0.22422 0.00000 0.18014 0.00000 0.26732 0.00000 0.13988 0.00000 0.01984 0.00000 
69	1	0.00015 0.00000 0.18369 0.00000 0.18743 0.00000 0.32913 0.00000 0.17530 0.00000 0.04544 0.00000 0.06381 0.00000 0.01505 0.00000 
70	1	0.00053 0.00000 0.00795 0.00000 0.03635 0.00000 0.03936 0.00000 0.38246 0.00000 0.42099 0.00000 0.08866 0.00000 0.02370 0.00000 
71	1	0.00023 0.00000 0.00593 0.00000 0.03064 0.00000 0.08230 0.00000 0.12651 0.00000 0.49596 0.00000 0.22225 0.00000 0.03618 0.00000 
72	1	0.00015 0.00000 0.09680 0.00000 0.04922 0.00000 0.21167 0.00000 0.28545 0.00000 0.13116 0.00000 0.19684 0.00000 0.02870 0.00000 
73	1	0.00085 0.00000 0.00799 0.00000 0.02280 0.00000 0.02518 0.00000 0.07968 0.00000 0.08583 0.00000 0.37244 0.00000 0.40524 0.00000 
74	1	0.00001 0.00000 0.00220 0.00000 0.17516 0.00000 0.09470 0.00000 0.29712 0.00000 0.37730 0.00000 0.04124 0.00000 0.01228 0.00000 
75	1	0.00011 0.00000 0.00754 0.00000 0.07118 0.00000 0.13810 0.00000 0.19188 0.00000 0.38078 0.00000 0.15908 0.00000 0.05133 0.00000 
76	1	0.00001 0.00000 0.00694 0.00000 0.16191 0.00000 0.17757 0.00000 0.24858 0.00000 0.20412 0.00000 0.17648 0.00000 0.02439 0.00000 
77	1	0.00013 0.00000 0.00561 0.00000 0.05730 0.00000 0.11151 0.00000 0.22290 0.00000 0.34949 0.00000 0.22457 0.00000 0.02849 0.00000 
78	1	0.00001 0.00000 0.00640 0.00000 0.23578 0.00000 0.18632 0.00000 0.29019 0.00000 0.20571 0.00000 0.06233 0.00000 0.01326 0.00000 
79	1	0.00011 0.00000 0.00564 0.00000 0.01793 0.00000 0.00927 0.00000 0.02757 0.00000 0.05260 0.00000 0.43644 0.00000 0.45044 0.00000 
80	1	0.00003 0.00000 0.01062 0.00000 0.11560 0.00000 0.09470 0.00000 0.29474 0.00000 0.26397 0.00000 0.16414 0.00000 0.05620 0.00000 
81	1	0.00002 0.00000 0.02246 0.00000 0.23183 0.00000 0.17520 0.00000 0.23797 0.00000 0.19283 0.00000 0.09021 0.00000 0.04948 0.00000 
82	1	0.00016 0.00000 0.02017 0.00000 0.18714 0.00000 0.19946 0.00000 0.21509 0.00000 0.22916 0.00000 0.13112 0.00000 0.01769 0.00000 
83	1	0.00004 0.00000 0.00844 0.00000 0.20781 0.00000 0.20240 0.00000 0.21596 0.00000 0.24718 0.00000 0.08754 0.00000 0.03061 0.00000 
84	1	0.00005 0.00000 0.01595 0.00000 0.20418 0.00000 0.15539 0.00000 0.18032 0.00000 0.27231 0.00000 0.12884 0.00000 0.04297 0.00000 
85	1	0.00001 0.00000 0.01594 0.00000 0.21398 0.00000 0.15199 0.00000 0.32574 0.00000 0.19250 0.00000 0.08092 0.00000 0.01891 0.00000 
86	1	0.00024 0.00000 0.00864 0.00000 0.03925 0.00000 0.05476 0.00000 0.13031 0.00000 0.35797 0.00000 0.31636 0.00000 0.09248 0.00000 
87	1	0.00352 0.00000 0.07462 0.00000 0.12539 0.00000 0.15813 0.00000 0.24846 0.00000 0.26491 0.00000 0.09466 0.00000 0.03031 0.00000 
88	1	0.00036 0.00000 0.01390 0.00000 0.07452 0.00000 0.07834 0.00000 0.24982 0.00000 0.44123 0.00000 0.12870 0.00000 0.01313 0.00000 
89	1	0.00056 0.00000 0.02078 0.00000 0.15962 0.00000 0.17716 0.00000 0.28546 0.00000 0.24718 0.00000 0.07617 0.00000 0.03306 0.00000 
90	1	0.00738 0.00000 0.04633 0.00000 0.13950 0.00000 0.08753 0.00000 0.24979 0.00000 0.29997 0.00000 0.08728 0.00000 0.08223 0.00000 
91	1	0.00013 0.00000 0.01113 0.00000 0.15983 0.00000 0.09825 0.00000 0.21280 0.00000 0.32716 0.00000 0.12923 0.00000 0.06147 0.00000 
92	1	0.00001 0.00000 0.00286 0.00000 0.05409 0.00000 0.04645 0.00000 0.29819 0.00000 0.44370 0.00000 0.11588 0.00000 0.03884 0.00000 
93	1	0.00025 0.00000 0.00638 0.00000 0.13118 0.00000 0.11616 0.00000 0.21649 0.00000 0.25614 0.00000 0.19662 0.00000 0.07676 0.00000 
94	1	0.00019 0.00000 0.00752 0.00000 0.05054 0.00000 0.11013 0.00000 0.22610 0.00000 0.38396 0.00000 0.12892 0.00000 0.09264 0.00000 
95	1	0.00008 0.00000 0.00950 0.00000 0.22086 0.00000 0.14088 0.00000 0.15528 0.00000 0.10044 0.00000 0.24131 0.00000 0.13164 0.00000 
96	1	0.00001 0.00000 0.00671 0.00000 0.03479 0.00000 0.08140 0.00000 0.25597 0.00000 0.27588 0.00000 0.24517 0.00000 0.10007 0.00000 
97	1	0.00005 0.00000 0.00527 0.00000 0.03599 0.00000 0.11410 0.00000 0.17866 0.00000 0.54360 0.00000 0.10462 0.00000 0.01771 0.00000 
98	1	0.00026 0.00000 0.00630 0.00000 0.02317 0.00000 0.03459 0.00000 0.21111 0.00000 0.57437 0.00000 0.13121 0.00000 0.01899 0.00000 
99	1	0.00002 0.00000 0.09761 0.00000 0.05610 0.00000 0.29690 0.00000 0.30307 0.00000 0.11450 0.00000 0.11175 0.00000 0.02006 0.00000 
100	2	0.00002 0.00000 0.02192 0.00000 0.08050 0.00000 0.06561 0.00000 0.23356 0.00000 0.36588 0.00000 0.17055 0.00000 0.06196 0.00000 
101	2	0.00006 0.00000 0.00474 0.00000 0.01616 0.00000 0.01119 0.00000 0.07289 0.00000 0.21340 0.00000 0.60662 0.00000 0.07494 0.00000 
102	2	0.00024 0.00000 0.00417 0.00000 0.00963 0.00000 0.01890 0.00000 0.07804 0.00000 0.46611 0.00000 0.40719 0.00000 0.01572 0.00000 
103	2	0.00009 0.00000 0.01388 0.00000 0.04970 0.00000 0.17374 0.00000 0.22792 0.00000 0.35208 0.00000 0.17570 0.00000 0.00690 0.00000 
104	2	0.00017 0.00000 0.00594 0.00000 0.01624 0.00000 0.01021 0.00000 0.04403 0.00000 0.37448 0.00000 0.52717 0.00000 0.02176 0.00000 
105	2	0.00002 0.00000 0.04087 0.00000 0.09917 0.00000 0.30066 0.00000 0.37132 0.00000 0.05893 0.00000 0.12302 0.00000 0.00601 0.00000 
106	2	0.00006 0.00000 0.00660 0.00000 0.01879 0.00000 0.02737 0.00000 0.19241 0.00000 0.29779 0.00000 0.44090 0.00000 0.01607 0.00000 
107	2	0.00098 0.00000 0.01881 0.00000 0.04571 0.00000 0.03138 0.00000 0.14036 0.00000 0.39131 0.00000 0.34959 0.00000 0.02187 0.00000 
108	2	0.00020 0.00000 0.00595 0.00000 0.02545 0.00000 0.03228 0.00000 0.08918 0.00000 0.75188 0.00000 0.08067 0.00000 0.01438 0.00000 
109	2	0.01138 0.00000 0.13636 0.00000 0.13634 0.00000 0.10396 0.00000 0.11389 0.00000 0.28768 0.00000 0.20006 0.00000 0.01031 0.00000 
110	2	0.00010 0.00000 0.02039 0.00000 0.07560 0.00000 0.15744 0.00000 0.35959 0.00000 0.31050 0.00000 0.06416 0.00000 0.01223 0.00000 
111	2	0.00089 0.00000 0.02623 0.00000 0.07402 0.00000 0.08208 0.00000 0.37242 0.00000 0.33341 0.00000 0.08242 0.00000 0.02853 0.00000 
112	2	0.00002 0.00000 0.01166 0.00000 0.02870 0.00000 0.04354 0.00000 0.36122 0.00000 0.36714 0.00000 0.16751 0.00000 0.02022 0.00000 
113	2	0.00069 0.00000 0.01918 0.00000 0.04431 0.00000 0.03700 0.00000 0.17561 0.00000 0.51932 0.00000 0.18736 0.00000 0.01654 0.00000 
114	2	0.00507 0.00000 0.06196 0.00000 0.13332 0.00000 0.12436 0.00000 0.32615 0.00000 0.16428 0.00000 0.10692 0.00000 0.07794 0.00000 
115	2	0.00057 0.00000 0.03426 0.00000 0.12178 0.00000 0.07661 0.00000 0.18051 0.00000 0.20976 0.00000 0.36980 0.00000 0.00671 0.00000 
116	2	0.00009 0.00000 0.01510 0.00000 0.07913 0.00000 0.09534 0.00000 0.34311 0.00000 0.37449 0.00000 0.05933 0.00000 0.03342 0.00000 
117	2	0.00122 0.00000 0.01562 0.00000 0.02712 0.00000 0.02141 0.00000 0.05525 0.00000 0.23352 0.00000 0.49252 0.00000 0.15333 0.00000 
118	2	0.00050 0.00000 0.00734 0.00000 0.00668 0.00000 0.11752 0.00000 0.30079 0.00000 0.16898 0.00000 0.36235 0.00000 0.03584 0.00000 
119	2	0.00060 0.00000 0.02815 0.00000 0.11631 0.00000 0.07829 0.00000 0.09827 0.00000 0.30472 0.00000 0.36707 0.00000 0.00660 0.00000 
120	2	0.00007 0.00000 0.00512 0.00000 0.04534 0.00000 0.01473 0.00000 0.12520 0.00000 0.43880 0.00000 0.35826 0.00000 0.01248 0.00000 
121	2	0.00022 0.00000 0.00368 0.00000 0.03419 0.00000 0.03941 0.00000 0.43643 0.00000 0.32538 0.00000 0.12190 0.00000 0.03879 0.00000 
122	2	0.00005 0.00000 0.00148 0.00000 0.09152 0.00000 0.01529 0.00000 0.24404 0.00000 0.31283 0.00000 0.32787 0.00000 0.00693 0.00000 
123	2	0.00007 0.00000 0.00300 0.00000 0.00372 0.00000 0.03433 0.00000 0.13336 0.00000 0.23114 0.00000 0.58973 0.00000 0.00464 0.00000 
124	2	0.00034 0.00000 0.01802 0.00000 0.03549 0.00000 0.04992 0.00000 0.20344 0.00000 0.41168 0.00000 0.15180 0.00000 0.12931 0.00000 
125	2	0.00004 0.00000 0.00285 0.00000 0.00563 0.00000 0.13579 0.00000 0.33073 0.00000 0.26502 0.00000 0.24891 0.00000 0.01103 0.00000 
126	2	0.00001 0.00000 0.00026 0.00000 0.00174 0.00000 0.01141 0.00000 0.66167 0.00000 0.16689 0.00000 0.15752 0.00000 0.00049 0.00000 
127	2	0.00003 0.00000 0.00312 0.00000 0.01576 0.00000 0.01335 0.00000 0.04752 0.00000 0.56667 0.00000 0.35129 0.00000 0.00227 0.00000 
128	2	0.01006 0.00000 0.04871 0.00000 0.06137 0.00000 0.03738 0.00000 0.14876 0.00000 0.29608 0.00000 0.38627 0.00000 0.01136 0.00000 
129	2	0.00025 0.00000 0.00554 0.00000 0.05500 0.00000 0.03207 0.00000 0.43596 0.00000 0.35117 0.00000 0.08374 0.00000 0.03625 0.00000 
130	2	0.00053 0.00000 0.01067 0.00000 0.00781 0.00000 0.09894 0.00000 0.10469 0.00000 0.26465 0.00000 0.48280 0.00000 0.02992 0.00000 
131	2	0.00047 0.00000 0.01009 0.00000 0.03481 0.00000 0.02095 0.00000 0.04120 0.00000 0.35126 0.00000 0.49687 0.00000 0.04436 0.00000 
132	2	0.00094 0.00000 0.01364 0.00000 0.02171 0.00000 0.15767 0.00000 0.44339 0.00000 0.15141 0.00000 0.19253 0.00000 0.01872 0.00000 
133	2	0.00037 0.00000 0.02785 0.00000 0.07192 0.00000 0.06078 0.00000 0.43368 0.00000 0.23759 0.00000 0.14078 0.00000 0.02704 0.00000 
134	2	0.00002 0.00000 0.01276 0.00000 0.04199 0.00000 0.02752 0.00000 0.24464 0.00000 0.42239 0.00000 0.24443 0.00000 0.00626 0.00000 
135	2	0.00040 0.00000 0.02115 0.00000 0.07697 0.00000 0.28646 0.00000 0.41055 0.00000 0.10836 0.00000 0.08318 0.00000 0.01294 0.00000 
136	2	0.00022 0.00000 0.00824 0.00000 0.01472 0.00000 0.01849 0.00000 0.21357 0.00000 0.54969 0.00000 0.19476 0.00000 0.00030 0.00000 
137	2	0.00010 0.00000 0.00306 0.00000 0.03727 0.00000 0.03482 0.00000 0.07788 0.00000 0.73790 0.00000 0.10141 0.00000 0.00755 0.00000 
138	2	0.00001 0.00000 0.00424 0.00000 0.01309 0.00000 0.00809 0.00000 0.14247 0.00000 0.20568 0.00000 0.61732 0.00000 0.00910 0.00000 
139	2	0.00192 0.00000 0.00871 0.00000 0.03147 0.00000 0.01937 0.00000 0.06910 0.00000 0.42206 0.00000 0.44291 0.00000 0.00446 0.00000 
140	2	0.00092 0.00000 0.03699 0.00000 0.11555 0.00000 0.03248 0.00000 0.16859 0.00000 0.29880 0.00000 0.32137 0.00000 0.02531 0.00000 
141	2	0.00302 0.00000 0.03568 0.00000 0.05421 0.00000 0.36515 0.00000 0.37996 0.00000 0.06343 0.00000 0.08626 0.00000 0.01229 0.00000 
142	2	0.00023 0.00000 0.01261 0.00000 0.09489 0.00000 0.11358 0.00000 0.35841 0.00000 0.33103 0.00000 0.08487 0.00000 0.00437 0.00000 
143	2	0.00015 0.00000 0.01762 0.00000 0.03204 0.00000 0.29880 0.00000 0.34601 0.00000 0.16031 0.00000 0.13715 0.00000 0.00792 0.00000 
144	2	0.00015 0.00000 0.00779 0.00000 0.02616 0.00000 0.05152 0.00000 0.18656 0.00000 0.32131 0.00000 0.29508 0.00000 0.11141 0.00000 
145	2	0.00002 0.00000 0.00047 0.00000 0.07551 0.00000 0.03599 0.00000 0.14031 0.00000 0.41180 0.00000 0.33573 0.00000 0.00016 0.00000 
146	2	0.00003 0.00000 0.00136 0.00000 0.00695 0.00000 0.03401 0.00000 0.31893 0.00000 0.52551 0.00000 0.10973 0.00000 0.00348 0.00000 
147	2	0.00030 0.00000 0.00962 0.00000 0.05981 0.00000 0.07369 0.00000 0.35060 0.00000 0.40744 0.00000 0.09307 0.00000 0.00547 0.00000 
148	2	0.00004 0.00000 0.00064 0.00000 0.01931 0.00000 0.11975 0.00000 0.28757 0.00000 0.20922 0.00000 0.36268 0.00000 0.00079 0.00000 
149	2	0.00001 0.00000 0.00252 0.00000 0.01508 0.00000 0.01588 0.00000 0.10717 0.00000 0.76758 0.00000 0.08555 0.00000 0.00622 0.00000 
150	2	0.00005 0.00000 0.00999 0.00000 0.04199 0.00000 0.03992 0.00000 0.13215 0.00000 0.52613 0.00000 0.23805 0.00000 0.01172 0.00000 
151	2	0.00022 0.00000 0.00813 0.00000 0.07449 0.00000 0.03948 0.00000 0.53441 0.00000 0.30330 0.00000 0.03975 0.00000 0.00020 0.00000 
152	2	0.00004 0.00000 0.00046 0.00000 0.00366 0.00000 0.03381 0.00000 0.07072 0.00000 0.07596 0.00000 0.81500 0.00000 0.00035 0.00000 
153	2	0.00446 0.00000 0.03601 0.00000 0.09622 0.00000 0.07431 0.00000 0.26357 0.00000 0.38055 0.00000 0.13653 0.00000 0.00835 0.00000 
154	2	0.00035 0.00000 0.00466 0.00000 0.02528 0.00000 0.03582 0.00000 0.35664 0.00000 0.22866 0.00000 0.32918 0.00000 0.01942 0.00000 
155	2	0.00024 0.00000 0.00271 0.00000 0.00498 0.00000 0.13755 0.00000 0.61072 0.00000 0.10889 0.00000 0.12348 0.00000 0.01142 0.00000 
156	2	0.00001 0.00000 0.00061 0.00000 0.01740 0.00000 0.03491 0.00000 0.10607 0.00000 0.74607 0.00000 0.08923 0.00000 0.00570 0.00000 
157	2	0.00020 0.00000 0.00402 0.00000 0.00303 0.00000 0.12415 0.00000 0.45669 0.00000 0.22890 0.00000 0.16698 0.00000 0.01603 0.00000 
158	2	0.00008 0.00000 0.01048 0.00000 0.04386 0.00000 0.17592 0.00000 0.11331 0.00000 0.49923 0.00000 0.15674 0.00000 0.00038 0.00000 
159	2	0.00030 0.00000 0.00565 0.00000 0.00429 0.00000 0.04567 0.00000 0.20664 0.00000 0.13046 0.00000 0.59996 0.00000 0.00703 0.00000 
160	2	0.00329 0.00000 0.03148 0.00000 0.12586 0.00000 0.10191 0.00000 0.21965 0.00000 0.23386 0.00000 0.27560 0.00000 0.00835 0.00000 
161	2	0.00001 0.00000 0.00079 0.00000 0.00533 0.00000 0.00782 0.00000 0.05467 0.00000 0.85819 0.00000 0.07110 0.00000 0.00209 0.00000 
162	2	0.00135 0.00000 0.01171 0.00000 0.04644 0.00000 0.06107 0.00000 0.22908 0.00000 0.43174 0.00000 0.21537 0.00000 0.00325 0.00000 
163	2	0.00005 0.00000 0.00079 0.00000 0.00321 0.00000 0.00879 0.00000 0.07349 0.00000 0.17631 0.00000 0.71531 0.00000 0.02204 0.00000 
164	2	0.00008 0.00000 0.00303 0.00000 0.05018 0.00000 0.38866 0.00000 0.18752 0.00000 0.30289 0.00000 0.06266 0.00000 0.00497 0.00000 
165	2	0.00075 0.00000 0.00892 0.00000 0.01772 0.00000 0.08362 0.00000 0.40168 0.00000 0.42919 0.00000 0.05305 0.00000 0.00507 0.00000 
166	2	0.00205 0.00000 0.01587 0.00000 0.05839 0.00000 0.04587 0.00000 0.17936 0.00000 0.48035 0.00000 0.20968 0.00000 0.00843 0.00000 
167	2	0.00146 0.00000 0.04556 0.00000 0.17038 0.00000 0.06116 0.00000 0.31237 0.00000 0.35557 0.00000 0.04945 0.00000 0.00405 0.00000 
168	2	0.00018 0.00000 0.00802 0.00000 0.09859 0.00000 0.08387 0.00000 0.28303 0.00000 0.30949 0.00000 0.21482 0.00000 0.00199 0.00000 
169	2	0.00089 0.00000 0.00697 0.00000 0.07952 0.00000 0.04117 0.00000 0.27243 0.00000 0.37004 0.00000 0.20760 0.00000 0.02139 0.00000 
170	2	0.00137 0.00000 0.01833 0.00000 0.06710 0.00000 0.05878 0.00000 0.36818 0.00000 0.28203 0.00000 0.20231 0.00000 0.00189 0.00000 
171	2	0.00063 0.00000 0.01353 0.00000 0.10175 0.00000 0.11867 0.00000 0.33439 0.00000 0.40524 0.00000 0.02022 0.00000 0.00556 0.00000 
172	2	0.00002 0.00000 0.00415 0.00000 0.04326 0.00000 0.05324 0.00000 0.37217 0.00000 0.44571 0.00000 0.08085 0.00000 0.00059 0.00000 
173	2	0.00025 0.00000 0.00295 0.00000 0.00670 0.00000 0.01149 0.00000 0.39328 0.00000 0.38630 0.00000 0.16739 0.00000 0.03163 0.00000 
174	2	0.00005 0.00000 0.01782 0.00000 0.03133 0.00000 0.14554 0.00000 0.47049 0.00000 0.24669 0.00000 0.06820 0.00000 0.01988 0.00000 
175	2	0.00004 0.00000 0.00475 0.00000 0.10646 0.00000 0.07050 0.00000 0.29343 0.00000 0.35467 0.00000 0.16680 0.00000 0.00337 0.00000 
176	2	0.00004 0.00000 0.00152 0.00000 0.02864 0.00000 0.03841 0.00000 0.14920 0.00000 0.53114 0.00000 0.24303 0.00000 0.00803 0.00000 
177	2	0.00006 0.00000 0.03010 0.00000 0.02811 0.00000 0.11444 0.00000 0.18066 0.00000 0.27372 0.00000 0.36806 0.00000 0.00484 0.00000 
178	2	0.00003 0.00000 0.00205 0.00000 0.06451 0.00000 0.13515 0.00000 0.38943 0.00000 0.22815 0.00000 0.16087 0.00000 0.01980 0.00000 
179	2	0.00044 0.00000 0.06034 0.00000 0.03718 0.00000 0.19179 0.00000 0.23350 0.00000 0.30876 0.00000 0.16656 0.00000 0.00142 0.00000 
180	2	0.00009 0.00000 0.00427 0.00000 0.01507 0.00000 0.02111 0.00000 0.07478 0.00000 0.64635 0.00000 0.23423 0.00000 0.00410 0.00000 
181	2	0.00111 0.00000 0.12524 0.00000 0.06918 0.00000 0.10957 0.00000 0.50837 0.00000 0.10251 0.00000 0.07181 0.00000 0.01221 0.00000 
182	2	0.01007 0.00000 0.13341 0.00000 0.27842 0.00000 0.04337 0.00000 0.19925 0.00000 0.27297 0.00000 0.06191 0.00000 0.00060 0.00000 
183	2	0.00001 0.00000 0.00792 0.00000 0.01381 0.00000 0.33814 0.00000 0.44281 0.00000 0.15225 0.00000 0.04461 0.00000 0.00044 0.00000 
184	2	0.00048 0.00000 0.00573 0.00000 0.02283 0.00000 0.02208 0.00000 0.13362 0.00000 0.38995 0.00000 0.41349 0.00000 0.01182 0.00000 
185	2	0.00010 0.00000 0.00292 0.00000 0.02884 0.00000 0.00955 0.00000 0.10453 0.00000 0.50546 0.00000 0.32963 0.00000 0.01896 0.00000 
186	2	0.00001 0.00000 0.00458 0.00000 0.02079 0.00000 0.03518 0.00000 0.52713 0.00000 0.40492 0.00000 0.00667 0.00000 0.00072 0.00000 
187	2	0.00016 0.00000 0.00356 0.00000 0.10458 0.00000 0.16674 0.00000 0.30093 0.00000 0.32950 0.00000 0.09421 0.00000 0.00032 0.00000 
188	2	0.00277 0.00000 0.01108 0.00000 0.07842 0.00000 0.10851 0.00000 0.35511 0.00000 0.22619 0.00000 0.21770 0.00000 0.00022 0.00000 
189	2	0.00860 0.00000 0.08623 0.00000 0.26934 0.00000 0.12165 0.00000 0.24494 0.00000 0.16604 0.00000 0.10317 0.00000 0.00003 0.00000 
190	2	0.00067 0.00000 0.02161 0.00000 0.04205 0.00000 0.23405 0.00000 0.28603 0.00000 0.20544 0.00000 0.20223 0.00000 0.00791 0.00000 
191	2	0.00122 0.00000 0.01174 0.00000 0.01008 0.00000 0.06419 0.00000 0.22361 0.00000 0.58557 0.00000 0.09838 0.00000 0.00521 0.00000 
192	2	0.00130 0.00000 0.00825 0.00000 0.02641 0.00000 0.01190 0.00000 0.06583 0.00000 0.34671 0.00000 0.52705 0.00000 0.01255 0.00000 
193	2	0.00025 0.00000 0.01033 0.00000 0.07146 0.00000 0.05870 0.00000 0.16290 0.00000 0.37200 0.00000 0.31423 0.00000 0.01013 0.00000 
194	2	0.00005 0.00000 0.00225 0.00000 0.00844 0.00000 0.01329 0.00000 0.13719 0.00000 0.56572 0.00000 0.25411 0.00000 0.01895 0.00000 
195	2	0.00103 0.00000 0.02244 0.00000 0.01982 0.00000 0.02141 0.00000 0.04053 0.00000 0.62636 0.00000 0.26731 0.00000 0.00110 0.00000 
196	2	0.00301 0.00000 0.02585 0.00000 0.11053 0.00000 0.08348 0.00000 0.32762 0.00000 0.19194 0.00000 0.24364 0.00000 0.01394 0.00000 
197	2	0.00769 0.00000 0.04125 0.00000 0.06792 0.00000 0.01495 0.00000 0.26227 0.00000 0.49032 0.00000 0.11537 0.00000 0.00023 0.00000 
198	2	0.00067 0.00000 0.01716 0.00000 0.08298 0.00000 0.01636 0.00000 0.06019 0.00000 0.32953 0.00000 0.49123 0.00000 0.00188 0.00000 
199	2	0.00036 0.00000 0.00069 0.00000 0.08717 0.00000 0.09825 0.00000 0.09860 0.00000 0.44401 0.00000 0.14229 0.00000 0.12863 0.00000 
200	3	0.00483 0.00000 0.08066 0.00000 0.10424 0.00000 0.06293 0.00000 0.22329 0.00000 0.48098 0.00000 0.04280 0.00000 0.00028 0.00000 
201	3	0.00911 0.00000 0.10137 0.00000 0.21017 0.00000 0.07277 0.00000 0.16212 0.00000 0.10534 0.00000 0.33822 0.00000 0.00090 0.00000 
202	3	0.00072 0.00000 0.01547 0.00000 0.06458 0.00000 0.03378 0.00000 0.11637 0.00000 0.17557 0.00000 0.57697 0.00000 0.01654 0.00000 
203	3	0.00276 0.00000 0.06041 0.00000 0.14798 0.00000 0.05279 0.00000 0.13290 0.00000 0.28641 0.00000 0.29934 0.00000 0.01742 0.00000 
204	3	0.00167 0.00000 0.02617 0.00000 0.05627 0.00000 0.03201 0.00000 0.11033 0.00000 0.56894 0.00000 0.19531 0.00000 0.00929 0.00000 
205	3	0.00264 0.00000 0.02163 0.00000 0.05871 0.00000 0.02593 0.00000 0.15445 0.00000 0.47399 0.00000 0.24608 0.00000 0.01657 0.00000 
206	3	0.00455 0.00000 0.12759 0.00000 0.10413 0.00000 0.04660 0.00000 0.21631 0.00000 0.30709 0.00000 0.19275 0.00000 0.00099 0.00000 
207	3	0.00089 0.00000 0.04255 0.00000 0.17431 0.00000 0.06105 0.00000 0.12556 0.00000 0.16940 0.00000 0.27857 0.00000 0.14767 0.00000 
208	3	0.00114 0.00000 0.03771 0.00000 0.24807 0.00000 0.10484 0.00000 0.14795 0.00000 0.24898 0.00000 0.17859 0.00000 0.03273 0.00000 
209	3	0.00004 0.00000 0.00639 0.00000 0.11772 0.00000 0.07814 0.00000 0.28706 0.00000 0.18758 0.00000 0.14097 0.00000 0.18211 0.00000 
210	3	0.00076 0.00000 0.01940 0.00000 0.14380 0.00000 0.12874 0.00000 0.17502 0.00000 0.25275 0.00000 0.10419 0.00000 0.17534 0.00000 
211	3	0.00304 0.00000 0.03307 0.00000 0.15634 0.00000 0.12806 0.00000 0.13476 0.00000 0.19094 0.00000 0.29643 0.00000 0.05736 0.00000 
212	3	0.00154 0.00000 0.03470 0.00000 0.17823 0.00000 0.08775 0.00000 0.17259 0.00000 0.35798 0.00000 0.09920 0.00000 0.06801 0.00000 
213	3	0.00242 0.00000 0.01493 0.00000 0.05877 0.00000 0.24611 0.00000 0.42945 0.00000 0.12881 0.00000 0.11908 0.00000 0.00042 0.00000 
214	3	0.00115 0.00000 0.02123 0.00000 0.09248 0.00000 0.03804 0.00000 0.22810 0.00000 0.49790 0.00000 0.09561 0.00000 0.02549 0.00000 
215	3	0.00345 0.00000 0.03802 0.00000 0.15247 0.00000 0.03631 0.00000 0.09470 0.00000 0.42305 0.00000 0.23979 0.00000 0.01222 0.00000 
216	3	0.00242 0.00000 0.03021 0.00000 0.18374 0.00000 0.12879 0.00000 0.14892 0.00000 0.12017 0.00000 0.29128 0.00000 0.09447 0.00000 
217	3	0.00115 0.00000 0.03395 0.00000 0.20640 0.00000 0.05687 0.00000 0.10540 0.00000 0.31509 0.00000 0.19569 0.00000 0.08545 0.00000 
218	3	0.00082 0.00000 0.03885 0.00000 0.15395 0.00000 0.06109 0.00000 0.10200 0.00000 0.30176 0.00000 0.32738 0.00000 0.01415 0.00000 
219	3	0.00058 0.00000 0.01667 0.00000 0.12246 0.00000 0.04880 0.00000 0.08633 0.00000 0.25893 0.00000 0.45377 0.00000 0.01246 0.00000 
220	3	0.00035 0.00000 0.00556 0.00000 0.01874 0.00000 0.03846 0.00000 0.32847 0.00000 0.31876 0.00000 0.26708 0.00000 0.02258 0.00000 
221	3	0.00683 0.00000 0.02776 0.00000 0.09313 0.00000 0.03045 0.00000 0.13160 0.00000 0.29075 0.00000 0.38462 0.00000 0.03486 0.00000 
222	3	0.00054 0.00000 0.02345 0.00000 0.06337 0.00000 0.05701 0.00000 0.18498 0.00000 0.41215 0.00000 0.24239 0.00000 0.01611 0.00000 
223	3	0.00803 0.00000 0.04348 0.00000 0.34111 0.00000 0.06699 0.00000 0.15271 0.00000 0.15505 0.00000 0.06309 0.00000 0.16956 0.00000 
224	3	0.00082 0.00000 0.01832 0.00000 0.11412 0.00000 0.02786 0.00000 0.21365 0.00000 0.37680 0.00000 0.23402 0.00000 0.01440 0.00000 
225	3	0.00032 0.00000 0.01151 0.00000 0.12386 0.00000 0.07089 0.00000 0.39046 0.00000 0.17745 0.00000 0.20223 0.00000 0.02328 0.00000 
226	3	0.00073 0.00000 0.01799 0.00000 0.07999 0.00000 0.05508 0.00000 0.18285 0.00000 0.31132 0.00000 0.23429 0.00000 0.11775 0.00000 
227	3	0.00113 0.00000 0.04827 0.00000 0.22605 0.00000 0.03729 0.00000 0.23349 0.00000 0.35482 0.00000 0.08774 0.00000 0.01121 0.00000 
228	3	0.00195 0.00000 0.05770 0.00000 0.29020 0.00000 0.05578 0.00000 0.08072 0.00000 0.33988 0.00000 0.15394 0.00000 0.01983 0.00000 
229	3	0.00097 0.00000 0.02847 0.00000 0.16825 0.00000 0.04702 0.00000 0.11039 0.00000 0.36894 0.00000 0.25239 0.00000 0.02357 0.00000 
230	3	0.00102 0.00000 0.03856 0.00000 0.15536 0.00000 0.08623 0.00000 0.10123 0.00000 0.32107 0.00000 0.26827 0.00000 0.02826 0.00000 
231	3	0.00002 0.00000 0.02035 0.00000 0.11714 0.00000 0.16236 0.00000 0.21934 0.00000 0.26686 0.00000 0.19731 0.00000 0.01663 0.00000 
232	3	0.00124 0.00000 0.01665 0.00000 0.12525 0.00000 0.03754 0.00000 0.22310 0.00000 0.34937 0.00000 0.22589 0.00000 0.02096 0.00000 
233	3	0.00073 0.00000 0.01603 0.00000 0.19263 0.00000 0.09712 0.00000 0.27182 0.00000 0.25071 0.00000 0.15606 0.00000 0.01490 0.00000 
234	3	0.00008 0.00000 0.00622 0.00000 0.36305 0.00000 0.03737 0.00000 0.15510 0.00000 0.26997 0.00000 0.16680 0.00000 0.00141 0.00000 
235	3	0.00115 0.00000 0.04161 0.00000 0.09191 0.00000 0.06801 0.00000 0.16105 0.00000 0.47721 0.00000 0.15195 0.00000 0.00711 0.00000 
236	3	0.00003 0.00000 0.01402 0.00000 0.11375 0.00000 0.11974 0.00000 0.28238 0.00000 0.42132 0.00000 0.02867 0.00000 0.02010 0.00000 
237	3	0.00162 0.00000 0.01382 0.00000 0.08911 0.00000 0.07676 0.00000 0.15938 0.00000 0.27037 0.00000 0.36094 0.00000 0.02799 0.00000 
238	3	0.00050 0.00000 0.02820 0.00000 0.11842 0.00000 0.05845 0.00000 0.18173 0.00000 0.42270 0.00000 0.16696 0.00000 0.02304 0.00000 
239	3	0.00122 0.00000 0.01732 0.00000 0.05691 0.00000 0.04442 0.00000 0.07532 0.00000 0.50627 0.00000 0.28221 0.00000 0.01634 0.00000 
240	3	0.00036 0.00000 0.01500 0.00000 0.19183 0.00000 0.10074 0.00000 0.16719 0.00000 0.30438 0.00000 0.18379 0.00000 0.03671 0.00000 
241	3	0.00155 0.00000 0.02249 0.00000 0.08230 0.00000 0.04298 0.00000 0.10681 0.00000 0.44214 0.00000 0.29306 0.00000 0.00868 0.00000 
242	3	0.00069 0.00000 0.01356 0.00000 0.03121 0.00000 0.02733 0.00000 0.11210 0.00000 0.60656 0.00000 0.19783 0.00000 0.01072 0.00000 
243	3	0.00392 0.00000 0.04977 0.00000 0.08401 0.00000 0.05091 0.00000 0.18364 0.00000 0.44795 0.00000 0.15438 0.00000 0.02541 0.00000 
244	3	0.00201 0.00000 0.02383 0.00000 0.12268 0.00000 0.05713 0.00000 0.29870 0.00000 0.33393 0.00000 0.14886 0.00000 0.01285 0.00000 
245	3	0.00183 0.00000 0.11824 0.00000 0.45059 0.00000 0.19952 0.00000 0.18184 0.00000 0.03075 0.00000 0.00626 0.00000 0.01097 0.00000 
246	3	0.00011 0.00000 0.00611 0.00000 0.04372 0.00000 0.04279 0.00000 0.17850 0.00000 0.42361 0.00000 0.21931 0.00000 0.08585 0.00000 
247	3	0.00177 0.00000 0.04248 0.00000 0.17663 0.00000 0.09706 0.00000 0.27994 0.00000 0.25303 0.00000 0.11395 0.00000 0.03515 0.00000 
248	3	0.00107 0.00000 0.01872 0.00000 0.06357 0.00000 0.03955 0.00000 0.09145 0.00000 0.46182 0.00000 0.28646 0.00000 0.03736 0.00000 
249	3	0.00012 0.00000 0.04610 0.00000 0.21603 0.00000 0.13498 0.00000 0.26642 0.00000 0.24199 0.00000 0.08450 0.00000 0.00985 0.00000 
250	3	0.00378 0.00000 0.15070 0.00000 0.20445 0.00000 0.08352 0.00000 0.25120 0.00000 0.20485 0.00000 0.08615 0.00000 0.01535 0.00000 
251	3	0.00204 0.00000 0.04522 0.00000 0.10288 0.00000 0.05529 0.00000 0.31023 0.00000 0.33729 0.00000 0.12926 0.00000 0.01778 0.00000 
252	3	0.00064 0.00000 0.01414 0.00000 0.11702 0.00000 0.04952 0.00000 0.08957 0.00000 0.13450 0.00000 0.55154 0.00000 0.04306 0.00000 
253	3	0.00262 0.00000 0.04647 0.00000 0.15097 0.00000 0.06202 0.00000 0.10587 0.00000 0.20072 0.00000 0.40812 0.00000 0.02320 0.00000 
254	3	0.00162 0.00000 0.02548 0.00000 0.08622 0.00000 0.10744 0.00000 0.26892 0.00000 0.26752 0.00000 0.06408 0.00000 0.17872 0.00000 
255	3	0.00049 0.00000 0.02823 0.00000 0.05711 0.00000 0.06598 0.00000 0.17476 0.00000 0.53494 0.00000 0.11966 0.00000 0.01883 0.00000 
256	3	0.00114 0.00000 0.00602 0.00000 0.04258 0.00000 0.05436 0.00000 0.24442 0.00000 0.27581 0.00000 0.07050 0.00000 0.30518 0.00000 
257	3	0.00038 0.00000 0.02330 0.00000 0.13859 0.00000 0.14152 0.00000 0.28792 0.00000 0.27163 0.00000 0.06693 0.00000 0.06974 0.00000 
258	3	0.00043 0.00000 0.00720 0.00000 0.09062 0.00000 0.04799 0.00000 0.09751 0.00000 0.21699 0.00000 0.26712 0.00000 0.27214 0.00000 
259	3	0.00038 0.00000 0.04465 0.00000 0.11694 0.00000 0.06842 0.00000 0.16306 0.00000 0.39318 0.00000 0.18936 0.00000 0.02402 0.00000 
260	3	0.00169 0.00000 0.03962 0.00000 0.14745 0.00000 0.13395 0.00000 0.29873 0.00000 0.31778 0.00000 0.03658 0.00000 0.02420 0.00000 
261	3	0.00132 0.00000 0.04373 0.00000 0.19934 0.00000 0.08674 0.00000 0.14138 0.00000 0.24863 0.00000 0.25747 0.00000 0.02139 0.00000 
262	3	0.00197 0.00000 0.05568 0.00000 0.16217 0.00000 0.06888 0.00000 0.27018 0.00000 0.16886 0.00000 0.20142 0.00000 0.07083 0.00000 
263	3	0.00031 0.00000 0.01574 0.00000 0.05618 0.00000 0.10837 0.00000 0.39422 0.00000 0.31808 0.00000 0.09486 0.00000 0.01225 0.00000 
264	3	0.00083 0.00000 0.01296 0.00000 0.05240 0.00000 0.04273 0.00000 0.34950 0.00000 0.27710 0.00000 0.24707 0.00000 0.01741 0.00000 
265	3	0.00186 0.00000 0.04163 0.00000 0.16133 0.00000 0.13030 0.00000 0.21203 0.00000 0.16530 0.00000 0.10924 0.00000 0.17831 0.00000 
266	3	0.00095 0.00000 0.01112 0.00000 0.08614 0.00000 0.05203 0.00000 0.17091 0.00000 0.36357 0.00000 0.30087 0.00000 0.01441 0.00000 
267	3	0.00012 0.00000 0.01196 0.00000 0.03592 0.00000 0.07201 0.00000 0.17569 0.00000 0.49622 0.00000 0.19250 0.00000 0.01557 0.00000 
268	3	0.00561 0.00000 0.10037 0.00000 0.15984 0.00000 0.39454 0.00000 0.15933 0.00000 0.12572 0.00000 0.04270 0.00000 0.01188 0.00000 
269	3	0.00190 0.00000 0.06231 0.00000 0.21534 0.00000 0.13616 0.00000 0.18141 0.00000 0.23016 0.00000 0.14349 0.00000 0.02923 0.00000 
270	3	0.00175 0.00000 0.03614 0.00000 0.06113 0.00000 0.02482 0.00000 0.07045 0.00000 0.39030 0.00000 0.40345 0.00000 0.01195 0.00000 
271	3	0.00021 0.00000 0.00621 0.00000 0.03185 0.00000 0.04188 0.00000 0.08696 0.00000 0.43017 0.00000 0.39212 0.00000 0.01060 0.00000 
272	3	0.00069 0.00000 0.01908 0.00000 0.11850 0.00000 0.04564 0.00000 0.09108 0.00000 0.40118 0.00000 0.30772 0.00000 0.01609 0.00000 
273	3	0.00711 0.00000 0.27433 0.00000 0.27136 0.00000 0.10014 0.00000 0.13334 0.00000 0.15783 0.00000 0.04519 0.00000 0.01070 0.00000 
274	3	0.00111 0.00000 0.06430 0.00000 0.55126 0.00000 0.04361 0.00000 0.07545 0.00000 0.17339 0.00000 0.07580 0.00000 0.01509 0.00000 
275	3	0.00097 0.00000 0.03351 0.00000 0.12150 0.00000 0.10958 0.00000 0.26971 0.00000 0.19722 0.00000 0.25978 0.00000 0.00773 0.00000 
276	3	0.00563 0.00000 0.08521 0.00000 0.42870 0.00000 0.05042 0.00000 0.12809 0.00000 0.12084 0.00000 0.04388 0.00000 0.13724 0.00000 
277	3	0.00044 0.00000 0.01323 0.00000 0.07778 0.00000 0.06960 0.00000 0.17704 0.00000 0.51252 0.00000 0.13538 0.00000 0.01401 0.00000 
278	3	0.00123 0.00000 0.01670 0.00000 0.13607 0.00000 0.04121 0.00000 0.11987 0.00000 0.27307 0.00000 0.39719 0.00000 0.01466 0.00000 
279	3	0.00036 0.00000 0.01698 0.00000 0.10314 0.00000 0.11698 0.00000 0.18108 0.00000 0.23957 0.00000 0.33626 0.00000 0.00563 0.00000 
280	3	0.00160 0.00000 0.01991 0.00000 0.09707 0.00000 0.04695 0.00000 0.11825 0.00000 0.40185 0.00000 0.30834 0.00000 0.00605 0.00000 
281	3	0.00060 0.00000 0.03276 0.00000 0.20261 0.00000 0.04989 0.00000 0.08914 0.00000 0.25788 0.00000 0.36238 0.00000 0.00475 0.00000 
282	3	0.00063 0.00000 0.00904 0.00000 0.04130 0.00000 0.08698 0.00000 0.27990 0.00000 0.36924 0.00000 0.20032 0.00000 0.01259 0.00000 
283	3	0.00037 0.00000 0.01943 0.00000 0.10550 0.00000 0.14386 0.00000 0.20987 0.00000 0.13602 0.00000 0.32417 0.00000 0.06079 0.00000 
284	3	0.00047 0.00000 0.01899 0.00000 0.07402 0.00000 0.11249 0.00000 0.17837 0.00000 0.23728 0.00000 0.35029 0.00000 0.02810 0.00000 
285	3	0.00054 0.00000 0.01464 0.00000 0.04913 0.00000 0.05467 0.00000 0.09691 0.00000 0.35180 0.00000 0.42611 0.00000 0.00621 0.00000 
286	3	0.00058 0.00000 0.01839 0.00000 0.04587 0.00000 0.05326 0.00000 0.08394 0.00000 0.25858 0.00000 0.52921 0.00000 0.01017 0.00000 
287	3	0.00056 0.00000 0.01441 0.00000 0.06809 0.00000 0.07570 0.00000 0.26447 0.00000 0.22777 0.00000 0.33055 0.00000 0.01844 0.00000 
288	3	0.00101 0.00000 0.01355 0.00000 0.03583 0.00000 0.04773 0.00000 0.12042 0.00000 0.31372 0.00000 0.45712 0.00000 0.01062 0.00000 
289	3	0.00052 0.00000 0.01289 0.00000 0.08621 0.00000 0.03352 0.00000 0.06911 0.00000 0.52781 0.00000 0.25835 0.00000 0.01159 0.00000 
290	3	0.00059 0.00000 0.01418 0.00000 0.08082 0.00000 0.13807 0.00000 0.29099 0.00000 0.11741 0.00000 0.34339 0.00000 0.01455 0.00000 
291	3	0.00092 0.00000 0.00885 0.00000 0.04937 0.00000 0.04770 0.00000 0.21677 0.00000 0.50378 0.00000 0.16479 0.00000 0.00782 0.00000 
292	3	0.00016 0.00000 0.00907 0.00000 0.09078 0.00000 0.06996 0.00000 0.10266 0.00000 0.25386 0.00000 0.25642 0.00000 0.21709 0.00000 
293	3	0.00068 0.00000 0.00827 0.00000 0.03568 0.00000 0.02937 0.00000 0.12648 0.00000 0.35648 0.00000 0.42710 0.00000 0.01595 0.00000 
294	3	0.00058 0.00000 0.00631 0.00000 0.09094 0.00000 0.05580 0.00000 0.10737 0.00000 0.22014 0.00000 0.49324 0.00000 0.02562 0.00000 
295	3	0.00105 0.00000 0.02253 0.00000 0.40469 0.00000 0.02584 0.00000 0.33351 0.00000 0.16762 0.00000 0.03502 0.00000 0.00974 0.00000 
296	3	0.00008 0.00000 0.00270 0.00000 0.05691 0.00000 0.06991 0.00000 0.27634 0.00000 0.30170 0.00000 0.27585 0.00000 0.01653 0.00000 
