1000	10	8
0	1	0.00108 0.05339 0.11185 0.11761 0.40114 0.15112 0.14779 0.01602 
1	1	0.00336 0.10163 0.11105 0.11057 0.31034 0.18139 0.17092 0.01074 
2	1	0.00002 0.01750 0.12205 0.15820 0.19163 0.29944 0.15700 0.05416 
3	1	0.00538 0.05856 0.09412 0.08190 0.29137 0.19790 0.19425 0.07652 
4	1	0.00073 0.01388 0.15223 0.13226 0.27909 0.17667 0.08106 0.16407 
5	1	0.00005 0.00770 0.07995 0.08730 0.20672 0.38202 0.17500 0.06127 
6	1	0.00040 0.08036 0.09848 0.33951 0.29586 0.08658 0.08354 0.01528 
7	1	0.00013 0.07382 0.07451 0.31099 0.26064 0.06841 0.11040 0.10108 
8	1	0.00017 0.01095 0.10124 0.11545 0.33858 0.31838 0.07024 0.04499 
9	1	0.00007 0.00477 0.12894 0.11680 0.25959 0.36087 0.07495 0.05401 
10	1	0.00007 0.00499 0.04097 0.07800 0.22358 0.29632 0.26186 0.09420 
11	1	0.00002 0.00492 0.05197 0.07266 0.23707 0.39991 0.15981 0.07363 
12	1	0.00002 0.01201 0.17882 0.12873 0.27338 0.23000 0.12786 0.04917 
13	1	0.00015 0.01896 0.16630 0.14311 0.24850 0.26385 0.11864 0.04048 
14	1	0.00003 0.03472 0.00722 0.21139 0.19839 0.28827 0.23788 0.02209 
15	1	0.00008 0.01687 0.17044 0.13670 0.16988 0.20632 0.22079 0.07892 
16	1	0.00035 0.10007 0.14407 0.21830 0.37473 0.08342 0.07089 0.00817 
17	1	0.00010 0.12906 0.04455 0.38107 0.25651 0.04285 0.08764 0.05823 
18	1	0.00036 0.25002 0.10242 0.19944 0.22837 0.07553 0.10351 0.04035 
19	1	0.00022 0.00840 0.04363 0.07030 0.25932 0.40370 0.16587 0.04855 
20	1	0.00001 0.10248 0.05224 0.21629 0.31790 0.12741 0.17535 0.00832 
21	1	0.00021 0.06707 0.03617 0.21565 0.32033 0.07924 0.24297 0.03835 
22	1	0.00001 0.00751 0.07732 0.11476 0.20090 0.36200 0.18643 0.05108 
23	1	0.00006 0.00732 0.09559 0.12495 0.16309 0.30590 0.17125 0.13184 
24	1	0.00002 0.24881 0.04705 0.19221 0.18313 0.11258 0.18876 0.02745 
25	1	0.00008 0.00836 0.05189 0.10804 0.18985 0.39690 0.18859 0.05628 
26	1	0.00003 0.01281 0.11630 0.11446 0.21450 0.28681 0.18036 0.07473 
27	1	0.01103 0.10689 0.11123 0.10097 0.33882 0.15701 0.12800 0.04605 
28	1	0.00004 0.01512 0.11756 0.07078 0.17181 0.36184 0.11245 0.15040 
29	1	0.00005 0.15879 0.04371 0.25195 0.27166 0.10673 0.13282 0.03428 
30	1	0.00013 0.01525 0.11759 0.06127 0.42729 0.29485 0.07032 0.01330 
31	1	0.00065 0.01388 0.09425 0.10328 0.22810 0.35111 0.16475 0.04398 
32	1	0.00024 0.16139 0.05971 0.30385 0.26532 0.06728 0.10085 0.04135 
33	1	0.00037 0.00816 0.03901 0.05157 0.19239 0.52406 0.15349 0.03094 
34	1	0.00020 0.00668 0.02901 0.04809 0.11833 0.43541 0.24376 0.11851 
35	1	0.00043 0.11888 0.07728 0.22106 0.27517 0.18334 0.08458 0.03927 
36	1	0.00004 0.06831 0.10647 0.25922 0.37424 0.09081 0.07837 0.02255 
37	1	0.00005 0.00817 0.16201 0.13905 0.24522 0.28888 0.13137 0.02526 
38	1	0.00001 0.01171 0.23139 0.15951 0.24158 0.24668 0.07949 0.02963 
39	1	0.00003 0.10066 0.03969 0.23203 0.13558 0.10126 0.18478 0.20597 
40	1	0.00002 0.00267 0.18920 0.18130 0.21370 0.19031 0.11183 0.11097 
41	1	0.00003 0.10150 0.05073 0.28430 0.17245 0.07676 0.20365 0.11057 
42	1	0.01017 0.21332 0.16986 0.11375 0.30585 0.09702 0.07187 0.01817 
43	1	0.00002 0.00711 0.08796 0.18290 0.11941 0.17603 0.17977 0.24681 
44	1	0.00001 0.00478 0.34456 0.09795 0.18775 0.08746 0.10430 0.17318 
45	1	0.00006 0.01882 0.32251 0.17295 0.21810 0.19483 0.05221 0.02052 
46	1	0.00002 0.01374 0.35903 0.19533 0.22758 0.12980 0.06333 0.01116 
47	1	0.00010 0.00612 0.06831 0.11604 0.20049 0.29441 0.24367 0.07085 
48	1	0.00010 0.11040 0.09607 0.34009 0.26255 0.10831 0.06798 0.01450 
49	1	0.00011 0.01430 0.08553 0.21324 0.24578 0.24593 0.14805 0.04706 
50	1	0.00025 0.03118 0.07152 0.23098 0.33651 0.10576 0.18687 0.03693 
51	1	0.00126 0.02151 0.13617 0.15171 0.24206 0.28735 0.11559 0.04434 
52	1	0.00019 0.00744 0.04741 0.07690 0.19831 0.35674 0.25962 0.05338 
53	1	0.00024 0.00814 0.04700 0.08193 0.17723 0.46864 0.14519 0.07163 
54	1	0.00001 0.00927 0.13692 0.10808 0.25910 0.23204 0.15558 0.09900 
55	1	0.00004 0.09772 0.08878 0.31329 0.21657 0.09092 0.11795 0.07473 
56	1	0.00024 0.06458 0.07874 0.28013 0.30429 0.09679 0.14348 0.03175 
57	1	0.00012 0.22627 0.07815 0.26919 0.23643 0.06583 0.09407 0.02996 
58	1	0.00001 0.00346 0.12244 0.16580 0.27069 0.30858 0.11443 0.01459 
59	1	0.00006 0.01050 0.14105 0.21076 0.18015 0.25155 0.17877 0.02716 
60	1	0.00006 0.00837 0.12895 0.13094 0.28088 0.28337 0.11840 0.04903 
61	1	0.00004 0.00953 0.09002 0.08934 0.24319 0.38454 0.16390 0.01944 
62	1	0.00012 0.08959 0.06742 0.31634 0.33694 0.04463 0.07004 0.07492 
63	1	0.00643 0.09873 0.10111 0.06062 0.16052 0.21927 0.18398 0.16933 
64	1	0.00012 0.00875 0.10866 0.17137 0.17548 0.27336 0.20577 0.05650 
65	1	0.00016 0.10103 0.33487 0.14509 0.18017 0.09279 0.06459 0.08130 
66	1	0.00037 0.20543 0.05536 0.17216 0.32390 0.07666 0.15177 0.01434 
67	1	0.00019 0.09677 0.06060 0.25029 0.32392 0.13079 0.12418 0.01325 
68	1	0.00012 0.10847 0.06001 0.22422 0.18014 0.26732 0.13988 0.01984 
69	1	0.00015 0.18369 0.18743 0.32913 0.17530 0.04544 0.06381 0.01505 
70	1	0.00053 0.00795 0.03635 0.03936 0.38246 0.42099 0.08866 0.02370 
71	1	0.00023 0.00593 0.03064 0.08230 0.12651 0.49596 0.22225 0.03618 
72	1	0.00015 0.09680 0.04922 0.21167 0.28545 0.13116 0.19684 0.02870 
73	1	0.00085 0.00799 0.02280 0.02518 0.07968 0.08583 0.37244 0.40524 
74	1	0.00001 0.00220 0.17516 0.09470 0.29712 0.37730 0.04124 0.01228 
75	1	0.00011 0.00754 0.07118 0.13810 0.19188 0.38078 0.15908 0.05133 
76	1	0.00001 0.00694 0.16191 0.17757 0.24858 0.20412 0.17648 0.02439 
77	1	0.00013 0.00561 0.05730 0.11151 0.22290 0.34949 0.22457 0.02849 
78	1	0.00001 0.00640 0.23578 0.18632 0.29019 0.20571 0.06233 0.01326 
79	1	0.00011 0.00564 0.01793 0.00927 0.02757 0.05260 0.43644 0.45044 
80	1	0.00003 0.01062 0.11560 0.09470 0.29474 0.26397 0.16414 0.05620 
81	1	0.00002 0.02246 0.23183 0.17520 0.23797 0.19283 0.09021 0.04948 
82	1	0.00016 0.02017 0.18714 0.19946 0.21509 0.22916 0.13112 0.01769 
83	1	0.00004 0.00844 0.20781 0.20240 0.21596 0.24718 0.08754 0.03061 
84	1	0.00005 0.01595 0.20418 0.15539 0.18032 0.27231 0.12884 0.04297 
85	1	0.00001 0.01594 0.21398 0.15199 0.32574 0.19250 0.08092 0.01891 
86	1	0.00024 0.00864 0.03925 0.05476 0.13031 0.35797 0.31636 0.09248 
87	1	0.00352 0.07462 0.12539 0.15813 0.24846 0.26491 0.09466 0.03031 
88	1	0.00036 0.01390 0.07452 0.07834 0.24982 0.44123 0.12870 0.01313 
89	1	0.00056 0.02078 0.15962 0.17716 0.28546 0.24718 0.07617 0.03306 
90	1	0.00738 0.04633 0.13950 0.08753 0.24979 0.29997 0.08728 0.08223 
91	1	0.00013 0.01113 0.15983 0.09825 0.21280 0.32716 0.12923 0.06147 
92	1	0.00001 0.00286 0.05409 0.04645 0.29819 0.44370 0.11588 0.03884 
93	1	0.00025 0.00638 0.13118 0.11616 0.21649 0.25614 0.19662 0.07676 
94	1	0.00019 0.00752 0.05054 0.11013 0.22610 0.38396 0.12892 0.09264 
95	1	0.00008 0.00950 0.22086 0.14088 0.15528 0.10044 0.24131 0.13164 
96	1	0.00001 0.00671 0.03479 0.08140 0.25597 0.27588 0.24517 0.10007 
97	1	0.00005 0.00527 0.03599 0.11410 0.17866 0.54360 0.10462 0.01771 
98	1	0.00026 0.00630 0.02317 0.03459 0.21111 0.57437 0.13121 0.01899 
99	1	0.00002 0.09761 0.05610 0.29690 0.30307 0.11450 0.11175 0.02006 
100	2	0.00002 0.02192 0.08050 0.06561 0.23356 0.36588 0.17055 0.06196 
101	2	0.00006 0.00474 0.01616 0.01119 0.07289 0.21340 0.60662 0.07494 
102	2	0.00024 0.00417 0.00963 0.01890 0.07804 0.46611 0.40719 0.01572 
103	2	0.00009 0.01388 0.04970 0.17374 0.22792 0.35208 0.17570 0.00690 
104	2	0.00017 0.00594 0.01624 0.01021 0.04403 0.37448 0.52717 0.02176 
105	2	0.00002 0.04087 0.09917 0.30066 0.37132 0.05893 0.12302 0.00601 
106	2	0.00006 0.00660 0.01879 0.02737 0.19241 0.29779 0.44090 0.01607 
107	2	0.00098 0.01881 0.04571 0.03138 0.14036 0.39131 0.34959 0.02187 
108	2	0.00020 0.00595 0.02545 0.03228 0.08918 0.75188 0.08067 0.01438 
109	2	0.01138 0.13636 0.13634 0.10396 0.11389 0.28768 0.20006 0.01031 
110	2	0.00010 0.02039 0.07560 0.15744 0.35959 0.31050 0.06416 0.01223 
111	2	0.00089 0.02623 0.07402 0.08208 0.37242 0.33341 0.08242 0.02853 
112	2	0.00002 0.01166 0.02870 0.04354 0.36122 0.36714 0.16751 0.02022 
113	2	0.00069 0.01918 0.04431 0.03700 0.17561 0.51932 0.18736 0.01654 
114	2	0.00507 0.06196 0.13332 0.12436 0.32615 0.16428 0.10692 0.07794 
115	2	0.00057 0.03426 0.12178 0.07661 0.18051 0.20976 0.36980 0.00671 
116	2	0.00009 0.01510 0.07913 0.09534 0.34311 0.37449 0.05933 0.03342 
117	2	0.00122 0.01562 0.02712 0.02141 0.05525 0.23352 0.49252 0.15333 
118	2	0.00050 0.00734 0.00668 0.11752 0.30079 0.16898 0.36235 0.03584 
119	2	0.00060 0.02815 0.11631 0.07829 0.09827 0.30472 0.36707 0.00660 
120	2	0.00007 0.00512 0.04534 0.01473 0.12520 0.43880 0.35826 0.01248 
121	2	0.00022 0.00368 0.03419 0.03941 0.43643 0.32538 0.12190 0.03879 
122	2	0.00005 0.00148 0.09152 0.01529 0.24404 0.31283 0.32787 0.00693 
123	2	0.00007 0.00300 0.00372 0.03433 0.13336 0.23114 0.58973 0.00464 
124	2	0.00034 0.01802 0.03549 0.04992 0.20344 0.41168 0.15180 0.12931 
125	2	0.00004 0.00285 0.00563 0.13579 0.33073 0.26502 0.24891 0.01103 
126	2	0.00001 0.00026 0.00174 0.01141 0.66167 0.16689 0.15752 0.00049 
127	2	0.00003 0.00312 0.01576 0.01335 0.04752 0.56667 0.35129 0.00227 
128	2	0.01006 0.04871 0.06137 0.03738 0.14876 0.29608 0.38627 0.01136 
129	2	0.00025 0.00554 0.05500 0.03207 0.43596 0.35117 0.08374 0.03625 
130	2	0.00053 0.01067 0.00781 0.09894 0.10469 0.26465 0.48280 0.02992 
131	2	0.00047 0.01009 0.03481 0.02095 0.04120 0.35126 0.49687 0.04436 
132	2	0.00094 0.01364 0.02171 0.15767 0.44339 0.15141 0.19253 0.01872 
133	2	0.00037 0.02785 0.07192 0.06078 0.43368 0.23759 0.14078 0.02704 
134	2	0.00002 0.01276 0.04199 0.02752 0.24464 0.42239 0.24443 0.00626 
135	2	0.00040 0.02115 0.07697 0.28646 0.41055 0.10836 0.08318 0.01294 
136	2	0.00022 0.00824 0.01472 0.01849 0.21357 0.54969 0.19476 0.00030 
137	2	0.00010 0.00306 0.03727 0.03482 0.07788 0.73790 0.10141 0.00755 
138	2	0.00001 0.00424 0.01309 0.00809 0.14247 0.20568 0.61732 0.00910 
139	2	0.00192 0.00871 0.03147 0.01937 0.06910 0.42206 0.44291 0.00446 
140	2	0.00092 0.03699 0.11555 0.03248 0.16859 0.29880 0.32137 0.02531 
141	2	0.00302 0.03568 0.05421 0.36515 0.37996 0.06343 0.08626 0.01229 
142	2	0.00023 0.01261 0.09489 0.11358 0.35841 0.33103 0.08487 0.00437 
143	2	0.00015 0.01762 0.03204 0.29880 0.34601 0.16031 0.13715 0.00792 
144	2	0.00015 0.00779 0.02616 0.05152 0.18656 0.32131 0.29508 0.11141 
145	2	0.00002 0.00047 0.07551 0.03599 0.14031 0.41180 0.33573 0.00016 
146	2	0.00003 0.00136 0.00695 0.03401 0.31893 0.52551 0.10973 0.00348 
147	2	0.00030 0.00962 0.05981 0.07369 0.35060 0.40744 0.09307 0.00547 
148	2	0.00004 0.00064 0.01931 0.11975 0.28757 0.20922 0.36268 0.00079 
149	2	0.00001 0.00252 0.01508 0.01588 0.10717 0.76758 0.08555 0.00622 
150	2	0.00005 0.00999 0.04199 0.03992 0.13215 0.52613 0.23805 0.01172 
151	2	0.00022 0.00813 0.07449 0.03948 0.53441 0.30330 0.03975 0.00020 
152	2	0.00004 0.00046 0.00366 0.03381 0.07072 0.07596 0.81500 0.00035 
153	2	0.00446 0.03601 0.09622 0.07431 0.26357 0.38055 0.13653 0.00835 
154	2	0.00035 0.00466 0.02528 0.03582 0.35664 0.22866 0.32918 0.01942 
155	2	0.00024 0.00271 0.00498 0.13755 0.61072 0.10889 0.12348 0.01142 
156	2	0.00001 0.00061 0.01740 0.03491 0.10607 0.74607 0.08923 0.00570 
157	2	0.00020 0.00402 0.00303 0.12415 0.45669 0.22890 0.16698 0.01603 
158	2	0.00008 0.01048 0.04386 0.17592 0.11331 0.49923 0.15674 0.00038 
159	2	0.00030 0.00565 0.00429 0.04567 0.20664 0.13046 0.59996 0.00703 
160	2	0.00329 0.03148 0.12586 0.10191 0.21965 0.23386 0.27560 0.00835 
161	2	0.00001 0.00079 0.00533 0.00782 0.05467 0.85819 0.07110 0.00209 
162	2	0.00135 0.01171 0.04644 0.06107 0.22908 0.43174 0.21537 0.00325 
163	2	0.00005 0.00079 0.00321 0.00879 0.07349 0.17631 0.71531 0.02204 
164	2	0.00008 0.00303 0.05018 0.38866 0.18752 0.30289 0.06266 0.00497 
165	2	0.00075 0.00892 0.01772 0.08362 0.40168 0.42919 0.05305 0.00507 
166	2	0.00205 0.01587 0.05839 0.04587 0.17936 0.48035 0.20968 0.00843 
167	2	0.00146 0.04556 0.17038 0.06116 0.31237 0.35557 0.04945 0.00405 
168	2	0.00018 0.00802 0.09859 0.08387 0.28303 0.30949 0.21482 0.00199 
169	2	0.00089 0.00697 0.07952 0.04117 0.27243 0.37004 0.20760 0.02139 
170	2	0.00137 0.01833 0.06710 0.05878 0.36818 0.28203 0.20231 0.00189 
171	2	0.00063 0.01353 0.10175 0.11867 0.33439 0.40524 0.02022 0.00556 
172	2	0.00002 0.00415 0.04326 0.05324 0.37217 0.44571 0.08085 0.00059 
173	2	0.00025 0.00295 0.00670 0.01149 0.39328 0.38630 0.16739 0.03163 
174	2	0.00005 0.01782 0.03133 0.14554 0.47049 0.24669 0.06820 0.01988 
175	2	0.00004 0.00475 0.10646 0.07050 0.29343 0.35467 0.16680 0.00337 
176	2	0.00004 0.00152 0.02864 0.03841 0.14920 0.53114 0.24303 0.00803 
177	2	0.00006 0.03010 0.02811 0.11444 0.18066 0.27372 0.36806 0.00484 
178	2	0.00003 0.00205 0.06451 0.13515 0.38943 0.22815 0.16087 0.01980 
179	2	0.00044 0.06034 0.03718 0.19179 0.23350 0.30876 0.16656 0.00142 
180	2	0.00009 0.00427 0.01507 0.02111 0.07478 0.64635 0.23423 0.00410 
181	2	0.00111 0.12524 0.06918 0.10957 0.50837 0.10251 0.07181 0.01221 
182	2	0.01007 0.13341 0.27842 0.04337 0.19925 0.27297 0.06191 0.00060 
183	2	0.00001 0.00792 0.01381 0.33814 0.44281 0.15225 0.04461 0.00044 
184	2	0.00048 0.00573 0.02283 0.02208 0.13362 0.38995 0.41349 0.01182 
185	2	0.00010 0.00292 0.02884 0.00955 0.10453 0.50546 0.32963 0.01896 
186	2	0.00001 0.00458 0.02079 0.03518 0.52713 0.40492 0.00667 0.00072 
187	2	0.00016 0.00356 0.10458 0.16674 0.30093 0.32950 0.09421 0.00032 
188	2	0.00277 0.01108 0.07842 0.10851 0.35511 0.22619 0.21770 0.00022 
189	2	0.00860 0.08623 0.26934 0.12165 0.24494 0.16604 0.10317 0.00003 
190	2	0.00067 0.02161 0.04205 0.23405 0.28603 0.20544 0.20223 0.00791 
191	2	0.00122 0.01174 0.01008 0.06419 0.22361 0.58557 0.09838 0.00521 
192	2	0.00130 0.00825 0.02641 0.01190 0.06583 0.34671 0.52705 0.01255 
193	2	0.00025 0.01033 0.07146 0.05870 0.16290 0.37200 0.31423 0.01013 
194	2	0.00005 0.00225 0.00844 0.01329 0.13719 0.56572 0.25411 0.01895 
195	2	0.00103 0.02244 0.01982 0.02141 0.04053 0.62636 0.26731 0.00110 
196	2	0.00301 0.02585 0.11053 0.08348 0.32762 0.19194 0.24364 0.01394 
197	2	0.00769 0.04125 0.06792 0.01495 0.26227 0.49032 0.11537 0.00023 
198	2	0.00067 0.01716 0.08298 0.01636 0.06019 0.32953 0.49123 0.00188 
199	2	0.00036 0.00069 0.08717 0.09825 0.09860 0.44401 0.14229 0.12863 
200	3	0.00483 0.08066 0.10424 0.06293 0.22329 0.48098 0.04280 0.00028 
201	3	0.00911 0.10137 0.21017 0.07277 0.16212 0.10534 0.33822 0.00090 
202	3	0.00072 0.01547 0.06458 0.03378 0.11637 0.17557 0.57697 0.01654 
203	3	0.00276 0.06041 0.14798 0.05279 0.13290 0.28641 0.29934 0.01742 
204	3	0.00167 0.02617 0.05627 0.03201 0.11033 0.56894 0.19531 0.00929 
205	3	0.00264 0.02163 0.05871 0.02593 0.15445 0.47399 0.24608 0.01657 
206	3	0.00455 0.12759 0.10413 0.04660 0.21631 0.30709 0.19275 0.00099 
207	3	0.00089 0.04255 0.17431 0.06105 0.12556 0.16940 0.27857 0.14767 
208	3	0.00114 0.03771 0.24807 0.10484 0.14795 0.24898 0.17859 0.03273 
209	3	0.00004 0.00639 0.11772 0.07814 0.28706 0.18758 0.14097 0.18211 
210	3	0.00076 0.01940 0.14380 0.12874 0.17502 0.25275 0.10419 0.17534 
211	3	0.00304 0.03307 0.15634 0.12806 0.13476 0.19094 0.29643 0.05736 
212	3	0.00154 0.03470 0.17823 0.08775 0.17259 0.35798 0.09920 0.06801 
213	3	0.00242 0.01493 0.05877 0.24611 0.42945 0.12881 0.11908 0.00042 
214	3	0.00115 0.02123 0.09248 0.03804 0.22810 0.49790 0.09561 0.02549 
215	3	0.00345 0.03802 0.15247 0.03631 0.09470 0.42305 0.23979 0.01222 
216	3	0.00242 0.03021 0.18374 0.12879 0.14892 0.12017 0.29128 0.09447 
217	3	0.00115 0.03395 0.20640 0.05687 0.10540 0.31509 0.19569 0.08545 
218	3	0.00082 0.03885 0.15395 0.06109 0.10200 0.30176 0.32738 0.01415 
219	3	0.00058 0.01667 0.12246 0.04880 0.08633 0.25893 0.45377 0.01246 
220	3	0.00035 0.00556 0.01874 0.03846 0.32847 0.31876 0.26708 0.02258 
221	3	0.00683 0.02776 0.09313 0.03045 0.13160 0.29075 0.38462 0.03486 
222	3	0.00054 0.02345 0.06337 0.05701 0.18498 0.41215 0.24239 0.01611 
223	3	0.00803 0.04348 0.34111 0.06699 0.15271 0.15505 0.06309 0.16956 
224	3	0.00082 0.01832 0.11412 0.02786 0.21365 0.37680 0.23402 0.01440 
225	3	0.00032 0.01151 0.12386 0.07089 0.39046 0.17745 0.20223 0.02328 
226	3	0.00073 0.01799 0.07999 0.05508 0.18285 0.31132 0.23429 0.11775 
227	3	0.00113 0.04827 0.22605 0.03729 0.23349 0.35482 0.08774 0.01121 
228	3	0.00195 0.05770 0.29020 0.05578 0.08072 0.33988 0.15394 0.01983 
229	3	0.00097 0.02847 0.16825 0.04702 0.11039 0.36894 0.25239 0.02357 
230	3	0.00102 0.03856 0.15536 0.08623 0.10123 0.32107 0.26827 0.02826 
231	3	0.00002 0.02035 0.11714 0.16236 0.21934 0.26686 0.19731 0.01663 
232	3	0.00124 0.01665 0.12525 0.03754 0.22310 0.34937 0.22589 0.02096 
233	3	0.00073 0.01603 0.19263 0.09712 0.27182 0.25071 0.15606 0.01490 
234	3	0.00008 0.00622 0.36305 0.03737 0.15510 0.26997 0.16680 0.00141 
235	3	0.00115 0.04161 0.09191 0.06801 0.16105 0.47721 0.15195 0.00711 
236	3	0.00003 0.01402 0.11375 0.11974 0.28238 0.42132 0.02867 0.02010 
237	3	0.00162 0.01382 0.08911 0.07676 0.15938 0.27037 0.36094 0.02799 
238	3	0.00050 0.02820 0.11842 0.05845 0.18173 0.42270 0.16696 0.02304 
239	3	0.00122 0.01732 0.05691 0.04442 0.07532 0.50627 0.28221 0.01634 
240	3	0.00036 0.01500 0.19183 0.10074 0.16719 0.30438 0.18379 0.03671 
241	3	0.00155 0.02249 0.08230 0.04298 0.10681 0.44214 0.29306 0.00868 
242	3	0.00069 0.01356 0.03121 0.02733 0.11210 0.60656 0.19783 0.01072 
243	3	0.00392 0.04977 0.08401 0.05091 0.18364 0.44795 0.15438 0.02541 
244	3	0.00201 0.02383 0.12268 0.05713 0.29870 0.33393 0.14886 0.01285 
245	3	0.00183 0.11824 0.45059 0.19952 0.18184 0.03075 0.00626 0.01097 
246	3	0.00011 0.00611 0.04372 0.04279 0.17850 0.42361 0.21931 0.08585 
247	3	0.00177 0.04248 0.17663 0.09706 0.27994 0.25303 0.11395 0.03515 
248	3	0.00107 0.01872 0.06357 0.03955 0.09145 0.46182 0.28646 0.03736 
249	3	0.00012 0.04610 0.21603 0.13498 0.26642 0.24199 0.08450 0.00985 
250	3	0.00378 0.15070 0.20445 0.08352 0.25120 0.20485 0.08615 0.01535 
251	3	0.00204 0.04522 0.10288 0.05529 0.31023 0.33729 0.12926 0.01778 
252	3	0.00064 0.01414 0.11702 0.04952 0.08957 0.13450 0.55154 0.04306 
253	3	0.00262 0.04647 0.15097 0.06202 0.10587 0.20072 0.40812 0.02320 
254	3	0.00162 0.02548 0.08622 0.10744 0.26892 0.26752 0.06408 0.17872 
255	3	0.00049 0.02823 0.05711 0.06598 0.17476 0.53494 0.11966 0.01883 
256	3	0.00114 0.00602 0.04258 0.05436 0.24442 0.27581 0.07050 0.30518 
257	3	0.00038 0.02330 0.13859 0.14152 0.28792 0.27163 0.06693 0.06974 
258	3	0.00043 0.00720 0.09062 0.04799 0.09751 0.21699 0.26712 0.27214 
259	3	0.00038 0.04465 0.11694 0.06842 0.16306 0.39318 0.18936 0.02402 
260	3	0.00169 0.03962 0.14745 0.13395 0.29873 0.31778 0.03658 0.02420 
261	3	0.00132 0.04373 0.19934 0.08674 0.14138 0.24863 0.25747 0.02139 
262	3	0.00197 0.05568 0.16217 0.06888 0.27018 0.16886 0.20142 0.07083 
263	3	0.00031 0.01574 0.05618 0.10837 0.39422 0.31808 0.09486 0.01225 
264	3	0.00083 0.01296 0.05240 0.04273 0.34950 0.27710 0.24707 0.01741 
265	3	0.00186 0.04163 0.16133 0.13030 0.21203 0.16530 0.10924 0.17831 
266	3	0.00095 0.01112 0.08614 0.05203 0.17091 0.36357 0.30087 0.01441 
267	3	0.00012 0.01196 0.03592 0.07201 0.17569 0.49622 0.19250 0.01557 
268	3	0.00561 0.10037 0.15984 0.39454 0.15933 0.12572 0.04270 0.01188 
269	3	0.00190 0.06231 0.21534 0.13616 0.18141 0.23016 0.14349 0.02923 
270	3	0.00175 0.03614 0.06113 0.02482 0.07045 0.39030 0.40345 0.01195 
271	3	0.00021 0.00621 0.03185 0.04188 0.08696 0.43017 0.39212 0.01060 
272	3	0.00069 0.01908 0.11850 0.04564 0.09108 0.40118 0.30772 0.01609 
273	3	0.00711 0.27433 0.27136 0.10014 0.13334 0.15783 0.04519 0.01070 
274	3	0.00111 0.06430 0.55126 0.04361 0.07545 0.17339 0.07580 0.01509 
275	3	0.00097 0.03351 0.12150 0.10958 0.26971 0.19722 0.25978 0.00773 
276	3	0.00563 0.08521 0.42870 0.05042 0.12809 0.12084 0.04388 0.13724 
277	3	0.00044 0.01323 0.07778 0.06960 0.17704 0.51252 0.13538 0.01401 
278	3	0.00123 0.01670 0.13607 0.04121 0.11987 0.27307 0.39719 0.01466 
279	3	0.00036 0.01698 0.10314 0.11698 0.18108 0.23957 0.33626 0.00563 
280	3	0.00160 0.01991 0.09707 0.04695 0.11825 0.40185 0.30834 0.00605 
281	3	0.00060 0.03276 0.20261 0.04989 0.08914 0.25788 0.36238 0.00475 
282	3	0.00063 0.00904 0.04130 0.08698 0.27990 0.36924 0.20032 0.01259 
283	3	0.00037 0.01943 0.10550 0.14386 0.20987 0.13602 0.32417 0.06079 
284	3	0.00047 0.01899 0.07402 0.11249 0.17837 0.23728 0.35029 0.02810 
285	3	0.00054 0.01464 0.04913 0.05467 0.09691 0.35180 0.42611 0.00621 
286	3	0.00058 0.01839 0.04587 0.05326 0.08394 0.25858 0.52921 0.01017 
287	3	0.00056 0.01441 0.06809 0.07570 0.26447 0.22777 0.33055 0.01844 
288	3	0.00101 0.01355 0.03583 0.04773 0.12042 0.31372 0.45712 0.01062 
289	3	0.00052 0.01289 0.08621 0.03352 0.06911 0.52781 0.25835 0.01159 
290	3	0.00059 0.01418 0.08082 0.13807 0.29099 0.11741 0.34339 0.01455 
291	3	0.00092 0.00885 0.04937 0.04770 0.21677 0.50378 0.16479 0.00782 
292	3	0.00016 0.00907 0.09078 0.06996 0.10266 0.25386 0.25642 0.21709 
293	3	0.00068 0.00827 0.03568 0.02937 0.12648 0.35648 0.42710 0.01595 
294	3	0.00058 0.00631 0.09094 0.05580 0.10737 0.22014 0.49324 0.02562 
295	3	0.00105 0.02253 0.40469 0.02584 0.33351 0.16762 0.03502 0.00974 
296	3	0.00008 0.00270 0.05691 0.06991 0.27634 0.30170 0.27585 0.01653 
297	3	0.00215 0.07656 0.29513 0.04793 0.05171 0.27297 0.22467 0.02889 
298	3	0.00061 0.01417 0.05428 0.03709 0.10003 0.27348 0.50558 0.01476 
299	3	0.00090 0.01187 0.08850 0.04738 0.12747 0.14226 0.54679 0.03482 
300	4	0.01090 0.12525 0.21100 0.09417 0.27269 0.17717 0.07002 0.03879 
301	4	0.00061 0.10632 0.22694 0.07667 0.10243 0.24032 0.23885 0.00786 
302	4	0.00586 0.08931 0.21037 0.13163 0.16045 0.21949 0.13688 0.04600 
303	4	0.02939 0.18169 0.12305 0.07056 0.34359 0.12719 0.12268 0.00186 
304	4	0.00421 0.13344 0.16416 0.07816 0.10061 0.40130 0.09269 0.02543 
305	4	0.00836 0.15865 0.04360 0.16930 0.19328 0.25533 0.11450 0.05698 
306	4	0.00137 0.04185 0.11118 0.11892 0.27153 0.13858 0.18533 0.13125 
307	4	0.00301 0.08950 0.16679 0.06147 0.24909 0.22807 0.14834 0.05373 
308	4	0.00065 0.05777 0.16297 0.07496 0.14869 0.26577 0.22135 0.06783 
309	4	0.00133 0.10897 0.06161 0.21328 0.14612 0.17153 0.20500 0.09216 
310	4	0.00558 0.10165 0.15906 0.05499 0.16693 0.17058 0.28599 0.05521 
311	4	0.00177 0.05127 0.11018 0.05348 0.22335 0.24232 0.26109 0.05655 
312	4	0.00003 0.07684 0.13264 0.06799 0.18487 0.33567 0.13888 0.06308 
313	4	0.00380 0.07060 0.11370 0.08375 0.20365 0.23230 0.22623 0.06597 
314	4	0.00599 0.08795 0.08039 0.39459 0.10687 0.04958 0.22323 0.05139 
315	4	0.00724 0.08849 0.20396 0.08350 0.23371 0.20855 0.07665 0.09790 
316	4	0.00611 0.08780 0.14481 0.12147 0.17642 0.12146 0.21975 0.12218 
317	4	0.00724 0.11649 0.21023 0.12216 0.28747 0.18779 0.04996 0.01867 
318	4	0.00403 0.07178 0.15729 0.05084 0.20424 0.38320 0.11474 0.01389 
319	4	0.00012 0.04641 0.09362 0.05625 0.39231 0.25967 0.08222 0.06939 
320	4	0.00318 0.08259 0.14918 0.12042 0.21648 0.16461 0.14345 0.12008 
321	4	0.00900 0.11997 0.10934 0.18154 0.24215 0.11212 0.16722 0.05865 
322	4	0.00672 0.14634 0.28077 0.10693 0.16068 0.12575 0.07673 0.09607 
323	4	0.00012 0.02974 0.18099 0.07490 0.31052 0.09720 0.23999 0.06654 
324	4	0.00192 0.08556 0.19061 0.05066 0.17139 0.27726 0.20632 0.01628 
325	4	0.00182 0.04743 0.18768 0.06017 0.21623 0.15490 0.21621 0.11556 
326	4	0.00328 0.05584 0.20472 0.05223 0.24212 0.25301 0.15852 0.03029 
327	4	0.02571 0.20860 0.16560 0.10802 0.15391 0.13976 0.17472 0.02368 
328	4	0.00027 0.06620 0.14739 0.05071 0.20130 0.35517 0.17160 0.00734 
329	4	0.01131 0.14049 0.18093 0.10613 0.21636 0.15187 0.16483 0.02809 
330	4	0.00874 0.11352 0.11653 0.10880 0.21611 0.26317 0.06773 0.10542 
331	4	0.00133 0.04929 0.11840 0.08031 0.24016 0.28759 0.19676 0.02616 
332	4	0.00119 0.04230 0.13759 0.10324 0.23724 0.24668 0.15926 0.07249 
333	4	0.00757 0.08877 0.09428 0.04423 0.22933 0.29043 0.16902 0.07639 
334	4	0.00078 0.04277 0.12267 0.11473 0.14587 0.24080 0.13678 0.19560 
335	4	0.00455 0.09930 0.15802 0.07520 0.11552 0.13341 0.26432 0.14968 
336	4	0.00011 0.03566 0.13361 0.08102 0.21803 0.22776 0.26852 0.03528 
337	4	0.00005 0.04072 0.13216 0.05006 0.12394 0.27699 0.28960 0.08648 
338	4	0.00003 0.03592 0.06534 0.03745 0.18080 0.25078 0.37921 0.05048 
339	4	0.00160 0.04708 0.26846 0.08768 0.27525 0.14774 0.11255 0.05965 
340	4	0.00515 0.11884 0.17302 0.04844 0.15650 0.28376 0.18234 0.03194 
341	4	0.00644 0.13409 0.16761 0.07373 0.17776 0.19991 0.18692 0.05353 
342	4	0.00017 0.06199 0.15826 0.06773 0.19868 0.23042 0.11931 0.16343 
343	4	0.00004 0.02523 0.07362 0.04560 0.13837 0.39420 0.29217 0.03078 
344	4	0.00661 0.08573 0.24267 0.14557 0.24703 0.20121 0.06602 0.00516 
345	4	0.01162 0.16242 0.16564 0.04248 0.09784 0.22416 0.27550 0.02033 
346	4	0.00525 0.06577 0.11770 0.12202 0.17881 0.32489 0.08583 0.09974 
347	4	0.00360 0.03968 0.04882 0.05591 0.20073 0.32275 0.25697 0.07153 
348	4	0.00105 0.05359 0.22369 0.05821 0.23434 0.25656 0.10038 0.07217 
349	4	0.00010 0.04733 0.12666 0.05773 0.16093 0.45778 0.13453 0.01493 
350	4	0.01043 0.08074 0.13700 0.05994 0.24949 0.31156 0.13612 0.01472 
351	4	0.01696 0.17213 0.20020 0.04951 0.13375 0.20155 0.12081 0.10510 
352	4	0.00656 0.06584 0.13155 0.07705 0.27604 0.15368 0.27341 0.01588 
353	4	0.00142 0.04120 0.09233 0.03569 0.34063 0.26978 0.14722 0.07175 
354	4	0.00114 0.02325 0.13305 0.04953 0.19531 0.31829 0.25348 0.02595 
355	4	0.01178 0.08250 0.15323 0.05941 0.23312 0.28610 0.17045 0.00341 
356	4	0.00520 0.11633 0.23735 0.08038 0.13000 0.21882 0.11894 0.09298 
357	4	0.00583 0.03660 0.05267 0.06685 0.22366 0.19562 0.24883 0.16993 
358	4	0.00151 0.08903 0.28338 0.08244 0.13175 0.26062 0.12734 0.02394 
359	4	0.00001 0.01029 0.11836 0.10306 0.13525 0.34409 0.26304 0.02590 
360	4	0.01763 0.11332 0.18946 0.06688 0.30636 0.19439 0.10285 0.00910 
361	4	0.00258 0.03920 0.05644 0.03665 0.15189 0.32923 0.16513 0.21887 
362	4	0.00148 0.06952 0.23662 0.06451 0.11865 0.24729 0.16734 0.09458 
363	4	0.00124 0.04001 0.12080 0.03950 0.19779 0.23627 0.29651 0.06788 
364	4	0.00474 0.05776 0.13587 0.10527 0.17115 0.18713 0.23648 0.10159 
365	4	0.00640 0.04230 0.04800 0.04115 0.16081 0.47321 0.17632 0.05182 
366	4	0.00309 0.09013 0.28231 0.05922 0.14488 0.34211 0.05422 0.02404 
367	4	0.00321 0.07030 0.16434 0.06062 0.12175 0.25033 0.23169 0.09776 
368	4	0.00262 0.03968 0.14495 0.17292 0.12500 0.19539 0.28287 0.03656 
369	4	0.00461 0.05918 0.14304 0.10870 0.34603 0.17407 0.11993 0.04443 
370	4	0.00024 0.03645 0.14452 0.04262 0.18463 0.45374 0.09076 0.04704 
371	4	0.00006 0.08731 0.23149 0.06272 0.15083 0.27206 0.16465 0.03087 
372	4	0.00753 0.10291 0.20924 0.11019 0.16885 0.14895 0.14432 0.10802 
373	4	0.00001 0.02547 0.14399 0.05930 0.28310 0.15587 0.29588 0.03638 
374	4	0.00335 0.04486 0.09726 0.11462 0.25122 0.23013 0.09564 0.16291 
375	4	0.01700 0.12081 0.10757 0.03059 0.15792 0.27569 0.27255 0.01787 
376	4	0.00646 0.08091 0.10517 0.08102 0.37731 0.15699 0.16620 0.02593 
377	4	0.00494 0.06169 0.06946 0.06711 0.34094 0.26099 0.17573 0.01914 
378	4	0.00435 0.06559 0.10332 0.06145 0.16296 0.36518 0.16910 0.06803 
379	4	0.00116 0.03860 0.09272 0.02279 0.27673 0.33711 0.15444 0.07645 
380	4	0.00535 0.05272 0.10963 0.10625 0.08534 0.39545 0.21808 0.02718 
381	4	0.00250 0.04932 0.10674 0.08120 0.24711 0.19863 0.22486 0.08964 
382	4	0.00332 0.05473 0.17522 0.04257 0.18465 0.32155 0.15222 0.06573 
383	4	0.00089 0.05601 0.12281 0.05706 0.20862 0.20042 0.21917 0.13503 
384	4	0.00001 0.02360 0.10343 0.12318 0.19031 0.11288 0.38489 0.06170 
385	4	0.00445 0.10716 0.17821 0.13778 0.19211 0.12537 0.25260 0.00233 
386	4	0.00298 0.06549 0.16409 0.05562 0.10628 0.15671 0.36017 0.08865 
387	4	0.00037 0.03054 0.28733 0.14251 0.20433 0.14220 0.13337 0.05936 
388	4	0.00557 0.08698 0.12056 0.04209 0.18092 0.33175 0.18467 0.04745 
389	4	0.00093 0.04066 0.08542 0.07969 0.24000 0.31160 0.14206 0.09964 
390	4	0.00001 0.01405 0.25377 0.16509 0.11128 0.24813 0.13157 0.07610 
391	4	0.00001 0.02191 0.18766 0.10403 0.19439 0.22411 0.17861 0.08927 
392	4	0.00916 0.09603 0.20681 0.12696 0.08850 0.26765 0.13679 0.06811 
393	4	0.00150 0.08291 0.21602 0.07463 0.13074 0.29189 0.18564 0.01668 
394	4	0.00317 0.07823 0.11386 0.07393 0.15512 0.34069 0.20451 0.03049 
395	4	0.00468 0.07481 0.10714 0.07236 0.28120 0.19282 0.25586 0.01114 
396	4	0.00650 0.10395 0.17627 0.09968 0.22349 0.22455 0.12807 0.03749 
397	4	0.00990 0.12272 0.18748 0.06777 0.25878 0.21934 0.07793 0.05608 
398	4	0.00738 0.13231 0.17888 0.06860 0.18548 0.18941 0.22450 0.01344 
399	4	0.00238 0.06086 0.11414 0.07546 0.23462 0.26684 0.18246 0.06324 
400	5	0.00056 0.00514 0.01319 0.01487 0.03460 0.05950 0.04731 0.82483 
401	5	0.00001 0.00462 0.02289 0.01767 0.03987 0.05538 0.16937 0.69020 
402	5	0.00040 0.00907 0.00962 0.01894 0.06332 0.03246 0.30707 0.55911 
403	5	0.00008 0.00444 0.00600 0.02552 0.04622 0.02044 0.03253 0.86477 
404	5	0.00039 0.00377 0.02190 0.00675 0.06999 0.06809 0.11403 0.71507 
405	5	0.00011 0.00295 0.01168 0.01615 0.04922 0.08534 0.14765 0.68689 
406	5	0.00001 0.00507 0.02341 0.01838 0.04259 0.06992 0.17878 0.66184 
407	5	0.00039 0.00415 0.00389 0.01650 0.03653 0.02214 0.17068 0.74573 
408	5	0.00038 0.00428 0.02013 0.04339 0.10992 0.12648 0.22477 0.47065 
409	5	0.00032 0.00595 0.02418 0.01743 0.06026 0.05804 0.09501 0.73881 
410	5	0.00001 0.01382 0.06709 0.02619 0.03752 0.07318 0.03006 0.75213 
411	5	0.00007 0.00354 0.00921 0.01712 0.04590 0.08066 0.30305 0.54046 
412	5	0.00023 0.00260 0.01387 0.00594 0.08647 0.07257 0.15201 0.66631 
413	5	0.00007 0.00998 0.00606 0.00854 0.03045 0.02059 0.10425 0.82006 
414	5	0.00027 0.00263 0.03356 0.01632 0.07540 0.04937 0.13464 0.68781 
415	5	0.00017 0.00196 0.01042 0.01105 0.04214 0.05957 0.07310 0.80158 
416	5	0.00026 0.00794 0.01683 0.01030 0.02380 0.04464 0.07628 0.81994 
417	5	0.00001 0.00219 0.01287 0.01258 0.04539 0.06889 0.12298 0.73510 
418	5	0.00041 0.00836 0.00607 0.02794 0.09618 0.01965 0.08634 0.75504 
419	5	0.00006 0.00569 0.01599 0.02302 0.05285 0.06765 0.09458 0.74016 
420	5	0.00003 0.00125 0.00302 0.03190 0.04499 0.02065 0.02504 0.87311 
421	5	0.00019 0.00969 0.00437 0.01682 0.05760 0.01296 0.25693 0.64144 
422	5	0.00009 0.00108 0.01354 0.03557 0.11117 0.12804 0.13092 0.57959 
423	5	0.00049 0.00682 0.00305 0.01832 0.02551 0.02265 0.02290 0.90026 
424	5	0.00001 0.00405 0.01530 0.02278 0.05224 0.10530 0.13583 0.66450 
425	5	0.00001 0.00009 0.00559 0.00706 0.03867 0.05179 0.30476 0.59203 
426	5	0.00001 0.00394 0.02243 0.05302 0.07925 0.12212 0.03102 0.68821 
427	5	0.00025 0.00621 0.01109 0.03108 0.04284 0.01666 0.04938 0.84250 
428	5	0.00007 0.00230 0.01021 0.03405 0.05724 0.10067 0.13159 0.66387 
429	5	0.00002 0.00067 0.00296 0.01035 0.05324 0.08159 0.02201 0.82915 
430	5	0.00012 0.00348 0.00600 0.02495 0.06781 0.02087 0.13546 0.74130 
431	5	0.00026 0.00193 0.00410 0.02180 0.03362 0.02278 0.13890 0.77661 
432	5	0.00006 0.00816 0.01123 0.04074 0.06219 0.02242 0.17098 0.68421 
433	5	0.00140 0.00938 0.00987 0.03522 0.04808 0.02751 0.20622 0.66233 
434	5	0.00020 0.00260 0.00359 0.02757 0.03754 0.02061 0.03259 0.87529 
435	5	0.00003 0.00235 0.00587 0.02082 0.05904 0.02761 0.13911 0.74517 
436	5	0.00001 0.00140 0.00985 0.02197 0.07576 0.07195 0.18509 0.63396 
437	5	0.00022 0.00203 0.00274 0.04100 0.05125 0.04284 0.24932 0.61061 
438	5	0.00062 0.00485 0.01232 0.04146 0.07121 0.01911 0.15424 0.69619 
439	5	0.00002 0.00122 0.00487 0.00730 0.01956 0.04841 0.06158 0.85703 
440	5	0.00010 0.00234 0.01112 0.01419 0.08157 0.12164 0.03855 0.73048 
441	5	0.00008 0.00183 0.00754 0.01112 0.04962 0.08046 0.14118 0.70816 
442	5	0.00028 0.00685 0.00898 0.04211 0.07069 0.02961 0.11641 0.72506 
443	5	0.00091 0.00762 0.01536 0.05495 0.07306 0.02727 0.21842 0.60241 
444	5	0.00034 0.00547 0.01088 0.03115 0.06547 0.01154 0.25888 0.61627 
445	5	0.00016 0.00131 0.00915 0.02147 0.07677 0.11494 0.09330 0.68289 
446	5	0.00035 0.00719 0.00885 0.03195 0.06660 0.01508 0.18126 0.68872 
447	5	0.00024 0.00405 0.00531 0.02803 0.12076 0.04091 0.03838 0.76232 
448	5	0.00004 0.00121 0.00809 0.01568 0.05135 0.06999 0.12012 0.73353 
449	5	0.00008 0.00391 0.01291 0.03776 0.09277 0.11367 0.13205 0.60685 
450	5	0.00003 0.00325 0.01323 0.01306 0.04130 0.05613 0.17328 0.69972 
451	5	0.00016 0.00399 0.01486 0.01947 0.03596 0.04669 0.23967 0.63919 
452	5	0.00033 0.01142 0.02248 0.02839 0.05074 0.05850 0.22502 0.60312 
453	5	0.00004 0.00519 0.01847 0.02206 0.02590 0.03798 0.03665 0.85370 
454	5	0.00118 0.00496 0.02692 0.01672 0.03959 0.02896 0.16026 0.72140 
455	5	0.00020 0.01451 0.06372 0.05425 0.08162 0.07180 0.20300 0.51089 
456	5	0.00003 0.00882 0.02213 0.01941 0.02760 0.03881 0.05606 0.82715 
457	5	0.00070 0.00334 0.00742 0.03601 0.09829 0.04273 0.03068 0.78083 
458	5	0.00009 0.00511 0.01935 0.01494 0.05788 0.07136 0.27145 0.55981 
459	5	0.00008 0.01103 0.02443 0.02140 0.03203 0.05823 0.29033 0.56246 
460	5	0.00006 0.00237 0.01584 0.01115 0.04164 0.04362 0.02771 0.85762 
461	5	0.00007 0.01119 0.03302 0.02816 0.03853 0.05775 0.24527 0.58601 
462	5	0.00020 0.01145 0.02613 0.02304 0.02846 0.04538 0.31822 0.54711 
463	5	0.00028 0.00692 0.01056 0.00946 0.01580 0.04029 0.22286 0.69383 
464	5	0.00002 0.01027 0.02656 0.02067 0.03379 0.03126 0.04922 0.82820 
465	5	0.00020 0.01135 0.02588 0.01856 0.03753 0.04205 0.10822 0.75621 
466	5	0.00007 0.00571 0.00965 0.01371 0.02716 0.06962 0.22684 0.64724 
467	5	0.00016 0.00673 0.01189 0.01609 0.04126 0.05190 0.08206 0.78990 
468	5	0.00004 0.00248 0.01766 0.01115 0.06216 0.06930 0.19188 0.64532 
469	5	0.00098 0.00620 0.00585 0.02004 0.02558 0.01423 0.03187 0.89525 
470	5	0.00011 0.00347 0.01151 0.01750 0.05614 0.11923 0.13159 0.66045 
471	5	0.00121 0.01657 0.01803 0.04545 0.06320 0.01864 0.23933 0.59757 
472	5	0.00003 0.00325 0.01689 0.01127 0.05053 0.03878 0.14541 0.73386 
473	5	0.00094 0.00302 0.01581 0.01493 0.04824 0.06538 0.11472 0.73697 
474	5	0.00001 0.00548 0.00562 0.01933 0.04195 0.01497 0.16800 0.74464 
475	5	0.00001 0.01112 0.05993 0.03876 0.06864 0.04543 0.11153 0.66458 
476	5	0.00012 0.00277 0.00804 0.00694 0.04780 0.06521 0.20721 0.66192 
477	5	0.00001 0.00019 0.00014 0.01065 0.07619 0.03917 0.03702 0.83662 
478	5	0.00129 0.00726 0.00723 0.02484 0.05706 0.03300 0.11828 0.75104 
479	5	0.00076 0.01077 0.00903 0.03138 0.05729 0.02687 0.20217 0.66172 
480	5	0.00009 0.00339 0.01298 0.01453 0.05199 0.06406 0.11344 0.73952 
481	5	0.00004 0.00197 0.01040 0.00947 0.03513 0.05835 0.02431 0.86033 
482	5	0.00005 0.00444 0.01416 0.02458 0.05547 0.07435 0.20804 0.61892 
483	5	0.00046 0.00286 0.00905 0.02185 0.05325 0.05254 0.08971 0.77027 
484	5	0.00005 0.00249 0.01078 0.00959 0.06625 0.07793 0.13081 0.70209 
485	5	0.00002 0.00830 0.03254 0.03398 0.06008 0.06274 0.25984 0.54250 
486	5	0.00062 0.01066 0.02468 0.02607 0.06562 0.08462 0.24773 0.54000 
487	5	0.00028 0.00507 0.01754 0.00800 0.05576 0.07352 0.03047 0.80938 
488	5	0.00001 0.00305 0.01708 0.01406 0.05030 0.09073 0.01550 0.80927 
489	5	0.00002 0.00450 0.01335 0.01914 0.04540 0.06255 0.08360 0.77144 
490	5	0.00013 0.00348 0.01188 0.00654 0.04237 0.08525 0.20202 0.64834 
491	5	0.00004 0.00430 0.01488 0.01558 0.04513 0.06641 0.12666 0.72700 
492	5	0.00038 0.00700 0.02219 0.02785 0.04590 0.06295 0.23573 0.59801 
493	5	0.00003 0.00263 0.01035 0.00763 0.02610 0.03702 0.32542 0.59082 
494	5	0.00001 0.00221 0.01256 0.00870 0.03057 0.04983 0.17727 0.71886 
495	5	0.00021 0.00435 0.01024 0.01493 0.03441 0.08531 0.20824 0.64229 
496	5	0.00026 0.00369 0.00912 0.01037 0.03277 0.05524 0.19486 0.69368 
497	5	0.00065 0.00585 0.00703 0.02046 0.07062 0.02538 0.24804 0.62198 
498	5	0.00041 0.00247 0.00597 0.02739 0.04699 0.03892 0.09808 0.77976 
499	5	0.00001 0.00483 0.01833 0.02207 0.05175 0.09183 0.11067 0.70051 
500	6	0.00010 0.01036 0.09050 0.02774 0.11339 0.41314 0.33937 0.00540 
501	6	0.00007 0.01464 0.06813 0.03882 0.11963 0.35489 0.31305 0.09078 
502	6	0.00020 0.02087 0.08738 0.04667 0.17748 0.39242 0.27003 0.00494 
503	6	0.00044 0.01166 0.07511 0.05836 0.25446 0.28486 0.28998 0.02514 
504	6	0.00053 0.01732 0.03209 0.01844 0.08964 0.51571 0.25372 0.07254 
505	6	0.00062 0.00902 0.04598 0.06562 0.26556 0.29651 0.00548 0.31120 
506	6	0.00061 0.01151 0.02853 0.01486 0.06430 0.39630 0.42744 0.05645 
507	6	0.00002 0.00690 0.06081 0.02823 0.11321 0.39514 0.15454 0.24115 
508	6	0.00023 0.01597 0.04998 0.02484 0.09155 0.37617 0.18975 0.25151 
509	6	0.00073 0.01817 0.08112 0.05553 0.11360 0.63536 0.08277 0.01273 
510	6	0.00077 0.00817 0.02841 0.01598 0.10395 0.36484 0.47348 0.00439 
511	6	0.00078 0.00961 0.07860 0.06551 0.56819 0.15283 0.01213 0.11235 
512	6	0.00019 0.01569 0.05589 0.05842 0.27908 0.43180 0.13181 0.02712 
513	6	0.00050 0.01201 0.02342 0.01901 0.13747 0.49011 0.31430 0.00317 
514	6	0.00054 0.00942 0.01396 0.02226 0.18875 0.57348 0.19009 0.00151 
515	6	0.00047 0.00847 0.02047 0.03539 0.27025 0.48869 0.09563 0.08063 
516	6	0.00070 0.01254 0.09280 0.07799 0.20967 0.30723 0.24219 0.05687 
517	6	0.00081 0.01810 0.07425 0.07091 0.11470 0.20871 0.32859 0.18393 
518	6	0.00060 0.01362 0.03942 0.04277 0.11708 0.41042 0.34625 0.02985 
519	6	0.00028 0.01296 0.06426 0.07905 0.17376 0.46039 0.19625 0.01305 
520	6	0.00192 0.04572 0.07620 0.21829 0.18466 0.21963 0.23610 0.01747 
521	6	0.00067 0.01104 0.01815 0.01614 0.08946 0.29029 0.47742 0.09683 
522	6	0.00065 0.00903 0.02708 0.04163 0.16702 0.50110 0.09221 0.16128 
523	6	0.00049 0.00819 0.02677 0.01390 0.05141 0.16365 0.49620 0.23940 
524	6	0.00005 0.01255 0.10470 0.04350 0.10539 0.40866 0.24595 0.07920 
525	6	0.00039 0.01751 0.07399 0.05176 0.12832 0.47473 0.23922 0.01409 
526	6	0.00024 0.01193 0.06632 0.03470 0.15450 0.28502 0.41460 0.03267 
527	6	0.00096 0.01090 0.06858 0.03586 0.10969 0.42999 0.32499 0.01902 
528	6	0.00017 0.01117 0.07575 0.07325 0.29360 0.26457 0.25360 0.02788 
529	6	0.00026 0.00707 0.01403 0.00774 0.06117 0.33172 0.57183 0.00618 
530	6	0.00059 0.00979 0.03184 0.03876 0.07174 0.21915 0.45521 0.17293 
531	6	0.00160 0.00696 0.01516 0.00764 0.05864 0.44757 0.44189 0.02054 
532	6	0.00036 0.00981 0.01107 0.04156 0.26535 0.21085 0.46091 0.00010 
533	6	0.00143 0.01227 0.01367 0.03754 0.23932 0.20618 0.43341 0.05618 
534	6	0.00012 0.01108 0.08883 0.03216 0.14019 0.41047 0.30955 0.00761 
535	6	0.00166 0.00990 0.03275 0.05160 0.19670 0.54730 0.10516 0.05494 
536	6	0.00008 0.00694 0.00682 0.04254 0.31346 0.34161 0.28815 0.00041 
537	6	0.00036 0.01838 0.07946 0.05796 0.11433 0.46624 0.24949 0.01378 
538	6	0.00026 0.01008 0.02450 0.02012 0.09714 0.32471 0.41306 0.11014 
539	6	0.00033 0.01233 0.02727 0.01877 0.12248 0.24391 0.56063 0.01429 
540	6	0.00072 0.01682 0.03977 0.02706 0.09738 0.33906 0.46590 0.01329 
541	6	0.00053 0.00793 0.04882 0.03713 0.13955 0.69814 0.06361 0.00429 
542	6	0.00003 0.01330 0.06687 0.03145 0.09490 0.49260 0.23254 0.06830 
543	6	0.00039 0.01238 0.05306 0.05821 0.10175 0.40154 0.33589 0.03679 
544	6	0.00036 0.00673 0.02438 0.01664 0.10481 0.34819 0.48274 0.01615 
545	6	0.00027 0.01676 0.03835 0.06739 0.17375 0.52241 0.17408 0.00698 
546	6	0.00039 0.01349 0.06790 0.04144 0.14121 0.35207 0.35969 0.02380 
547	6	0.00026 0.00666 0.01825 0.05446 0.38401 0.11140 0.42489 0.00006 
548	6	0.00078 0.00903 0.02569 0.03407 0.06253 0.26840 0.41535 0.18414 
549	6	0.00059 0.01816 0.03889 0.05632 0.09786 0.30945 0.37619 0.10255 
550	6	0.00043 0.01238 0.04917 0.05284 0.19385 0.42218 0.05823 0.21093 
551	6	0.00057 0.01358 0.10120 0.10998 0.25154 0.38811 0.09887 0.03616 
552	6	0.00059 0.01811 0.03570 0.02722 0.10444 0.37093 0.42886 0.01415 
553	6	0.00085 0.01544 0.02098 0.00974 0.05253 0.17855 0.72027 0.00165 
554	6	0.00035 0.00706 0.02850 0.05309 0.22260 0.50957 0.05595 0.12288 
555	6	0.00004 0.00231 0.14815 0.04701 0.09979 0.45727 0.18154 0.06389 
556	6	0.00060 0.02134 0.02992 0.02321 0.09180 0.30533 0.51393 0.01388 
557	6	0.00039 0.00725 0.06419 0.02609 0.16927 0.42730 0.28696 0.01855 
558	6	0.00141 0.01054 0.01410 0.00927 0.04501 0.32873 0.51994 0.07100 
559	6	0.00098 0.01629 0.04362 0.03886 0.17444 0.37930 0.34538 0.00114 
560	6	0.00007 0.01579 0.06799 0.03050 0.08864 0.51182 0.24972 0.03547 
561	6	0.00035 0.01319 0.03363 0.02655 0.05260 0.31084 0.35198 0.21086 
562	6	0.00082 0.01450 0.04870 0.04785 0.16446 0.57921 0.12051 0.02395 
563	6	0.00031 0.01691 0.04475 0.05216 0.18805 0.48672 0.20326 0.00784 
