1000	10	16
0	1	0.04382 0.00000 0.22190 0.00000 0.25932 0.00000 0.24328 0.00000 0.15128 0.00000 0.05183 0.00000 0.02717 0.00000 0.00140 0.00000 
1	1	0.09941 0.00000 0.20020 0.00000 0.23231 0.00000 0.23776 0.00000 0.13856 0.00000 0.06577 0.00000 0.02517 0.00000 0.00083 0.00000 
2	1	0.10999 0.00000 0.25106 0.00000 0.19770 0.00000 0.16793 0.00000 0.10467 0.00000 0.08377 0.00000 0.08160 0.00000 0.00329 0.00000 
3	1	0.04719 0.00000 0.14708 0.00000 0.13618 0.00000 0.27413 0.00000 0.16931 0.00000 0.08087 0.00000 0.10210 0.00000 0.04313 0.00000 
4	1	0.07362 0.00000 0.30973 0.00000 0.21528 0.00000 0.10429 0.00000 0.06015 0.00000 0.04640 0.00000 0.18732 0.00000 0.00321 0.00000 
5	1	0.05312 0.00000 0.19559 0.00000 0.22954 0.00000 0.24770 0.00000 0.11499 0.00000 0.07259 0.00000 0.08237 0.00000 0.00410 0.00000 
6	1	0.13461 0.00000 0.34930 0.00000 0.22436 0.00000 0.15121 0.00000 0.06799 0.00000 0.03953 0.00000 0.02745 0.00000 0.00554 0.00000 
7	1	0.10126 0.00000 0.25417 0.00000 0.25623 0.00000 0.13899 0.00000 0.07854 0.00000 0.03913 0.00000 0.03706 0.00000 0.09462 0.00000 
8	1	0.06929 0.00000 0.26153 0.00000 0.33488 0.00000 0.18677 0.00000 0.05416 0.00000 0.02958 0.00000 0.03447 0.00000 0.02933 0.00000 
9	1	0.09499 0.00000 0.23823 0.00000 0.22060 0.00000 0.25078 0.00000 0.08800 0.00000 0.02905 0.00000 0.07494 0.00000 0.00340 0.00000 
10	1	0.03205 0.00000 0.14957 0.00000 0.20864 0.00000 0.19591 0.00000 0.14794 0.00000 0.09608 0.00000 0.14295 0.00000 0.02686 0.00000 
11	1	0.02632 0.00000 0.15990 0.00000 0.25620 0.00000 0.23325 0.00000 0.13245 0.00000 0.07514 0.00000 0.11329 0.00000 0.00346 0.00000 
12	1	0.12802 0.00000 0.29699 0.00000 0.21365 0.00000 0.14404 0.00000 0.07043 0.00000 0.04669 0.00000 0.09079 0.00000 0.00938 0.00000 
13	1	0.11975 0.00000 0.27723 0.00000 0.23257 0.00000 0.16271 0.00000 0.08993 0.00000 0.05600 0.00000 0.05807 0.00000 0.00373 0.00000 
14	1	0.03468 0.00000 0.12293 0.00000 0.21273 0.00000 0.14272 0.00000 0.21444 0.00000 0.23692 0.00000 0.03296 0.00000 0.00262 0.00000 
15	1	0.12064 0.00000 0.26455 0.00000 0.13517 0.00000 0.12138 0.00000 0.10166 0.00000 0.11531 0.00000 0.13417 0.00000 0.00713 0.00000 
16	1	0.18869 0.00000 0.28213 0.00000 0.25316 0.00000 0.15204 0.00000 0.07493 0.00000 0.03165 0.00000 0.01396 0.00000 0.00344 0.00000 
17	1	0.14925 0.00000 0.38989 0.00000 0.18979 0.00000 0.12683 0.00000 0.04836 0.00000 0.02294 0.00000 0.07113 0.00000 0.00181 0.00000 
18	1	0.31854 0.00000 0.26083 0.00000 0.13383 0.00000 0.11393 0.00000 0.06180 0.00000 0.04834 0.00000 0.06077 0.00000 0.00195 0.00000 
19	1	0.02953 0.00000 0.17694 0.00000 0.28778 0.00000 0.25628 0.00000 0.14792 0.00000 0.03761 0.00000 0.05911 0.00000 0.00483 0.00000 
20	1	0.13528 0.00000 0.21019 0.00000 0.19940 0.00000 0.21741 0.00000 0.11961 0.00000 0.09001 0.00000 0.02651 0.00000 0.00159 0.00000 
21	1	0.09248 0.00000 0.21753 0.00000 0.16951 0.00000 0.20073 0.00000 0.13592 0.00000 0.09056 0.00000 0.06823 0.00000 0.02504 0.00000 
22	1	0.05192 0.00000 0.20624 0.00000 0.22838 0.00000 0.19425 0.00000 0.13160 0.00000 0.09417 0.00000 0.09034 0.00000 0.00309 0.00000 
23	1	0.06977 0.00000 0.21027 0.00000 0.17872 0.00000 0.14895 0.00000 0.11584 0.00000 0.09098 0.00000 0.16464 0.00000 0.02082 0.00000 
24	1	0.27554 0.00000 0.19929 0.00000 0.10375 0.00000 0.13976 0.00000 0.12303 0.00000 0.08604 0.00000 0.06759 0.00000 0.00500 0.00000 
25	1	0.04382 0.00000 0.18546 0.00000 0.22036 0.00000 0.20481 0.00000 0.14608 0.00000 0.10082 0.00000 0.08543 0.00000 0.01322 0.00000 
26	1	0.09207 0.00000 0.25024 0.00000 0.20585 0.00000 0.16004 0.00000 0.09148 0.00000 0.07646 0.00000 0.12248 0.00000 0.00137 0.00000 
27	1	0.12232 0.00000 0.15691 0.00000 0.22970 0.00000 0.23342 0.00000 0.12539 0.00000 0.05864 0.00000 0.04686 0.00000 0.02675 0.00000 
28	1	0.10262 0.00000 0.14033 0.00000 0.20429 0.00000 0.20378 0.00000 0.09885 0.00000 0.07294 0.00000 0.16841 0.00000 0.00879 0.00000 
29	1	0.17388 0.00000 0.21736 0.00000 0.19747 0.00000 0.19608 0.00000 0.07526 0.00000 0.06404 0.00000 0.06916 0.00000 0.00676 0.00000 
30	1	0.04633 0.00000 0.25790 0.00000 0.33060 0.00000 0.21217 0.00000 0.09506 0.00000 0.03431 0.00000 0.02214 0.00000 0.00150 0.00000 
31	1	0.06268 0.00000 0.20964 0.00000 0.23043 0.00000 0.17236 0.00000 0.12388 0.00000 0.11513 0.00000 0.08038 0.00000 0.00549 0.00000 
32	1	0.18561 0.00000 0.28582 0.00000 0.20732 0.00000 0.15002 0.00000 0.05610 0.00000 0.04096 0.00000 0.06078 0.00000 0.01339 0.00000 
33	1	0.03163 0.00000 0.09246 0.00000 0.15142 0.00000 0.35143 0.00000 0.21242 0.00000 0.09993 0.00000 0.05799 0.00000 0.00272 0.00000 
34	1	0.02689 0.00000 0.08484 0.00000 0.11142 0.00000 0.16552 0.00000 0.25584 0.00000 0.18380 0.00000 0.17078 0.00000 0.00093 0.00000 
35	1	0.13669 0.00000 0.23581 0.00000 0.14795 0.00000 0.21223 0.00000 0.16623 0.00000 0.04303 0.00000 0.05479 0.00000 0.00328 0.00000 
36	1	0.11512 0.00000 0.32621 0.00000 0.27697 0.00000 0.13101 0.00000 0.06328 0.00000 0.03088 0.00000 0.04174 0.00000 0.01478 0.00000 
37	1	0.10204 0.00000 0.30731 0.00000 0.23545 0.00000 0.16993 0.00000 0.09042 0.00000 0.05219 0.00000 0.04101 0.00000 0.00165 0.00000 
38	1	0.20041 0.00000 0.28919 0.00000 0.23488 0.00000 0.14128 0.00000 0.05467 0.00000 0.03588 0.00000 0.03600 0.00000 0.00769 0.00000 
39	1	0.12680 0.00000 0.23277 0.00000 0.11872 0.00000 0.10536 0.00000 0.07307 0.00000 0.06675 0.00000 0.27360 0.00000 0.00293 0.00000 
40	1	0.11486 0.00000 0.35200 0.00000 0.17670 0.00000 0.10414 0.00000 0.05751 0.00000 0.05106 0.00000 0.14237 0.00000 0.00137 0.00000 
41	1	0.13333 0.00000 0.25141 0.00000 0.16591 0.00000 0.09824 0.00000 0.06453 0.00000 0.06834 0.00000 0.19855 0.00000 0.01968 0.00000 
42	1	0.18318 0.00000 0.30945 0.00000 0.21820 0.00000 0.16854 0.00000 0.06368 0.00000 0.02225 0.00000 0.03085 0.00000 0.00386 0.00000 
43	1	0.06344 0.00000 0.25897 0.00000 0.11627 0.00000 0.09058 0.00000 0.07901 0.00000 0.07382 0.00000 0.31520 0.00000 0.00272 0.00000 
44	1	0.28040 0.00000 0.23807 0.00000 0.14011 0.00000 0.05338 0.00000 0.01065 0.00000 0.01681 0.00000 0.24078 0.00000 0.01982 0.00000 
45	1	0.26284 0.00000 0.32680 0.00000 0.19752 0.00000 0.11497 0.00000 0.03948 0.00000 0.02675 0.00000 0.03064 0.00000 0.00100 0.00000 
46	1	0.31995 0.00000 0.34183 0.00000 0.17481 0.00000 0.07445 0.00000 0.02712 0.00000 0.03288 0.00000 0.02851 0.00000 0.00045 0.00000 
47	1	0.04494 0.00000 0.22464 0.00000 0.18644 0.00000 0.15694 0.00000 0.13279 0.00000 0.12732 0.00000 0.12476 0.00000 0.00217 0.00000 
48	1	0.11239 0.00000 0.33759 0.00000 0.23814 0.00000 0.16035 0.00000 0.08664 0.00000 0.03571 0.00000 0.02730 0.00000 0.00189 0.00000 
49	1	0.07358 0.00000 0.34418 0.00000 0.18066 0.00000 0.11847 0.00000 0.13369 0.00000 0.06889 0.00000 0.07510 0.00000 0.00543 0.00000 
50	1	0.07905 0.00000 0.29861 0.00000 0.23744 0.00000 0.15510 0.00000 0.09671 0.00000 0.07094 0.00000 0.06120 0.00000 0.00095 0.00000 
51	1	0.09999 0.00000 0.29639 0.00000 0.21944 0.00000 0.14157 0.00000 0.09597 0.00000 0.07791 0.00000 0.06485 0.00000 0.00389 0.00000 
52	1	0.03768 0.00000 0.15883 0.00000 0.20882 0.00000 0.19017 0.00000 0.13600 0.00000 0.13649 0.00000 0.13051 0.00000 0.00150 0.00000 
53	1	0.03303 0.00000 0.14181 0.00000 0.19997 0.00000 0.20603 0.00000 0.18818 0.00000 0.13160 0.00000 0.06063 0.00000 0.03875 0.00000 
54	1	0.10049 0.00000 0.27522 0.00000 0.20066 0.00000 0.13549 0.00000 0.08325 0.00000 0.06705 0.00000 0.11477 0.00000 0.02307 0.00000 
55	1	0.12781 0.00000 0.35797 0.00000 0.17183 0.00000 0.11330 0.00000 0.07250 0.00000 0.05721 0.00000 0.09814 0.00000 0.00123 0.00000 
56	1	0.09617 0.00000 0.30360 0.00000 0.23141 0.00000 0.14815 0.00000 0.09487 0.00000 0.06321 0.00000 0.05786 0.00000 0.00472 0.00000 
57	1	0.26893 0.00000 0.29597 0.00000 0.17471 0.00000 0.10830 0.00000 0.05696 0.00000 0.04225 0.00000 0.05156 0.00000 0.00132 0.00000 
58	1	0.07992 0.00000 0.34271 0.00000 0.22654 0.00000 0.14609 0.00000 0.10904 0.00000 0.06350 0.00000 0.03141 0.00000 0.00079 0.00000 
59	1	0.11532 0.00000 0.30632 0.00000 0.19489 0.00000 0.14249 0.00000 0.09036 0.00000 0.07679 0.00000 0.06530 0.00000 0.00854 0.00000 
60	1	0.06509 0.00000 0.29773 0.00000 0.24430 0.00000 0.18911 0.00000 0.08017 0.00000 0.04522 0.00000 0.07724 0.00000 0.00114 0.00000 
61	1	0.05790 0.00000 0.20207 0.00000 0.23097 0.00000 0.21163 0.00000 0.15918 0.00000 0.09301 0.00000 0.04257 0.00000 0.00268 0.00000 
62	1	0.12455 0.00000 0.25423 0.00000 0.28887 0.00000 0.16312 0.00000 0.04509 0.00000 0.02821 0.00000 0.02533 0.00000 0.07060 0.00000 
63	1	0.14269 0.00000 0.15018 0.00000 0.13849 0.00000 0.12219 0.00000 0.10482 0.00000 0.10249 0.00000 0.23056 0.00000 0.00859 0.00000 
64	1	0.08886 0.00000 0.26197 0.00000 0.19173 0.00000 0.14162 0.00000 0.10480 0.00000 0.10005 0.00000 0.10246 0.00000 0.00851 0.00000 
65	1	0.36987 0.00000 0.24039 0.00000 0.17942 0.00000 0.05567 0.00000 0.01639 0.00000 0.03050 0.00000 0.07203 0.00000 0.03573 0.00000 
66	1	0.23455 0.00000 0.20403 0.00000 0.18043 0.00000 0.21239 0.00000 0.11236 0.00000 0.03027 0.00000 0.02302 0.00000 0.00295 0.00000 
67	1	0.13474 0.00000 0.28358 0.00000 0.20990 0.00000 0.20178 0.00000 0.10162 0.00000 0.04601 0.00000 0.02184 0.00000 0.00053 0.00000 
68	1	0.12929 0.00000 0.22491 0.00000 0.14083 0.00000 0.19917 0.00000 0.22341 0.00000 0.05255 0.00000 0.02857 0.00000 0.00126 0.00000 
69	1	0.27773 0.00000 0.44842 0.00000 0.12496 0.00000 0.05650 0.00000 0.03604 0.00000 0.03041 0.00000 0.02452 0.00000 0.00143 0.00000 
70	1	0.02428 0.00000 0.11374 0.00000 0.29522 0.00000 0.32069 0.00000 0.13926 0.00000 0.06217 0.00000 0.03912 0.00000 0.00551 0.00000 
71	1	0.02715 0.00000 0.14061 0.00000 0.16346 0.00000 0.19699 0.00000 0.26170 0.00000 0.14946 0.00000 0.05351 0.00000 0.00711 0.00000 
72	1	0.11982 0.00000 0.22472 0.00000 0.18514 0.00000 0.18670 0.00000 0.14162 0.00000 0.08618 0.00000 0.04856 0.00000 0.00725 0.00000 
73	1	0.01878 0.00000 0.05549 0.00000 0.05888 0.00000 0.05312 0.00000 0.05906 0.00000 0.11823 0.00000 0.61442 0.00000 0.02202 0.00000 
74	1	0.15185 0.00000 0.15545 0.00000 0.23706 0.00000 0.26016 0.00000 0.14399 0.00000 0.03570 0.00000 0.00515 0.00000 0.01065 0.00000 
75	1	0.05416 0.00000 0.23600 0.00000 0.22716 0.00000 0.18434 0.00000 0.14096 0.00000 0.07247 0.00000 0.08088 0.00000 0.00403 0.00000 
76	1	0.09107 0.00000 0.34014 0.00000 0.19051 0.00000 0.13668 0.00000 0.09497 0.00000 0.08793 0.00000 0.05783 0.00000 0.00086 0.00000 
77	1	0.03234 0.00000 0.21857 0.00000 0.21306 0.00000 0.19336 0.00000 0.16415 0.00000 0.11021 0.00000 0.06664 0.00000 0.00167 0.00000 
78	1	0.16082 0.00000 0.40510 0.00000 0.18330 0.00000 0.11944 0.00000 0.07304 0.00000 0.03468 0.00000 0.01536 0.00000 0.00827 0.00000 
79	1	0.01651 0.00000 0.02432 0.00000 0.02333 0.00000 0.02679 0.00000 0.04055 0.00000 0.20536 0.00000 0.66063 0.00000 0.00250 0.00000 
80	1	0.07798 0.00000 0.24969 0.00000 0.24116 0.00000 0.16270 0.00000 0.09757 0.00000 0.07152 0.00000 0.09845 0.00000 0.00092 0.00000 
81	1	0.18852 0.00000 0.34210 0.00000 0.19110 0.00000 0.10857 0.00000 0.06287 0.00000 0.03587 0.00000 0.06927 0.00000 0.00170 0.00000 
82	1	0.16822 0.00000 0.32053 0.00000 0.21740 0.00000 0.13311 0.00000 0.07981 0.00000 0.04748 0.00000 0.03162 0.00000 0.00184 0.00000 
83	1	0.18339 0.00000 0.33191 0.00000 0.18714 0.00000 0.12981 0.00000 0.08351 0.00000 0.03801 0.00000 0.04153 0.00000 0.00469 0.00000 
84	1	0.14993 0.00000 0.28704 0.00000 0.17628 0.00000 0.12688 0.00000 0.11479 0.00000 0.06658 0.00000 0.07729 0.00000 0.00121 0.00000 
85	1	0.15277 0.00000 0.33759 0.00000 0.26106 0.00000 0.11489 0.00000 0.06212 0.00000 0.03597 0.00000 0.03259 0.00000 0.00301 0.00000 
86	1	0.02277 0.00000 0.12042 0.00000 0.14983 0.00000 0.16164 0.00000 0.22852 0.00000 0.17175 0.00000 0.12394 0.00000 0.02113 0.00000 
87	1	0.15325 0.00000 0.29411 0.00000 0.23975 0.00000 0.14521 0.00000 0.07625 0.00000 0.04785 0.00000 0.04166 0.00000 0.00192 0.00000 
88	1	0.04398 0.00000 0.16085 0.00000 0.24924 0.00000 0.23223 0.00000 0.22497 0.00000 0.06302 0.00000 0.02245 0.00000 0.00328 0.00000 
89	1	0.09576 0.00000 0.35967 0.00000 0.23668 0.00000 0.12702 0.00000 0.08054 0.00000 0.05014 0.00000 0.04564 0.00000 0.00454 0.00000 
90	1	0.12519 0.00000 0.21823 0.00000 0.19949 0.00000 0.18691 0.00000 0.10577 0.00000 0.05781 0.00000 0.10170 0.00000 0.00488 0.00000 
91	1	0.10424 0.00000 0.23315 0.00000 0.18782 0.00000 0.21218 0.00000 0.11492 0.00000 0.05781 0.00000 0.08753 0.00000 0.00235 0.00000 
92	1	0.03168 0.00000 0.14663 0.00000 0.34274 0.00000 0.23965 0.00000 0.11309 0.00000 0.06466 0.00000 0.06011 0.00000 0.00144 0.00000 
93	1	0.07058 0.00000 0.24722 0.00000 0.18145 0.00000 0.13798 0.00000 0.11857 0.00000 0.11335 0.00000 0.12599 0.00000 0.00486 0.00000 
94	1	0.03032 0.00000 0.20154 0.00000 0.22706 0.00000 0.21650 0.00000 0.14418 0.00000 0.06635 0.00000 0.11120 0.00000 0.00286 0.00000 
95	1	0.16637 0.00000 0.26987 0.00000 0.11007 0.00000 0.06064 0.00000 0.06230 0.00000 0.10980 0.00000 0.22037 0.00000 0.00059 0.00000 
96	1	0.02636 0.00000 0.16368 0.00000 0.24911 0.00000 0.15979 0.00000 0.12029 0.00000 0.12493 0.00000 0.15308 0.00000 0.00277 0.00000 
97	1	0.02472 0.00000 0.17232 0.00000 0.21584 0.00000 0.33253 0.00000 0.16699 0.00000 0.04842 0.00000 0.02877 0.00000 0.01041 0.00000 
98	1	0.02069 0.00000 0.08358 0.00000 0.27151 0.00000 0.34209 0.00000 0.17270 0.00000 0.06640 0.00000 0.04008 0.00000 0.00295 0.00000 
99	1	0.10858 0.00000 0.27855 0.00000 0.26108 0.00000 0.17536 0.00000 0.08581 0.00000 0.05344 0.00000 0.03498 0.00000 0.00220 0.00000 
100	2	0.08174 0.00000 0.15617 0.00000 0.20920 0.00000 0.25183 0.00000 0.17141 0.00000 0.05712 0.00000 0.06675 0.00000 0.00579 0.00000 
101	2	0.01493 0.00000 0.02494 0.00000 0.01775 0.00000 0.08153 0.00000 0.21822 0.00000 0.33309 0.00000 0.30510 0.00000 0.00443 0.00000 
102	2	0.00810 0.00000 0.02227 0.00000 0.06843 0.00000 0.22741 0.00000 0.42470 0.00000 0.22052 0.00000 0.02713 0.00000 0.00144 0.00000 
103	2	0.01201 0.00000 0.15350 0.00000 0.26739 0.00000 0.06663 0.00000 0.36941 0.00000 0.11810 0.00000 0.01148 0.00000 0.00146 0.00000 
104	2	0.01425 0.00000 0.02591 0.00000 0.02914 0.00000 0.17686 0.00000 0.38672 0.00000 0.30417 0.00000 0.06153 0.00000 0.00141 0.00000 
105	2	0.09493 0.00000 0.39109 0.00000 0.23959 0.00000 0.17414 0.00000 0.07507 0.00000 0.01766 0.00000 0.00593 0.00000 0.00158 0.00000 
106	2	0.01757 0.00000 0.05059 0.00000 0.06707 0.00000 0.21955 0.00000 0.25945 0.00000 0.33785 0.00000 0.04468 0.00000 0.00325 0.00000 
107	2	0.04211 0.00000 0.08399 0.00000 0.09645 0.00000 0.12566 0.00000 0.34802 0.00000 0.26792 0.00000 0.03296 0.00000 0.00288 0.00000 
108	2	0.01853 0.00000 0.07313 0.00000 0.09213 0.00000 0.36846 0.00000 0.39023 0.00000 0.03031 0.00000 0.02586 0.00000 0.00134 0.00000 
109	2	0.21261 0.00000 0.19724 0.00000 0.11094 0.00000 0.15958 0.00000 0.15614 0.00000 0.13842 0.00000 0.02278 0.00000 0.00231 0.00000 
110	2	0.06537 0.00000 0.22586 0.00000 0.39140 0.00000 0.18859 0.00000 0.08292 0.00000 0.02864 0.00000 0.01498 0.00000 0.00225 0.00000 
111	2	0.05123 0.00000 0.13170 0.00000 0.28748 0.00000 0.28639 0.00000 0.13689 0.00000 0.06800 0.00000 0.02154 0.00000 0.01677 0.00000 
112	2	0.03677 0.00000 0.09623 0.00000 0.22775 0.00000 0.27471 0.00000 0.20809 0.00000 0.10990 0.00000 0.04507 0.00000 0.00146 0.00000 
113	2	0.04616 0.00000 0.07677 0.00000 0.15271 0.00000 0.27942 0.00000 0.34857 0.00000 0.07191 0.00000 0.02220 0.00000 0.00226 0.00000 
114	2	0.13002 0.00000 0.25682 0.00000 0.29255 0.00000 0.10546 0.00000 0.04993 0.00000 0.05739 0.00000 0.10463 0.00000 0.00320 0.00000 
115	2	0.04489 0.00000 0.18771 0.00000 0.14817 0.00000 0.13228 0.00000 0.20403 0.00000 0.13961 0.00000 0.14286 0.00000 0.00044 0.00000 
116	2	0.04526 0.00000 0.21753 0.00000 0.29413 0.00000 0.31658 0.00000 0.04980 0.00000 0.02697 0.00000 0.04365 0.00000 0.00608 0.00000 
117	2	0.03641 0.00000 0.04469 0.00000 0.05017 0.00000 0.10786 0.00000 0.29154 0.00000 0.24517 0.00000 0.22206 0.00000 0.00211 0.00000 
118	2	0.00938 0.00000 0.07536 0.00000 0.24909 0.00000 0.18154 0.00000 0.17902 0.00000 0.24152 0.00000 0.06237 0.00000 0.00173 0.00000 
119	2	0.05895 0.00000 0.16060 0.00000 0.10052 0.00000 0.06307 0.00000 0.27407 0.00000 0.32761 0.00000 0.01363 0.00000 0.00155 0.00000 
120	2	0.01929 0.00000 0.06523 0.00000 0.07902 0.00000 0.31260 0.00000 0.35558 0.00000 0.15056 0.00000 0.01710 0.00000 0.00062 0.00000 
121	2	0.01843 0.00000 0.39897 0.00000 0.14273 0.00000 0.23257 0.00000 0.10753 0.00000 0.03630 0.00000 0.05892 0.00000 0.00455 0.00000 
122	2	0.02105 0.00000 0.12386 0.00000 0.16037 0.00000 0.31433 0.00000 0.17778 0.00000 0.17731 0.00000 0.02465 0.00000 0.00066 0.00000 
123	2	0.00447 0.00000 0.02309 0.00000 0.06902 0.00000 0.12347 0.00000 0.28167 0.00000 0.47777 0.00000 0.02046 0.00000 0.00005 0.00000 
124	2	0.03607 0.00000 0.10537 0.00000 0.19187 0.00000 0.24327 0.00000 0.17285 0.00000 0.03751 0.00000 0.20859 0.00000 0.00448 0.00000 
125	2	0.00433 0.00000 0.03057 0.00000 0.25032 0.00000 0.41150 0.00000 0.08645 0.00000 0.15139 0.00000 0.06509 0.00000 0.00036 0.00000 
126	2	0.00027 0.00000 0.00368 0.00000 0.08376 0.00000 0.25787 0.00000 0.39309 0.00000 0.26055 0.00000 0.00073 0.00000 0.00004 0.00000 
127	2	0.01040 0.00000 0.03238 0.00000 0.03500 0.00000 0.18448 0.00000 0.60400 0.00000 0.10688 0.00000 0.02667 0.00000 0.00018 0.00000 
128	2	0.08703 0.00000 0.09440 0.00000 0.12260 0.00000 0.19083 0.00000 0.14144 0.00000 0.32714 0.00000 0.03441 0.00000 0.00216 0.00000 
129	2	0.02701 0.00000 0.09350 0.00000 0.34971 0.00000 0.34372 0.00000 0.07783 0.00000 0.02641 0.00000 0.08028 0.00000 0.00155 0.00000 
130	2	0.00663 0.00000 0.03895 0.00000 0.09529 0.00000 0.08828 0.00000 0.34241 0.00000 0.20694 0.00000 0.20388 0.00000 0.01763 0.00000 
131	2	0.03184 0.00000 0.04397 0.00000 0.03389 0.00000 0.05784 0.00000 0.29892 0.00000 0.37502 0.00000 0.14765 0.00000 0.01086 0.00000 
132	2	0.01554 0.00000 0.08885 0.00000 0.28351 0.00000 0.28134 0.00000 0.18506 0.00000 0.08002 0.00000 0.06437 0.00000 0.00131 0.00000 
133	2	0.05335 0.00000 0.12973 0.00000 0.30181 0.00000 0.28607 0.00000 0.08374 0.00000 0.10203 0.00000 0.04148 0.00000 0.00178 0.00000 
134	2	0.03099 0.00000 0.06997 0.00000 0.17432 0.00000 0.33550 0.00000 0.22076 0.00000 0.14936 0.00000 0.01824 0.00000 0.00086 0.00000 
135	2	0.02668 0.00000 0.19473 0.00000 0.29349 0.00000 0.31017 0.00000 0.09681 0.00000 0.04867 0.00000 0.02757 0.00000 0.00188 0.00000 
136	2	0.01420 0.00000 0.03187 0.00000 0.08767 0.00000 0.39822 0.00000 0.25531 0.00000 0.13592 0.00000 0.07652 0.00000 0.00030 0.00000 
137	2	0.02361 0.00000 0.08190 0.00000 0.05630 0.00000 0.24161 0.00000 0.55010 0.00000 0.03416 0.00000 0.01216 0.00000 0.00016 0.00000 
138	2	0.01557 0.00000 0.01412 0.00000 0.05417 0.00000 0.13636 0.00000 0.28809 0.00000 0.47303 0.00000 0.01712 0.00000 0.00154 0.00000 
139	2	0.02718 0.00000 0.05458 0.00000 0.06248 0.00000 0.12816 0.00000 0.36615 0.00000 0.34710 0.00000 0.01355 0.00000 0.00080 0.00000 
140	2	0.09669 0.00000 0.12565 0.00000 0.14174 0.00000 0.17372 0.00000 0.20525 0.00000 0.19265 0.00000 0.06176 0.00000 0.00254 0.00000 
141	2	0.04294 0.00000 0.25837 0.00000 0.32213 0.00000 0.24623 0.00000 0.05551 0.00000 0.04231 0.00000 0.03095 0.00000 0.00156 0.00000 
142	2	0.04887 0.00000 0.17061 0.00000 0.34126 0.00000 0.28069 0.00000 0.10423 0.00000 0.02892 0.00000 0.02527 0.00000 0.00015 0.00000 
143	2	0.01897 0.00000 0.12352 0.00000 0.32229 0.00000 0.25628 0.00000 0.23158 0.00000 0.02850 0.00000 0.01641 0.00000 0.00245 0.00000 
144	2	0.01751 0.00000 0.10419 0.00000 0.19561 0.00000 0.17521 0.00000 0.11451 0.00000 0.12335 0.00000 0.26872 0.00000 0.00091 0.00000 
145	2	0.03632 0.00000 0.10078 0.00000 0.09337 0.00000 0.15573 0.00000 0.26220 0.00000 0.32681 0.00000 0.02242 0.00000 0.00237 0.00000 
146	2	0.00262 0.00000 0.01155 0.00000 0.32720 0.00000 0.12750 0.00000 0.41159 0.00000 0.11394 0.00000 0.00412 0.00000 0.00148 0.00000 
147	2	0.03835 0.00000 0.14843 0.00000 0.32493 0.00000 0.26542 0.00000 0.15132 0.00000 0.06029 0.00000 0.01014 0.00000 0.00112 0.00000 
148	2	0.00074 0.00000 0.03571 0.00000 0.08321 0.00000 0.28732 0.00000 0.20514 0.00000 0.16577 0.00000 0.22025 0.00000 0.00186 0.00000 
149	2	0.01001 0.00000 0.03761 0.00000 0.08213 0.00000 0.39152 0.00000 0.43800 0.00000 0.03073 0.00000 0.00904 0.00000 0.00096 0.00000 
150	2	0.04222 0.00000 0.06644 0.00000 0.12593 0.00000 0.23921 0.00000 0.42564 0.00000 0.08276 0.00000 0.01721 0.00000 0.00060 0.00000 
151	2	0.03624 0.00000 0.11780 0.00000 0.42979 0.00000 0.28889 0.00000 0.10970 0.00000 0.01673 0.00000 0.00079 0.00000 0.00005 0.00000 
152	2	0.00138 0.00000 0.07002 0.00000 0.03774 0.00000 0.01000 0.00000 0.27758 0.00000 0.59409 0.00000 0.00907 0.00000 0.00012 0.00000 
153	2	0.07950 0.00000 0.19302 0.00000 0.20237 0.00000 0.16310 0.00000 0.20571 0.00000 0.13031 0.00000 0.02514 0.00000 0.00085 0.00000 
154	2	0.01389 0.00000 0.07634 0.00000 0.29009 0.00000 0.17048 0.00000 0.15368 0.00000 0.24821 0.00000 0.04598 0.00000 0.00133 0.00000 
155	2	0.00363 0.00000 0.05405 0.00000 0.48011 0.00000 0.26438 0.00000 0.12368 0.00000 0.05483 0.00000 0.01866 0.00000 0.00066 0.00000 
156	2	0.00839 0.00000 0.07799 0.00000 0.08644 0.00000 0.61401 0.00000 0.18738 0.00000 0.01677 0.00000 0.00743 0.00000 0.00159 0.00000 
157	2	0.00369 0.00000 0.02173 0.00000 0.14005 0.00000 0.36247 0.00000 0.36678 0.00000 0.06760 0.00000 0.03607 0.00000 0.00162 0.00000 
158	2	0.00660 0.00000 0.16046 0.00000 0.11485 0.00000 0.08589 0.00000 0.55558 0.00000 0.06327 0.00000 0.01267 0.00000 0.00067 0.00000 
159	2	0.00687 0.00000 0.02503 0.00000 0.17941 0.00000 0.08772 0.00000 0.24682 0.00000 0.44173 0.00000 0.01060 0.00000 0.00182 0.00000 
160	2	0.10267 0.00000 0.24928 0.00000 0.17136 0.00000 0.10270 0.00000 0.14283 0.00000 0.17830 0.00000 0.05254 0.00000 0.00032 0.00000 
161	2	0.00302 0.00000 0.01429 0.00000 0.04896 0.00000 0.40400 0.00000 0.50244 0.00000 0.02077 0.00000 0.00603 0.00000 0.00048 0.00000 
162	2	0.03070 0.00000 0.09371 0.00000 0.15363 0.00000 0.21622 0.00000 0.29810 0.00000 0.18264 0.00000 0.02402 0.00000 0.00100 0.00000 
163	2	0.00166 0.00000 0.01827 0.00000 0.05742 0.00000 0.06681 0.00000 0.33347 0.00000 0.41976 0.00000 0.09764 0.00000 0.00497 0.00000 
164	2	0.00598 0.00000 0.30664 0.00000 0.25674 0.00000 0.18495 0.00000 0.21639 0.00000 0.01816 0.00000 0.01009 0.00000 0.00105 0.00000 
165	2	0.01967 0.00000 0.12940 0.00000 0.29899 0.00000 0.20749 0.00000 0.31907 0.00000 0.01643 0.00000 0.00795 0.00000 0.00099 0.00000 
166	2	0.04722 0.00000 0.11147 0.00000 0.14936 0.00000 0.41094 0.00000 0.12907 0.00000 0.13135 0.00000 0.01996 0.00000 0.00063 0.00000 
167	2	0.09555 0.00000 0.28888 0.00000 0.19020 0.00000 0.17767 0.00000 0.21475 0.00000 0.02256 0.00000 0.01019 0.00000 0.00019 0.00000 
168	2	0.07411 0.00000 0.16417 0.00000 0.20838 0.00000 0.31906 0.00000 0.04389 0.00000 0.16948 0.00000 0.02075 0.00000 0.00014 0.00000 
169	2	0.06023 0.00000 0.10734 0.00000 0.21864 0.00000 0.34611 0.00000 0.10169 0.00000 0.11657 0.00000 0.04848 0.00000 0.00094 0.00000 
170	2	0.03457 0.00000 0.17378 0.00000 0.26230 0.00000 0.19995 0.00000 0.20321 0.00000 0.09497 0.00000 0.03098 0.00000 0.00025 0.00000 
171	2	0.05693 0.00000 0.22190 0.00000 0.28515 0.00000 0.25288 0.00000 0.16143 0.00000 0.01184 0.00000 0.00763 0.00000 0.00225 0.00000 
172	2	0.02554 0.00000 0.09040 0.00000 0.31565 0.00000 0.43733 0.00000 0.08799 0.00000 0.04085 0.00000 0.00189 0.00000 0.00034 0.00000 
173	2	0.00637 0.00000 0.01246 0.00000 0.22167 0.00000 0.36355 0.00000 0.23731 0.00000 0.08007 0.00000 0.07587 0.00000 0.00271 0.00000 
174	2	0.02326 0.00000 0.11328 0.00000 0.34774 0.00000 0.30731 0.00000 0.14329 0.00000 0.02843 0.00000 0.03437 0.00000 0.00231 0.00000 
175	2	0.01996 0.00000 0.20726 0.00000 0.19068 0.00000 0.25058 0.00000 0.17273 0.00000 0.09362 0.00000 0.06411 0.00000 0.00107 0.00000 
176	2	0.00975 0.00000 0.09751 0.00000 0.12500 0.00000 0.20209 0.00000 0.42604 0.00000 0.09487 0.00000 0.04439 0.00000 0.00036 0.00000 
177	2	0.03380 0.00000 0.07812 0.00000 0.14012 0.00000 0.11926 0.00000 0.57202 0.00000 0.04598 0.00000 0.01005 0.00000 0.00064 0.00000 
178	2	0.01264 0.00000 0.22068 0.00000 0.38053 0.00000 0.12882 0.00000 0.11098 0.00000 0.09789 0.00000 0.04749 0.00000 0.00096 0.00000 
179	2	0.06387 0.00000 0.08562 0.00000 0.17522 0.00000 0.21992 0.00000 0.38273 0.00000 0.06802 0.00000 0.00420 0.00000 0.00041 0.00000 
180	2	0.01141 0.00000 0.03978 0.00000 0.04822 0.00000 0.34535 0.00000 0.49464 0.00000 0.04761 0.00000 0.01226 0.00000 0.00073 0.00000 
181	2	0.09527 0.00000 0.15384 0.00000 0.31659 0.00000 0.28217 0.00000 0.09253 0.00000 0.03347 0.00000 0.02552 0.00000 0.00062 0.00000 
182	2	0.22304 0.00000 0.29957 0.00000 0.11824 0.00000 0.16494 0.00000 0.13404 0.00000 0.04259 0.00000 0.01735 0.00000 0.00022 0.00000 
183	2	0.00471 0.00000 0.05166 0.00000 0.45864 0.00000 0.20282 0.00000 0.23264 0.00000 0.03705 0.00000 0.01225 0.00000 0.00024 0.00000 
184	2	0.01682 0.00000 0.05250 0.00000 0.08205 0.00000 0.35802 0.00000 0.32355 0.00000 0.14657 0.00000 0.01822 0.00000 0.00228 0.00000 
185	2	0.01640 0.00000 0.03218 0.00000 0.09017 0.00000 0.39336 0.00000 0.22573 0.00000 0.21063 0.00000 0.03123 0.00000 0.00031 0.00000 
186	2	0.01651 0.00000 0.08521 0.00000 0.39225 0.00000 0.45532 0.00000 0.04669 0.00000 0.00300 0.00000 0.00093 0.00000 0.00009 0.00000 
187	2	0.00694 0.00000 0.25649 0.00000 0.22006 0.00000 0.15644 0.00000 0.17293 0.00000 0.18104 0.00000 0.00585 0.00000 0.00024 0.00000 
188	2	0.03955 0.00000 0.19763 0.00000 0.28464 0.00000 0.16819 0.00000 0.14234 0.00000 0.15492 0.00000 0.01270 0.00000 0.00003 0.00000 
189	2	0.17550 0.00000 0.35719 0.00000 0.17497 0.00000 0.13523 0.00000 0.04612 0.00000 0.08156 0.00000 0.02936 0.00000 0.00007 0.00000 
190	2	0.04922 0.00000 0.22333 0.00000 0.22093 0.00000 0.13751 0.00000 0.17360 0.00000 0.16963 0.00000 0.02441 0.00000 0.00136 0.00000 
191	2	0.01706 0.00000 0.05386 0.00000 0.07539 0.00000 0.31870 0.00000 0.48567 0.00000 0.03581 0.00000 0.01310 0.00000 0.00042 0.00000 
192	2	0.02154 0.00000 0.03936 0.00000 0.05328 0.00000 0.10221 0.00000 0.62183 0.00000 0.13541 0.00000 0.02591 0.00000 0.00047 0.00000 
193	2	0.03602 0.00000 0.15750 0.00000 0.14727 0.00000 0.23998 0.00000 0.13748 0.00000 0.24138 0.00000 0.03993 0.00000 0.00044 0.00000 
194	2	0.00698 0.00000 0.02944 0.00000 0.10519 0.00000 0.38246 0.00000 0.26108 0.00000 0.16537 0.00000 0.04825 0.00000 0.00123 0.00000 
195	2	0.03847 0.00000 0.03332 0.00000 0.05688 0.00000 0.14509 0.00000 0.48899 0.00000 0.20562 0.00000 0.02894 0.00000 0.00269 0.00000 
196	2	0.08167 0.00000 0.21594 0.00000 0.27987 0.00000 0.12106 0.00000 0.07080 0.00000 0.15078 0.00000 0.07913 0.00000 0.00075 0.00000 
197	2	0.08487 0.00000 0.06336 0.00000 0.15403 0.00000 0.30026 0.00000 0.32432 0.00000 0.07035 0.00000 0.00275 0.00000 0.00005 0.00000 
198	2	0.06331 0.00000 0.06253 0.00000 0.04186 0.00000 0.10083 0.00000 0.38423 0.00000 0.30952 0.00000 0.03750 0.00000 0.00022 0.00000 
199	2	0.00133 0.00000 0.05544 0.00000 0.16270 0.00000 0.17693 0.00000 0.26973 0.00000 0.10612 0.00000 0.22728 0.00000 0.00046 0.00000 
200	3	0.15640 0.00000 0.12854 0.00000 0.15505 0.00000 0.39756 0.00000 0.10917 0.00000 0.04884 0.00000 0.00432 0.00000 0.00011 0.00000 
201	3	0.26339 0.00000 0.19004 0.00000 0.11806 0.00000 0.06079 0.00000 0.11844 0.00000 0.23062 0.00000 0.01863 0.00000 0.00003 0.00000 
202	3	0.05288 0.00000 0.09934 0.00000 0.10631 0.00000 0.08546 0.00000 0.28070 0.00000 0.34472 0.00000 0.02867 0.00000 0.00192 0.00000 
203	3	0.18686 0.00000 0.12250 0.00000 0.13840 0.00000 0.15210 0.00000 0.26060 0.00000 0.09828 0.00000 0.04013 0.00000 0.00114 0.00000 
204	3	0.06994 0.00000 0.07962 0.00000 0.13004 0.00000 0.29081 0.00000 0.31249 0.00000 0.09411 0.00000 0.02201 0.00000 0.00099 0.00000 
205	3	0.06479 0.00000 0.06522 0.00000 0.19194 0.00000 0.28802 0.00000 0.24730 0.00000 0.10464 0.00000 0.03695 0.00000 0.00114 0.00000 
206	3	0.21667 0.00000 0.08682 0.00000 0.21987 0.00000 0.14769 0.00000 0.13722 0.00000 0.12108 0.00000 0.07019 0.00000 0.00045 0.00000 
207	3	0.19311 0.00000 0.14056 0.00000 0.11553 0.00000 0.08431 0.00000 0.06797 0.00000 0.19468 0.00000 0.20129 0.00000 0.00254 0.00000 
208	3	0.24003 0.00000 0.22269 0.00000 0.11305 0.00000 0.10568 0.00000 0.16223 0.00000 0.12152 0.00000 0.03266 0.00000 0.00214 0.00000 
209	3	0.03226 0.00000 0.31960 0.00000 0.17342 0.00000 0.10391 0.00000 0.07493 0.00000 0.09348 0.00000 0.19927 0.00000 0.00313 0.00000 
210	3	0.09722 0.00000 0.27474 0.00000 0.13890 0.00000 0.13258 0.00000 0.10873 0.00000 0.06195 0.00000 0.18351 0.00000 0.00237 0.00000 
211	3	0.17100 0.00000 0.16177 0.00000 0.15291 0.00000 0.11064 0.00000 0.09858 0.00000 0.16251 0.00000 0.13875 0.00000 0.00384 0.00000 
212	3	0.16907 0.00000 0.18514 0.00000 0.17875 0.00000 0.20456 0.00000 0.13331 0.00000 0.04820 0.00000 0.07885 0.00000 0.00213 0.00000 
213	3	0.03574 0.00000 0.24119 0.00000 0.38938 0.00000 0.17216 0.00000 0.03761 0.00000 0.06909 0.00000 0.05435 0.00000 0.00048 0.00000 
214	3	0.08722 0.00000 0.10510 0.00000 0.20335 0.00000 0.34691 0.00000 0.16531 0.00000 0.04728 0.00000 0.04239 0.00000 0.00243 0.00000 
215	3	0.15792 0.00000 0.10210 0.00000 0.07605 0.00000 0.28910 0.00000 0.23508 0.00000 0.11452 0.00000 0.02360 0.00000 0.00163 0.00000 
216	3	0.18022 0.00000 0.15245 0.00000 0.18276 0.00000 0.05739 0.00000 0.07556 0.00000 0.13702 0.00000 0.21124 0.00000 0.00336 0.00000 
217	3	0.20267 0.00000 0.13239 0.00000 0.11129 0.00000 0.15298 0.00000 0.15923 0.00000 0.09166 0.00000 0.14796 0.00000 0.00182 0.00000 
218	3	0.15388 0.00000 0.12976 0.00000 0.08727 0.00000 0.16060 0.00000 0.26919 0.00000 0.18328 0.00000 0.01575 0.00000 0.00027 0.00000 
219	3	0.09538 0.00000 0.12420 0.00000 0.08962 0.00000 0.12896 0.00000 0.26815 0.00000 0.26825 0.00000 0.02423 0.00000 0.00122 0.00000 
220	3	0.01507 0.00000 0.03387 0.00000 0.38244 0.00000 0.21346 0.00000 0.21103 0.00000 0.10193 0.00000 0.04093 0.00000 0.00127 0.00000 
221	3	0.10305 0.00000 0.08823 0.00000 0.12303 0.00000 0.13616 0.00000 0.21289 0.00000 0.23840 0.00000 0.09672 0.00000 0.00153 0.00000 
222	3	0.06971 0.00000 0.14093 0.00000 0.18994 0.00000 0.19323 0.00000 0.29199 0.00000 0.07977 0.00000 0.03259 0.00000 0.00183 0.00000 
223	3	0.27806 0.00000 0.23837 0.00000 0.13169 0.00000 0.10402 0.00000 0.03269 0.00000 0.01876 0.00000 0.19305 0.00000 0.00335 0.00000 
224	3	0.10224 0.00000 0.07630 0.00000 0.22990 0.00000 0.23275 0.00000 0.23296 0.00000 0.10083 0.00000 0.02404 0.00000 0.00098 0.00000 
225	3	0.08194 0.00000 0.22108 0.00000 0.32713 0.00000 0.10719 0.00000 0.05328 0.00000 0.11373 0.00000 0.09378 0.00000 0.00187 0.00000 
226	3	0.06637 0.00000 0.14653 0.00000 0.15588 0.00000 0.19745 0.00000 0.11954 0.00000 0.12008 0.00000 0.19129 0.00000 0.00287 0.00000 
227	3	0.24505 0.00000 0.08739 0.00000 0.21722 0.00000 0.28213 0.00000 0.10152 0.00000 0.04061 0.00000 0.02541 0.00000 0.00066 0.00000 
228	3	0.30951 0.00000 0.12780 0.00000 0.08539 0.00000 0.22290 0.00000 0.16047 0.00000 0.05991 0.00000 0.03221 0.00000 0.00182 0.00000 
229	3	0.15761 0.00000 0.12525 0.00000 0.12032 0.00000 0.21458 0.00000 0.24031 0.00000 0.09541 0.00000 0.04524 0.00000 0.00128 0.00000 
230	3	0.15423 0.00000 0.16441 0.00000 0.10157 0.00000 0.18582 0.00000 0.21855 0.00000 0.12060 0.00000 0.05344 0.00000 0.00139 0.00000 
231	3	0.08298 0.00000 0.29553 0.00000 0.19495 0.00000 0.16268 0.00000 0.14078 0.00000 0.08701 0.00000 0.03330 0.00000 0.00278 0.00000 
232	3	0.10317 0.00000 0.13223 0.00000 0.17921 0.00000 0.22446 0.00000 0.26640 0.00000 0.05639 0.00000 0.03604 0.00000 0.00211 0.00000 
233	3	0.17646 0.00000 0.22784 0.00000 0.21740 0.00000 0.14388 0.00000 0.11533 0.00000 0.08301 0.00000 0.03478 0.00000 0.00130 0.00000 
234	3	0.37822 0.00000 0.03412 0.00000 0.21864 0.00000 0.22986 0.00000 0.13093 0.00000 0.00794 0.00000 0.00026 0.00000 0.00002 0.00000 
235	3	0.07355 0.00000 0.14706 0.00000 0.09735 0.00000 0.35463 0.00000 0.19958 0.00000 0.06878 0.00000 0.05832 0.00000 0.00072 0.00000 
236	3	0.10874 0.00000 0.22061 0.00000 0.29235 0.00000 0.25866 0.00000 0.07870 0.00000 0.01723 0.00000 0.02292 0.00000 0.00078 0.00000 
237	3	0.07479 0.00000 0.16536 0.00000 0.13233 0.00000 0.13780 0.00000 0.18232 0.00000 0.22287 0.00000 0.08263 0.00000 0.00189 0.00000 
238	3	0.11987 0.00000 0.14044 0.00000 0.19499 0.00000 0.28366 0.00000 0.14908 0.00000 0.06858 0.00000 0.04033 0.00000 0.00304 0.00000 
239	3	0.05555 0.00000 0.09619 0.00000 0.06769 0.00000 0.32123 0.00000 0.34889 0.00000 0.07582 0.00000 0.03369 0.00000 0.00095 0.00000 
240	3	0.12113 0.00000 0.24687 0.00000 0.18463 0.00000 0.16242 0.00000 0.13218 0.00000 0.08967 0.00000 0.06037 0.00000 0.00272 0.00000 
241	3	0.08024 0.00000 0.10156 0.00000 0.11179 0.00000 0.27196 0.00000 0.25727 0.00000 0.15658 0.00000 0.01938 0.00000 0.00122 0.00000 
242	3	0.03358 0.00000 0.05843 0.00000 0.12468 0.00000 0.37079 0.00000 0.32887 0.00000 0.05653 0.00000 0.02654 0.00000 0.00058 0.00000 
243	3	0.11454 0.00000 0.10578 0.00000 0.17345 0.00000 0.33983 0.00000 0.12720 0.00000 0.08083 0.00000 0.05630 0.00000 0.00205 0.00000 
244	3	0.11239 0.00000 0.12339 0.00000 0.26213 0.00000 0.26052 0.00000 0.11096 0.00000 0.09240 0.00000 0.03713 0.00000 0.00109 0.00000 
245	3	0.46348 0.00000 0.38834 0.00000 0.11340 0.00000 0.01310 0.00000 0.00494 0.00000 0.00312 0.00000 0.01116 0.00000 0.00245 0.00000 
246	3	0.02725 0.00000 0.13302 0.00000 0.15250 0.00000 0.25173 0.00000 0.19821 0.00000 0.10509 0.00000 0.13015 0.00000 0.00205 0.00000 
247	3	0.13450 0.00000 0.29341 0.00000 0.20508 0.00000 0.14090 0.00000 0.11253 0.00000 0.06387 0.00000 0.04725 0.00000 0.00246 0.00000 
248	3	0.06816 0.00000 0.08572 0.00000 0.08189 0.00000 0.32921 0.00000 0.26819 0.00000 0.08275 0.00000 0.08152 0.00000 0.00255 0.00000 
249	3	0.16807 0.00000 0.32476 0.00000 0.21618 0.00000 0.14185 0.00000 0.08632 0.00000 0.04504 0.00000 0.01696 0.00000 0.00082 0.00000 
250	3	0.30956 0.00000 0.23184 0.00000 0.16965 0.00000 0.12863 0.00000 0.08989 0.00000 0.04652 0.00000 0.02228 0.00000 0.00163 0.00000 
251	3	0.11907 0.00000 0.12797 0.00000 0.27022 0.00000 0.24703 0.00000 0.12423 0.00000 0.07881 0.00000 0.03203 0.00000 0.00064 0.00000 
252	3	0.07851 0.00000 0.14402 0.00000 0.06792 0.00000 0.06890 0.00000 0.12850 0.00000 0.40994 0.00000 0.10023 0.00000 0.00197 0.00000 
253	3	0.15887 0.00000 0.15829 0.00000 0.07333 0.00000 0.11603 0.00000 0.19469 0.00000 0.25791 0.00000 0.03823 0.00000 0.00263 0.00000 
254	3	0.08512 0.00000 0.24405 0.00000 0.23774 0.00000 0.15519 0.00000 0.04255 0.00000 0.02957 0.00000 0.20354 0.00000 0.00223 0.00000 
255	3	0.07012 0.00000 0.14871 0.00000 0.18167 0.00000 0.26748 0.00000 0.24411 0.00000 0.06157 0.00000 0.02501 0.00000 0.00132 0.00000 
256	3	0.02859 0.00000 0.15294 0.00000 0.24921 0.00000 0.15382 0.00000 0.06629 0.00000 0.03445 0.00000 0.31254 0.00000 0.00215 0.00000 
257	3	0.13083 0.00000 0.28039 0.00000 0.25275 0.00000 0.13753 0.00000 0.10026 0.00000 0.02538 0.00000 0.07126 0.00000 0.00161 0.00000 
258	3	0.06546 0.00000 0.11007 0.00000 0.08430 0.00000 0.14407 0.00000 0.06780 0.00000 0.11768 0.00000 0.40847 0.00000 0.00216 0.00000 
259	3	0.13913 0.00000 0.13923 0.00000 0.18066 0.00000 0.21733 0.00000 0.15864 0.00000 0.11097 0.00000 0.05033 0.00000 0.00370 0.00000 
260	3	0.13759 0.00000 0.29195 0.00000 0.25898 0.00000 0.18177 0.00000 0.07449 0.00000 0.02569 0.00000 0.02752 0.00000 0.00200 0.00000 
261	3	0.20401 0.00000 0.18001 0.00000 0.14266 0.00000 0.12232 0.00000 0.21821 0.00000 0.09658 0.00000 0.03481 0.00000 0.00139 0.00000 
262	3	0.19194 0.00000 0.22639 0.00000 0.16912 0.00000 0.08098 0.00000 0.08871 0.00000 0.11004 0.00000 0.13004 0.00000 0.00279 0.00000 
263	3	0.04799 0.00000 0.24633 0.00000 0.27834 0.00000 0.23389 0.00000 0.13667 0.00000 0.03595 0.00000 0.01959 0.00000 0.00124 0.00000 
264	3	0.04870 0.00000 0.07845 0.00000 0.31634 0.00000 0.20695 0.00000 0.26082 0.00000 0.05815 0.00000 0.02951 0.00000 0.00109 0.00000 
265	3	0.15944 0.00000 0.27290 0.00000 0.15029 0.00000 0.10531 0.00000 0.03922 0.00000 0.02982 0.00000 0.23969 0.00000 0.00335 0.00000 
266	3	0.07644 0.00000 0.13395 0.00000 0.16309 0.00000 0.18332 0.00000 0.23734 0.00000 0.16301 0.00000 0.04127 0.00000 0.00159 0.00000 
267	3	0.03338 0.00000 0.14878 0.00000 0.18858 0.00000 0.25693 0.00000 0.22508 0.00000 0.11088 0.00000 0.03526 0.00000 0.00112 0.00000 
268	3	0.16890 0.00000 0.43108 0.00000 0.16059 0.00000 0.10246 0.00000 0.09302 0.00000 0.02575 0.00000 0.01726 0.00000 0.00094 0.00000 
269	3	0.22864 0.00000 0.25941 0.00000 0.16036 0.00000 0.11215 0.00000 0.10400 0.00000 0.07848 0.00000 0.05415 0.00000 0.00281 0.00000 
270	3	0.08572 0.00000 0.05772 0.00000 0.06550 0.00000 0.16845 0.00000 0.27423 0.00000 0.27051 0.00000 0.07747 0.00000 0.00040 0.00000 
271	3	0.01982 0.00000 0.08921 0.00000 0.08248 0.00000 0.13697 0.00000 0.28124 0.00000 0.21457 0.00000 0.17388 0.00000 0.00183 0.00000 
272	3	0.11396 0.00000 0.10967 0.00000 0.07543 0.00000 0.14585 0.00000 0.36758 0.00000 0.11870 0.00000 0.06846 0.00000 0.00034 0.00000 
273	3	0.49230 0.00000 0.20779 0.00000 0.12184 0.00000 0.08317 0.00000 0.05105 0.00000 0.02761 0.00000 0.01555 0.00000 0.00069 0.00000 
274	3	0.55614 0.00000 0.12666 0.00000 0.07040 0.00000 0.08941 0.00000 0.08945 0.00000 0.04009 0.00000 0.02546 0.00000 0.00239 0.00000 
275	3	0.10529 0.00000 0.14124 0.00000 0.30877 0.00000 0.07733 0.00000 0.12390 0.00000 0.20838 0.00000 0.03458 0.00000 0.00052 0.00000 
276	3	0.45866 0.00000 0.15662 0.00000 0.10118 0.00000 0.08437 0.00000 0.04263 0.00000 0.01472 0.00000 0.13736 0.00000 0.00447 0.00000 
277	3	0.07167 0.00000 0.14505 0.00000 0.18500 0.00000 0.26597 0.00000 0.23236 0.00000 0.07364 0.00000 0.02352 0.00000 0.00280 0.00000 
278	3	0.10540 0.00000 0.12939 0.00000 0.11304 0.00000 0.14498 0.00000 0.36681 0.00000 0.11747 0.00000 0.02110 0.00000 0.00181 0.00000 
279	3	0.07153 0.00000 0.24200 0.00000 0.13634 0.00000 0.11102 0.00000 0.27106 0.00000 0.14835 0.00000 0.01877 0.00000 0.00093 0.00000 
280	3	0.07728 0.00000 0.13188 0.00000 0.08374 0.00000 0.14985 0.00000 0.38013 0.00000 0.15766 0.00000 0.01876 0.00000 0.00070 0.00000 
281	3	0.14519 0.00000 0.16325 0.00000 0.07171 0.00000 0.11657 0.00000 0.20049 0.00000 0.27563 0.00000 0.02646 0.00000 0.00070 0.00000 
282	3	0.02194 0.00000 0.18133 0.00000 0.29781 0.00000 0.20081 0.00000 0.11811 0.00000 0.13226 0.00000 0.04672 0.00000 0.00102 0.00000 
283	3	0.07586 0.00000 0.28482 0.00000 0.14428 0.00000 0.06360 0.00000 0.09021 0.00000 0.10186 0.00000 0.23910 0.00000 0.00028 0.00000 
284	3	0.05363 0.00000 0.22718 0.00000 0.13251 0.00000 0.09847 0.00000 0.14550 0.00000 0.21178 0.00000 0.12910 0.00000 0.00183 0.00000 
285	3	0.04049 0.00000 0.11328 0.00000 0.09401 0.00000 0.13690 0.00000 0.24210 0.00000 0.34778 0.00000 0.02519 0.00000 0.00025 0.00000 
286	3	0.04124 0.00000 0.10095 0.00000 0.07913 0.00000 0.08293 0.00000 0.26707 0.00000 0.39424 0.00000 0.03349 0.00000 0.00096 0.00000 
287	3	0.04420 0.00000 0.22252 0.00000 0.17945 0.00000 0.11499 0.00000 0.14510 0.00000 0.25728 0.00000 0.03587 0.00000 0.00058 0.00000 
288	3	0.03278 0.00000 0.11267 0.00000 0.10656 0.00000 0.15380 0.00000 0.25955 0.00000 0.30858 0.00000 0.02540 0.00000 0.00066 0.00000 
289	3	0.05658 0.00000 0.10501 0.00000 0.06748 0.00000 0.25948 0.00000 0.39658 0.00000 0.08989 0.00000 0.02416 0.00000 0.00081 0.00000 
290	3	0.04700 0.00000 0.32614 0.00000 0.18265 0.00000 0.04685 0.00000 0.10383 0.00000 0.26298 0.00000 0.02863 0.00000 0.00192 0.00000 
291	3	0.02831 0.00000 0.13637 0.00000 0.20014 0.00000 0.24576 0.00000 0.26840 0.00000 0.09165 0.00000 0.02799 0.00000 0.00136 0.00000 
292	3	0.05575 0.00000 0.15223 0.00000 0.10331 0.00000 0.11912 0.00000 0.12766 0.00000 0.09623 0.00000 0.34456 0.00000 0.00114 0.00000 
293	3	0.02743 0.00000 0.08611 0.00000 0.11368 0.00000 0.15525 0.00000 0.49560 0.00000 0.09264 0.00000 0.02687 0.00000 0.00243 0.00000 
294	3	0.05697 0.00000 0.12983 0.00000 0.09173 0.00000 0.10602 0.00000 0.14272 0.00000 0.43321 0.00000 0.03790 0.00000 0.00163 0.00000 
295	3	0.37829 0.00000 0.10708 0.00000 0.23423 0.00000 0.19883 0.00000 0.05044 0.00000 0.01668 0.00000 0.01229 0.00000 0.00217 0.00000 
296	3	0.02443 0.00000 0.18178 0.00000 0.19963 0.00000 0.21391 0.00000 0.19031 0.00000 0.14650 0.00000 0.04182 0.00000 0.00162 0.00000 
