1000	10	16
0	1	0.00000 0.02415 0.04344 0.04115 0.23369 0.04554 0.07912 0.00902 0.00108 0.02924 0.06841 0.07647 0.16745 0.10558 0.06866 0.00700 
1	1	0.00091 0.07556 0.06420 0.05841 0.22878 0.11676 0.12181 0.00488 0.00245 0.02607 0.04685 0.05215 0.08156 0.06463 0.04911 0.00586 
2	1	0.00000 0.00500 0.05820 0.05205 0.05680 0.14064 0.06493 0.02718 0.00002 0.01249 0.06385 0.10615 0.13483 0.15880 0.09207 0.02698 
3	1	0.00365 0.04246 0.05506 0.03448 0.17592 0.08513 0.11923 0.05659 0.00173 0.01610 0.03905 0.04741 0.11545 0.11276 0.07502 0.01993 
4	1	0.00000 0.00024 0.04409 0.02090 0.07318 0.04543 0.01163 0.11348 0.00073 0.01363 0.10814 0.11136 0.20591 0.13124 0.06944 0.05059 
5	1	0.00000 0.00076 0.02724 0.01574 0.05679 0.16473 0.07167 0.03858 0.00005 0.00694 0.05270 0.07156 0.14992 0.21729 0.10333 0.02268 
6	1	0.00000 0.04722 0.01854 0.14584 0.11631 0.01831 0.03168 0.00603 0.00040 0.03314 0.07994 0.19366 0.17955 0.06827 0.05186 0.00925 
7	1	0.00000 0.05099 0.02145 0.18476 0.14333 0.01757 0.06742 0.09138 0.00013 0.02283 0.05306 0.12623 0.11731 0.05084 0.04298 0.00970 
8	1	0.00000 0.00089 0.02673 0.01511 0.11800 0.13551 0.02138 0.03083 0.00017 0.01006 0.07450 0.10034 0.22058 0.18287 0.04886 0.01416 
9	1	0.00000 0.00070 0.09035 0.05694 0.17308 0.29313 0.03351 0.02738 0.00007 0.00407 0.03858 0.05987 0.08652 0.06774 0.04144 0.02662 
10	1	0.00000 0.00135 0.01656 0.02764 0.11233 0.17428 0.18226 0.06989 0.00007 0.00364 0.02441 0.05036 0.11126 0.12204 0.07960 0.02431 
11	1	0.00000 0.00026 0.02199 0.01755 0.09174 0.20536 0.06689 0.04640 0.00002 0.00466 0.02998 0.05511 0.14533 0.19455 0.09292 0.02723 
12	1	0.00000 0.00084 0.09941 0.04437 0.13980 0.12216 0.07196 0.03181 0.00002 0.01117 0.07942 0.08436 0.13358 0.10784 0.05590 0.01736 
13	1	0.00000 0.00144 0.06628 0.02585 0.05528 0.08471 0.04551 0.02324 0.00015 0.01752 0.10002 0.11726 0.19323 0.17915 0.07313 0.01723 
14	1	0.00000 0.02864 0.00047 0.11474 0.06735 0.12054 0.13715 0.00869 0.00003 0.00608 0.00675 0.09665 0.13104 0.16772 0.10074 0.01341 
15	1	0.00000 0.00336 0.08515 0.04502 0.06752 0.09632 0.14202 0.05560 0.00008 0.01351 0.08529 0.09167 0.10237 0.11000 0.07878 0.02332 
16	1	0.00000 0.07996 0.08910 0.11170 0.24810 0.01992 0.03030 0.00340 0.00035 0.02011 0.05497 0.10660 0.12663 0.06351 0.04059 0.00477 
17	1	0.00000 0.09928 0.00504 0.24883 0.13122 0.00348 0.03229 0.03820 0.00010 0.02977 0.03951 0.13224 0.12529 0.03937 0.05535 0.02003 
18	1	0.00000 0.21098 0.03495 0.08643 0.12140 0.01554 0.04047 0.02560 0.00036 0.03904 0.06746 0.11302 0.10697 0.05999 0.06304 0.01475 
19	1	0.00000 0.00092 0.00457 0.00433 0.07963 0.17202 0.06419 0.02862 0.00022 0.00749 0.03906 0.06597 0.17969 0.23168 0.10168 0.01994 
20	1	0.00000 0.08196 0.01615 0.12959 0.19990 0.04495 0.12414 0.00330 0.00001 0.02052 0.03608 0.08670 0.11800 0.08246 0.05122 0.00503 
21	1	0.00000 0.05264 0.00944 0.14039 0.22547 0.02968 0.19962 0.03028 0.00021 0.01442 0.02673 0.07526 0.09486 0.04956 0.04336 0.00807 
22	1	0.00000 0.00356 0.04781 0.04766 0.07575 0.19379 0.08644 0.02815 0.00001 0.00395 0.02951 0.06710 0.12514 0.16821 0.10000 0.02293 
23	1	0.00000 0.00110 0.04892 0.04734 0.05815 0.16484 0.06740 0.09489 0.00006 0.00623 0.04667 0.07761 0.10494 0.14106 0.10385 0.03695 
24	1	0.00000 0.22570 0.01296 0.11067 0.08896 0.04178 0.12899 0.01299 0.00002 0.02311 0.03409 0.08154 0.09417 0.07080 0.05977 0.01446 
25	1	0.00000 0.00108 0.01334 0.02686 0.05663 0.19342 0.07133 0.03584 0.00008 0.00728 0.03855 0.08119 0.13322 0.20348 0.11726 0.02045 
26	1	0.00000 0.00588 0.07663 0.05612 0.10463 0.15055 0.06585 0.02614 0.00003 0.00693 0.03967 0.05834 0.10986 0.13626 0.11451 0.04858 
27	1	0.00673 0.08800 0.07412 0.04498 0.24041 0.09323 0.08806 0.03589 0.00429 0.01889 0.03711 0.05599 0.09841 0.06378 0.03994 0.01016 
28	1	0.00000 0.00349 0.06745 0.00826 0.03910 0.19561 0.04286 0.12171 0.00004 0.01163 0.05011 0.06252 0.13271 0.16623 0.06959 0.02869 
29	1	0.00000 0.12963 0.00937 0.16045 0.16285 0.03559 0.05589 0.01059 0.00005 0.02916 0.03434 0.09150 0.10881 0.07114 0.07693 0.02369 
30	1	0.00000 0.00007 0.01399 0.00337 0.16388 0.13240 0.02356 0.00539 0.00013 0.01518 0.10361 0.05790 0.26341 0.16246 0.04676 0.00790 
31	1	0.00000 0.00146 0.02729 0.00757 0.03258 0.08614 0.03204 0.00729 0.00065 0.01241 0.06696 0.09571 0.19552 0.26497 0.13271 0.03668 
32	1	0.00000 0.11665 0.01087 0.18119 0.16271 0.01924 0.04850 0.01848 0.00024 0.04474 0.04884 0.12266 0.10261 0.04804 0.05235 0.02287 
33	1	0.00000 0.00141 0.01200 0.01319 0.11542 0.39108 0.05641 0.00347 0.00037 0.00674 0.02701 0.03838 0.07698 0.13298 0.09709 0.02748 
34	1	0.00000 0.00117 0.00992 0.01870 0.04694 0.25661 0.09116 0.06169 0.00020 0.00551 0.01909 0.02939 0.07139 0.17880 0.15261 0.05682 
35	1	0.00000 0.08251 0.02808 0.09289 0.14474 0.10775 0.03362 0.02173 0.00043 0.03637 0.04920 0.12817 0.13042 0.07559 0.05096 0.01754 
36	1	0.00000 0.05015 0.05234 0.14821 0.26650 0.04886 0.04348 0.01416 0.00004 0.01816 0.05413 0.11100 0.10774 0.04195 0.03489 0.00839 
37	1	0.00000 0.00212 0.08768 0.04073 0.09479 0.14073 0.06514 0.01195 0.00005 0.00605 0.07433 0.09832 0.15043 0.14815 0.06622 0.01331 
38	1	0.00000 0.00447 0.18479 0.08447 0.12443 0.15159 0.05297 0.02160 0.00001 0.00724 0.04660 0.07503 0.11715 0.09509 0.02652 0.00804 
39	1	0.00000 0.07703 0.01059 0.15379 0.05885 0.04129 0.10252 0.16199 0.00003 0.02363 0.02910 0.07824 0.07673 0.05997 0.08227 0.04399 
40	1	0.00000 0.00054 0.13466 0.08811 0.10281 0.10848 0.06370 0.08859 0.00002 0.00213 0.05453 0.09319 0.11089 0.08183 0.04813 0.02238 
41	1	0.00000 0.07641 0.01450 0.18503 0.07867 0.02257 0.11926 0.06876 0.00003 0.02510 0.03623 0.09927 0.09378 0.05419 0.08439 0.04181 
42	1	0.00476 0.16517 0.08407 0.03392 0.18418 0.04011 0.03844 0.01093 0.00541 0.04815 0.08580 0.07983 0.12166 0.05691 0.03343 0.00724 
43	1	0.00000 0.00201 0.04407 0.10449 0.03915 0.09027 0.10641 0.19686 0.00002 0.00510 0.04389 0.07841 0.08025 0.08575 0.07335 0.04995 
44	1	0.00000 0.00032 0.29886 0.04537 0.12876 0.05741 0.06313 0.13441 0.00001 0.00447 0.04571 0.05258 0.05899 0.03005 0.04117 0.03877 
45	1	0.00000 0.00286 0.24788 0.08571 0.11008 0.11121 0.02046 0.00970 0.00006 0.01596 0.07463 0.08724 0.10802 0.08363 0.03175 0.01081 
46	1	0.00000 0.00240 0.28818 0.09950 0.11323 0.05920 0.02713 0.00082 0.00002 0.01134 0.07085 0.09584 0.11435 0.07060 0.03620 0.01034 
47	1	0.00000 0.00053 0.01819 0.03237 0.06798 0.10408 0.09223 0.03123 0.00010 0.00559 0.05012 0.08367 0.13251 0.19034 0.15144 0.03962 
48	1	0.00000 0.07367 0.02463 0.17046 0.11042 0.03027 0.01547 0.00589 0.00010 0.03673 0.07144 0.16963 0.15213 0.07803 0.05251 0.00861 
49	1	0.00000 0.00062 0.02207 0.09551 0.09863 0.11120 0.06172 0.01012 0.00011 0.01368 0.06346 0.11773 0.14715 0.13474 0.08633 0.03694 
50	1	0.00000 0.01661 0.03150 0.13050 0.20783 0.04306 0.11718 0.01927 0.00025 0.01457 0.04002 0.10047 0.12867 0.06270 0.06969 0.01766 
51	1	0.00000 0.00130 0.03898 0.03237 0.04766 0.09143 0.03137 0.01372 0.00126 0.02021 0.09719 0.11934 0.19440 0.19592 0.08422 0.03062 
52	1	0.00000 0.00113 0.01232 0.01230 0.05044 0.14840 0.11571 0.01420 0.00019 0.00631 0.03510 0.06461 0.14788 0.20834 0.14391 0.03917 
53	1	0.00000 0.00046 0.01197 0.01952 0.04389 0.26689 0.06486 0.05332 0.00024 0.00768 0.03502 0.06241 0.13333 0.20175 0.08033 0.01831 
54	1	0.00000 0.00142 0.07447 0.02908 0.12203 0.08514 0.06373 0.06929 0.00001 0.00784 0.06245 0.07900 0.13707 0.14689 0.09185 0.02971 
55	1	0.00000 0.06697 0.02966 0.18475 0.08661 0.02471 0.05244 0.05202 0.00004 0.03075 0.05911 0.12854 0.12996 0.06621 0.06551 0.02271 
56	1	0.00000 0.03595 0.01517 0.11192 0.10665 0.01900 0.06300 0.01574 0.00024 0.02863 0.06357 0.16821 0.19764 0.07779 0.08049 0.01601 
57	1	0.00000 0.20115 0.02838 0.14249 0.11465 0.00964 0.04304 0.01637 0.00012 0.02512 0.04976 0.12670 0.12178 0.05618 0.05103 0.01359 
58	1	0.00000 0.00010 0.05437 0.05730 0.10508 0.16324 0.05143 0.00692 0.00001 0.00336 0.06806 0.10850 0.16561 0.14535 0.06300 0.00767 
59	1	0.00000 0.00071 0.06233 0.08442 0.05050 0.10734 0.10622 0.01206 0.00006 0.00979 0.07873 0.12634 0.12965 0.14421 0.07255 0.01510 
60	1	0.00000 0.00099 0.04510 0.03187 0.12675 0.13030 0.05258 0.03492 0.00006 0.00739 0.08384 0.09907 0.15413 0.15307 0.06582 0.01411 
61	1	0.00000 0.00111 0.02498 0.01252 0.07896 0.13589 0.04210 0.00541 0.00004 0.00842 0.06503 0.07681 0.16424 0.24865 0.12180 0.01403 
62	1	0.00000 0.06040 0.01611 0.18844 0.22867 0.00916 0.03603 0.06537 0.00012 0.02918 0.05131 0.12790 0.10828 0.03547 0.03401 0.00955 
63	1	0.00046 0.03494 0.01070 0.00235 0.02837 0.05367 0.05736 0.10091 0.00597 0.06379 0.09041 0.05827 0.13215 0.16560 0.12662 0.06842 
64	1	0.00000 0.00125 0.05398 0.05482 0.03918 0.10304 0.09413 0.02635 0.00012 0.00750 0.05469 0.11655 0.13629 0.17032 0.11164 0.03015 
65	1	0.00000 0.06325 0.24244 0.08615 0.11320 0.04397 0.03141 0.06211 0.00016 0.03778 0.09243 0.05894 0.06697 0.04883 0.03317 0.01919 
66	1	0.00000 0.17479 0.01345 0.08823 0.20879 0.02067 0.09494 0.00365 0.00037 0.03064 0.04191 0.08393 0.11511 0.05599 0.05683 0.01069 
67	1	0.00000 0.06950 0.01589 0.14404 0.20103 0.05949 0.06381 0.00446 0.00019 0.02727 0.04471 0.10625 0.12289 0.07130 0.06036 0.00880 
68	1	0.00000 0.07526 0.01177 0.10203 0.07072 0.19165 0.08811 0.00686 0.00012 0.03321 0.04824 0.12219 0.10942 0.07567 0.05177 0.01298 
69	1	0.00000 0.12621 0.05223 0.14599 0.07514 0.00754 0.02195 0.00702 0.00015 0.05747 0.13520 0.18315 0.10016 0.03790 0.04186 0.00803 
70	1	0.00000 0.00048 0.00747 0.00157 0.21265 0.18586 0.02527 0.01157 0.00053 0.00748 0.02888 0.03779 0.16981 0.23513 0.06340 0.01214 
71	1	0.00000 0.00096 0.01328 0.04249 0.06283 0.34999 0.13140 0.02097 0.00023 0.00497 0.01736 0.03981 0.06368 0.14598 0.09085 0.01522 
72	1	0.00000 0.06877 0.01311 0.10675 0.13957 0.02754 0.08273 0.01639 0.00015 0.02804 0.03611 0.10492 0.14588 0.10363 0.11411 0.01231 
73	1	0.00000 0.00114 0.00327 0.00165 0.03109 0.02215 0.24587 0.31690 0.00085 0.00685 0.01953 0.02353 0.04859 0.06368 0.12657 0.08834 
74	1	0.00000 0.00018 0.14039 0.04649 0.22654 0.31625 0.02501 0.01082 0.00001 0.00201 0.03477 0.04821 0.07058 0.06105 0.01623 0.00145 
75	1	0.00000 0.00222 0.03784 0.06075 0.07386 0.24046 0.07445 0.02625 0.00011 0.00532 0.03334 0.07735 0.11802 0.14032 0.08463 0.02509 
76	1	0.00000 0.00124 0.08536 0.06386 0.10169 0.07234 0.09013 0.01446 0.00001 0.00570 0.07655 0.11371 0.14688 0.13179 0.08635 0.00994 
77	1	0.00000 0.00157 0.02614 0.04260 0.11183 0.18722 0.12889 0.01146 0.00013 0.00404 0.03116 0.06891 0.11107 0.16227 0.09568 0.01703 
78	1	0.00000 0.00008 0.13836 0.06620 0.11325 0.10279 0.02928 0.01030 0.00001 0.00632 0.09742 0.12012 0.17694 0.10292 0.03305 0.00296 
79	1	0.00000 0.00217 0.00719 0.00069 0.00720 0.01893 0.35595 0.39984 0.00011 0.00347 0.01074 0.00858 0.02037 0.03367 0.08050 0.05060 
80	1	0.00000 0.00136 0.04936 0.01982 0.11955 0.10777 0.06998 0.03554 0.00003 0.00926 0.06624 0.07488 0.17519 0.15620 0.09417 0.02066 
81	1	0.00000 0.01094 0.15278 0.05189 0.07759 0.09100 0.05010 0.03276 0.00002 0.01153 0.07905 0.12331 0.16038 0.10183 0.04011 0.01672 
82	1	0.00000 0.00076 0.07798 0.05223 0.04483 0.07274 0.06671 0.00575 0.00016 0.01941 0.10916 0.14724 0.17026 0.15641 0.06441 0.01194 
83	1	0.00000 0.00228 0.16108 0.12183 0.11342 0.14296 0.03749 0.02175 0.00004 0.00616 0.04673 0.08058 0.10254 0.10422 0.05006 0.00886 
84	1	0.00000 0.00201 0.11549 0.04737 0.04458 0.11190 0.04819 0.02297 0.00005 0.01394 0.08869 0.10801 0.13574 0.16041 0.08065 0.02000 
85	1	0.00000 0.00937 0.14454 0.04259 0.16047 0.06988 0.02361 0.00688 0.00001 0.00657 0.06944 0.10940 0.16527 0.12263 0.05731 0.01203 
86	1	0.00000 0.00106 0.01654 0.00864 0.02967 0.13500 0.17249 0.07726 0.00024 0.00758 0.02271 0.04612 0.10064 0.22297 0.14387 0.01522 
87	1	0.00036 0.03399 0.01721 0.01818 0.04126 0.06937 0.02994 0.01617 0.00316 0.04063 0.10817 0.13995 0.20720 0.19555 0.06472 0.01414 
88	1	0.00000 0.00130 0.01184 0.00629 0.08161 0.23651 0.07571 0.00249 0.00036 0.01259 0.06268 0.07205 0.16820 0.20472 0.05299 0.01064 
89	1	0.00000 0.00141 0.03881 0.01402 0.04330 0.05050 0.00721 0.00837 0.00056 0.01937 0.12081 0.16315 0.24216 0.19669 0.06896 0.02469 
90	1	0.00013 0.00909 0.03541 0.00668 0.06627 0.13601 0.01520 0.03842 0.00724 0.03723 0.10409 0.08085 0.18351 0.16396 0.07208 0.04381 
91	1	0.00000 0.00343 0.09822 0.02418 0.08802 0.18635 0.05431 0.03358 0.00013 0.00770 0.06161 0.07407 0.12478 0.14081 0.07492 0.02789 
92	1	0.00000 0.00056 0.03149 0.01871 0.22228 0.36418 0.06767 0.02006 0.00001 0.00230 0.02259 0.02774 0.07591 0.07952 0.04821 0.01878 
93	1	0.00002 0.00201 0.07808 0.03173 0.09013 0.11412 0.10318 0.04609 0.00023 0.00436 0.05310 0.08443 0.12636 0.14203 0.09344 0.03067 
94	1	0.00000 0.00228 0.01259 0.02992 0.07844 0.19698 0.04975 0.07430 0.00019 0.00524 0.03794 0.08021 0.14766 0.18698 0.07916 0.01834 
95	1	0.00000 0.00057 0.14542 0.06214 0.06908 0.04798 0.20083 0.11562 0.00008 0.00893 0.07544 0.07874 0.08620 0.05246 0.04049 0.01602 
96	1	0.00000 0.00073 0.00934 0.03398 0.16298 0.15013 0.14688 0.06363 0.00001 0.00598 0.02545 0.04742 0.09299 0.12575 0.09829 0.03644 
97	1	0.00000 0.00220 0.01602 0.06317 0.09100 0.43053 0.05701 0.01171 0.00005 0.00307 0.01997 0.05092 0.08766 0.11307 0.04762 0.00600 
98	1	0.00000 0.00171 0.00628 0.00582 0.10922 0.43457 0.07308 0.00671 0.00026 0.00459 0.01690 0.02877 0.10189 0.13980 0.05813 0.01228 
99	1	0.00000 0.07539 0.02026 0.15806 0.13302 0.02235 0.04352 0.00707 0.00002 0.02222 0.03584 0.13883 0.17005 0.09215 0.06823 0.01299 
100	2	0.00000 0.00148 0.01633 0.00373 0.08028 0.16509 0.06521 0.02523 0.00002 0.02045 0.06417 0.06188 0.15328 0.20079 0.10535 0.03673 
101	2	0.00000 0.00097 0.00350 0.00106 0.04694 0.14645 0.44570 0.01666 0.00006 0.00377 0.01266 0.01013 0.02595 0.06695 0.16092 0.05828 
102	2	0.00000 0.00159 0.00153 0.00511 0.03473 0.34241 0.29731 0.00762 0.00024 0.00258 0.00811 0.01379 0.04331 0.12370 0.10987 0.00810 
103	2	0.00000 0.00487 0.02556 0.12837 0.18385 0.26281 0.10176 0.00432 0.00009 0.00900 0.02414 0.04537 0.04407 0.08927 0.07394 0.00257 
104	2	0.00000 0.00039 0.00060 0.00030 0.00692 0.25274 0.40485 0.00399 0.00017 0.00555 0.01564 0.00992 0.03711 0.12174 0.12232 0.01777 
105	2	0.00000 0.02259 0.04891 0.17774 0.24257 0.01570 0.08946 0.00240 0.00002 0.01828 0.05026 0.12291 0.12874 0.04323 0.03356 0.00361 
106	2	0.00000 0.00009 0.00039 0.00096 0.12380 0.18352 0.35679 0.00068 0.00006 0.00651 0.01840 0.02642 0.06861 0.11427 0.08411 0.01539 
107	2	0.00000 0.00095 0.00183 0.00191 0.03898 0.20926 0.19506 0.00337 0.00098 0.01786 0.04387 0.02947 0.10138 0.18205 0.15453 0.01850 
108	2	0.00000 0.00139 0.00876 0.00658 0.03114 0.63892 0.03201 0.00377 0.00020 0.00456 0.01669 0.02570 0.05804 0.11297 0.04866 0.01061 
109	2	0.00023 0.05974 0.04329 0.03965 0.01805 0.12523 0.09058 0.00172 0.01115 0.07662 0.09305 0.06431 0.09585 0.16245 0.10949 0.00860 
110	2	0.00000 0.00136 0.01113 0.06731 0.21109 0.16149 0.01763 0.00244 0.00010 0.01902 0.06447 0.09013 0.14850 0.14901 0.04653 0.00979 
111	2	0.00000 0.00278 0.01028 0.00871 0.21522 0.23946 0.06198 0.02225 0.00089 0.02346 0.06373 0.07337 0.15720 0.09395 0.02044 0.00629 
112	2	0.00000 0.00689 0.01329 0.01076 0.27184 0.25339 0.11599 0.00841 0.00002 0.00477 0.01541 0.03278 0.08938 0.11375 0.05152 0.01181 
113	2	0.00000 0.00056 0.00226 0.00099 0.05428 0.32833 0.07498 0.00269 0.00069 0.01862 0.04205 0.03601 0.12133 0.19099 0.11238 0.01385 
114	2	0.00000 0.00879 0.01007 0.01469 0.10363 0.04274 0.05799 0.05298 0.00507 0.05317 0.12325 0.10967 0.22252 0.12153 0.04893 0.02496 
115	2	0.00000 0.00286 0.02351 0.01070 0.06056 0.13394 0.31470 0.00016 0.00057 0.03140 0.09827 0.06591 0.11995 0.07582 0.05510 0.00655 
116	2	0.00000 0.00119 0.02220 0.02446 0.20129 0.21899 0.01262 0.01918 0.00009 0.01391 0.05694 0.07087 0.14182 0.15550 0.04670 0.01424 
117	2	0.00000 0.00108 0.00141 0.00043 0.00499 0.08190 0.32899 0.12919 0.00122 0.01455 0.02571 0.02099 0.05025 0.15162 0.16353 0.02414 
118	2	0.00000 0.00007 0.00002 0.03901 0.17192 0.05898 0.25514 0.01289 0.00050 0.00727 0.00666 0.07851 0.12888 0.11000 0.10721 0.02295 
119	2	0.00000 0.00367 0.02737 0.01887 0.02796 0.21238 0.28238 0.00073 0.00060 0.02448 0.08894 0.05942 0.07030 0.09234 0.08469 0.00587 
120	2	0.00000 0.00013 0.02319 0.00386 0.05665 0.30371 0.27914 0.00681 0.00007 0.00498 0.02215 0.01087 0.06855 0.13509 0.07911 0.00568 
121	2	0.00000 0.00003 0.00937 0.00194 0.34761 0.24147 0.03294 0.00613 0.00022 0.00365 0.02482 0.03747 0.08883 0.08391 0.08896 0.03265 
122	2	0.00000 0.00000 0.06416 0.00049 0.10020 0.15683 0.26952 0.00024 0.00005 0.00148 0.02736 0.01480 0.14384 0.15600 0.05835 0.00668 
123	2	0.00000 0.00031 0.00000 0.01185 0.07051 0.11406 0.46859 0.00191 0.00007 0.00270 0.00372 0.02248 0.06286 0.11708 0.12114 0.00273 
124	2	0.00000 0.00487 0.00517 0.00765 0.09781 0.29233 0.09671 0.10710 0.00034 0.01314 0.03032 0.04227 0.10563 0.11935 0.05509 0.02222 
125	2	0.00000 0.00009 0.00058 0.09396 0.24654 0.19718 0.19971 0.00154 0.00004 0.00276 0.00505 0.04183 0.08419 0.06784 0.04920 0.00949 
126	2	0.00000 0.00000 0.00003 0.00275 0.58444 0.10745 0.13189 0.00010 0.00001 0.00026 0.00171 0.00867 0.07723 0.05944 0.02563 0.00039 
127	2	0.00000 0.00003 0.00222 0.00083 0.01005 0.48472 0.28158 0.00000 0.00003 0.00309 0.01354 0.01251 0.03747 0.08195 0.06971 0.00227 
128	2	0.00010 0.01147 0.00683 0.00243 0.05133 0.16910 0.29291 0.00102 0.00996 0.03723 0.05455 0.03495 0.09743 0.12698 0.09336 0.01035 
129	2	0.00000 0.00010 0.01560 0.00156 0.30670 0.22425 0.03930 0.01706 0.00025 0.00544 0.03940 0.03052 0.12926 0.12691 0.04444 0.01920 
130	2	0.00000 0.00162 0.00006 0.03002 0.03647 0.20187 0.41863 0.01456 0.00053 0.00905 0.00775 0.06892 0.06822 0.06277 0.06417 0.01536 
131	2	0.00000 0.00234 0.01370 0.00401 0.02431 0.27301 0.41935 0.03168 0.00047 0.00775 0.02111 0.01694 0.01689 0.07825 0.07751 0.01269 
132	2	0.00000 0.00080 0.00005 0.05021 0.28047 0.08090 0.14360 0.00693 0.00094 0.01284 0.02166 0.10746 0.16292 0.07051 0.04893 0.01179 
133	2	0.00000 0.00248 0.00707 0.00168 0.26939 0.16422 0.11777 0.01684 0.00037 0.02537 0.06485 0.05910 0.16429 0.07337 0.02301 0.01020 
134	2	0.00000 0.00116 0.00948 0.00171 0.07652 0.22002 0.17911 0.00116 0.00002 0.01160 0.03251 0.02581 0.16812 0.20237 0.06532 0.00510 
135	2	0.00000 0.00306 0.02979 0.19502 0.31355 0.04692 0.04872 0.00682 0.00040 0.01809 0.04718 0.09144 0.09701 0.06144 0.03446 0.00612 
136	2	0.00000 0.00018 0.00108 0.00066 0.12909 0.42425 0.16396 0.00000 0.00022 0.00806 0.01364 0.01783 0.08448 0.12545 0.03080 0.00030 
137	2	0.00000 0.00000 0.01291 0.00694 0.02176 0.64499 0.05711 0.00436 0.00010 0.00306 0.02436 0.02788 0.05612 0.09292 0.04430 0.00318 
138	2	0.00000 0.00007 0.00485 0.00007 0.08905 0.12756 0.58054 0.00403 0.00001 0.00417 0.00824 0.00802 0.05342 0.07811 0.03678 0.00508 
139	2	0.00000 0.00041 0.00551 0.00068 0.01130 0.22013 0.27991 0.00047 0.00192 0.00830 0.02596 0.01869 0.05780 0.20192 0.16300 0.00399 
140	2	0.00000 0.00629 0.03426 0.00188 0.04108 0.14201 0.19607 0.00500 0.00092 0.03070 0.08129 0.03060 0.12751 0.15679 0.12531 0.02030 
141	2	0.00000 0.00782 0.01588 0.25837 0.27834 0.01544 0.04364 0.00397 0.00302 0.02785 0.03833 0.10678 0.10162 0.04798 0.04262 0.00832 
142	2	0.00000 0.00014 0.03541 0.04496 0.19830 0.21513 0.04758 0.00007 0.00023 0.01247 0.05948 0.06861 0.16011 0.11591 0.03729 0.00430 
143	2	0.00000 0.01165 0.02096 0.25512 0.28628 0.12063 0.11735 0.00420 0.00015 0.00597 0.01109 0.04368 0.05973 0.03968 0.01980 0.00372 
144	2	0.00000 0.00113 0.00766 0.00239 0.03266 0.13593 0.21092 0.08806 0.00015 0.00666 0.01850 0.04913 0.15390 0.18538 0.08417 0.02335 
145	2	0.00000 0.00000 0.06039 0.01028 0.08289 0.30199 0.26272 0.00000 0.00002 0.00047 0.01512 0.02571 0.05742 0.10981 0.07302 0.00016 
146	2	0.00000 0.00003 0.00052 0.00320 0.19944 0.34871 0.02789 0.00082 0.00003 0.00133 0.00643 0.03080 0.11949 0.17680 0.08184 0.00266 
147	2	0.00000 0.00004 0.01598 0.00891 0.18775 0.21844 0.02029 0.00016 0.00030 0.00958 0.04383 0.06478 0.16284 0.18900 0.07277 0.00531 
148	2	0.00000 0.00007 0.00658 0.08490 0.23492 0.11246 0.25281 0.00000 0.00004 0.00057 0.01273 0.03485 0.05264 0.09676 0.10987 0.00079 
149	2	0.00000 0.00000 0.00093 0.00041 0.05625 0.69206 0.05003 0.00107 0.00001 0.00252 0.01415 0.01547 0.05091 0.07552 0.03552 0.00515 
150	2	0.00000 0.00071 0.01396 0.01432 0.07094 0.38572 0.14859 0.00382 0.00005 0.00928 0.02804 0.02559 0.06121 0.14041 0.08946 0.00789 
151	2	0.00000 0.00000 0.02704 0.00418 0.42735 0.19754 0.01702 0.00000 0.00022 0.00813 0.04745 0.03530 0.10707 0.10576 0.02274 0.00020 
152	2	0.00000 0.00000 0.00023 0.01757 0.04425 0.01571 0.72380 0.00000 0.00004 0.00046 0.00343 0.01625 0.02647 0.06025 0.09121 0.00035 
153	2	0.00000 0.00195 0.00907 0.00166 0.04691 0.16051 0.04730 0.00312 0.00446 0.03406 0.08715 0.07265 0.21666 0.22004 0.08922 0.00523 
154	2	0.00000 0.00003 0.00280 0.00392 0.25683 0.10767 0.23969 0.00693 0.00035 0.00463 0.02248 0.03190 0.09981 0.12099 0.08950 0.01249 
155	2	0.00000 0.00021 0.00046 0.08764 0.53956 0.04112 0.05229 0.00216 0.00024 0.00249 0.00453 0.04992 0.07116 0.06777 0.07120 0.00927 
156	2	0.00000 0.00000 0.00066 0.00439 0.02444 0.60151 0.02141 0.00123 0.00001 0.00061 0.01673 0.03052 0.08162 0.14456 0.06782 0.00447 
157	2	0.00000 0.00059 0.00002 0.05237 0.34441 0.14496 0.09482 0.00268 0.00020 0.00343 0.00301 0.07178 0.11227 0.08394 0.07216 0.01336 
158	2	0.00000 0.00027 0.00499 0.06497 0.03034 0.39307 0.10031 0.00000 0.00008 0.01020 0.03887 0.11095 0.08297 0.10616 0.05643 0.00038 
159	2	0.00000 0.00259 0.00070 0.00683 0.11840 0.03456 0.49429 0.00158 0.00030 0.00305 0.00359 0.03885 0.08825 0.09591 0.10566 0.00545 
160	2	0.00000 0.00322 0.02554 0.00728 0.05673 0.10127 0.18767 0.00100 0.00329 0.02826 0.10032 0.09462 0.16291 0.13259 0.08793 0.00735 
161	2	0.00000 0.00001 0.00024 0.00048 0.02047 0.78061 0.03708 0.00008 0.00001 0.00078 0.00509 0.00734 0.03420 0.07759 0.03402 0.00200 
162	2	0.00000 0.00163 0.01298 0.02660 0.17204 0.35100 0.17420 0.00089 0.00135 0.01008 0.03346 0.03446 0.05704 0.08074 0.04117 0.00236 
163	2	0.00000 0.00015 0.00045 0.00274 0.05141 0.12744 0.63055 0.00266 0.00005 0.00064 0.00277 0.00605 0.02207 0.04887 0.08476 0.01939 
164	2	0.00000 0.00000 0.00607 0.26022 0.05708 0.15228 0.00392 0.00043 0.00008 0.00303 0.04411 0.12844 0.13044 0.15060 0.05875 0.00455 
165	2	0.00001 0.00243 0.00096 0.04194 0.31017 0.30282 0.00774 0.00024 0.00074 0.00649 0.01676 0.04168 0.09151 0.12637 0.04531 0.00482 
166	2	0.00001 0.00323 0.01496 0.00482 0.09233 0.35824 0.13454 0.00113 0.00204 0.01263 0.04343 0.04105 0.08704 0.12211 0.07513 0.00730 
167	2	0.00002 0.01377 0.04272 0.00309 0.15291 0.26625 0.01142 0.00008 0.00144 0.03179 0.12766 0.05806 0.15945 0.08932 0.03802 0.00397 
168	2	0.00000 0.00000 0.03965 0.00953 0.14469 0.21603 0.18774 0.00019 0.00018 0.00802 0.05894 0.07434 0.13834 0.09345 0.02708 0.00180 
169	2	0.00000 0.00000 0.03375 0.00336 0.15372 0.26082 0.12066 0.00960 0.00089 0.00697 0.04577 0.03781 0.11871 0.10921 0.08694 0.01179 
170	2	0.00000 0.00472 0.01158 0.00188 0.18483 0.12529 0.14084 0.00001 0.00137 0.01361 0.05552 0.05689 0.18335 0.15674 0.06147 0.00188 
171	2	0.00000 0.00003 0.02874 0.02530 0.13069 0.27459 0.00163 0.00080 0.00063 0.01350 0.07301 0.09337 0.20370 0.13066 0.01860 0.00476 
172	2	0.00000 0.00002 0.01477 0.01171 0.22718 0.26218 0.03782 0.00000 0.00002 0.00413 0.02849 0.04153 0.14499 0.18353 0.04303 0.00059 
173	2	0.00000 0.00064 0.00125 0.00031 0.31375 0.27496 0.09102 0.01534 0.00025 0.00231 0.00545 0.01119 0.07953 0.11134 0.07637 0.01629 
174	2	0.00000 0.00690 0.00749 0.03586 0.27300 0.15276 0.01483 0.00397 0.00005 0.01093 0.02384 0.10968 0.19749 0.09393 0.05337 0.01591 
175	2	0.00000 0.00001 0.03826 0.00394 0.11324 0.20979 0.10081 0.00000 0.00004 0.00474 0.06820 0.06656 0.18019 0.14488 0.06599 0.00337 
176	2	0.00000 0.00001 0.00576 0.00208 0.04211 0.37003 0.13793 0.00195 0.00004 0.00151 0.02288 0.03634 0.10709 0.16111 0.10510 0.00607 
177	2	0.00000 0.01064 0.00311 0.04818 0.07778 0.14592 0.26723 0.00003 0.00006 0.01946 0.02499 0.06626 0.10288 0.12780 0.10083 0.00481 
178	2	0.00000 0.00001 0.03939 0.07756 0.26466 0.08741 0.07713 0.00272 0.00003 0.00204 0.02513 0.05760 0.12478 0.14074 0.08374 0.01708 
179	2	0.00001 0.03904 0.00804 0.12189 0.14458 0.15261 0.04320 0.00008 0.00043 0.02130 0.02914 0.06991 0.08892 0.15615 0.12336 0.00134 
180	2	0.00000 0.00028 0.00144 0.00168 0.02427 0.53774 0.16472 0.00026 0.00009 0.00399 0.01362 0.01943 0.05051 0.10861 0.06951 0.00384 
181	2	0.00000 0.08323 0.01086 0.03453 0.40899 0.03080 0.01307 0.00072 0.00111 0.04201 0.05832 0.07504 0.09939 0.07171 0.05874 0.01148 
182	2	0.00005 0.02296 0.06150 0.00064 0.06056 0.18267 0.03509 0.00000 0.01002 0.11045 0.21692 0.04272 0.13869 0.09030 0.02682 0.00060 
183	2	0.00000 0.00152 0.00145 0.21865 0.30304 0.07724 0.01690 0.00000 0.00001 0.00641 0.01236 0.11950 0.13977 0.07501 0.02771 0.00044 
184	2	0.00000 0.00009 0.00204 0.00118 0.05329 0.27035 0.35321 0.00168 0.00048 0.00564 0.02078 0.02090 0.08032 0.11961 0.06028 0.01014 
185	2	0.00000 0.00003 0.01432 0.00016 0.03771 0.37447 0.24137 0.00514 0.00010 0.00289 0.01452 0.00939 0.06682 0.13099 0.08826 0.01382 
186	2	0.00000 0.00000 0.00435 0.00950 0.46031 0.35670 0.00040 0.00001 0.00001 0.00458 0.01644 0.02568 0.06682 0.04822 0.00628 0.00071 
187	2	0.00000 0.00003 0.07185 0.09305 0.20052 0.21999 0.04204 0.00000 0.00016 0.00353 0.03274 0.07369 0.10041 0.10951 0.05216 0.00032 
188	2	0.00000 0.00096 0.02757 0.05844 0.23201 0.13774 0.18772 0.00000 0.00277 0.01012 0.05085 0.05007 0.12310 0.08845 0.02998 0.00022 
189	2	0.00005 0.01896 0.13132 0.03871 0.15639 0.12089 0.08653 0.00000 0.00854 0.06727 0.13802 0.08295 0.08855 0.04515 0.01664 0.00003 
190	2	0.00000 0.00787 0.01072 0.14874 0.19485 0.11174 0.12760 0.00148 0.00067 0.01373 0.03133 0.08531 0.09118 0.09371 0.07463 0.00644 
191	2	0.00001 0.00055 0.00010 0.01101 0.12076 0.45572 0.03025 0.00011 0.00121 0.01119 0.00998 0.05318 0.10285 0.12985 0.06813 0.00510 
192	2	0.00000 0.00013 0.00321 0.00050 0.01866 0.24216 0.43818 0.00449 0.00130 0.00812 0.02319 0.01140 0.04717 0.10455 0.08887 0.00807 
193	2	0.00000 0.00009 0.00935 0.00545 0.03012 0.19731 0.21339 0.00047 0.00025 0.01023 0.06211 0.05324 0.13278 0.17469 0.10084 0.00966 
194	2	0.00000 0.00008 0.00068 0.00130 0.09382 0.47643 0.17741 0.00447 0.00005 0.00217 0.00776 0.01198 0.04337 0.08929 0.07670 0.01449 
195	2	0.00001 0.01211 0.00427 0.00107 0.00378 0.47372 0.18677 0.00000 0.00102 0.01034 0.01554 0.02035 0.03674 0.15264 0.08055 0.00110 
196	2	0.00000 0.00077 0.01767 0.00561 0.13858 0.03325 0.14882 0.00109 0.00301 0.02508 0.09286 0.07787 0.18904 0.15868 0.09482 0.01285 
197	2	0.00002 0.00586 0.00722 0.00009 0.16729 0.37727 0.07256 0.00000 0.00767 0.03539 0.06070 0.01486 0.09498 0.11305 0.04281 0.00023 
198	2	0.00000 0.00003 0.02932 0.00012 0.00322 0.23119 0.42226 0.00009 0.00067 0.01713 0.05366 0.01624 0.05697 0.09834 0.06897 0.00179 
199	2	0.00000 0.00000 0.06141 0.06845 0.06802 0.40476 0.09807 0.10062 0.00036 0.00069 0.02576 0.02980 0.03058 0.03925 0.04422 0.02802 
200	3	0.00000 0.00966 0.01726 0.00363 0.08767 0.31675 0.00536 0.00000 0.00483 0.07099 0.08698 0.05930 0.13562 0.16423 0.03743 0.00028 
201	3	0.00000 0.02820 0.07389 0.00320 0.03474 0.02687 0.29823 0.00000 0.00911 0.07317 0.13628 0.06957 0.12738 0.07847 0.03999 0.00090 
202	3	0.00000 0.00003 0.01685 0.00020 0.01827 0.04316 0.49211 0.00138 0.00072 0.01544 0.04773 0.03358 0.09810 0.13241 0.08486 0.01516 
203	3	0.00000 0.00123 0.05512 0.00166 0.02242 0.11467 0.20299 0.00130 0.00276 0.05918 0.09285 0.05113 0.11048 0.17173 0.09634 0.01611 
204	3	0.00000 0.00015 0.01255 0.00027 0.01491 0.35465 0.09077 0.00013 0.00167 0.02602 0.04372 0.03174 0.09542 0.21428 0.10454 0.00916 
205	3	0.00000 0.00038 0.01121 0.00019 0.08853 0.34458 0.13667 0.00121 0.00264 0.02125 0.04750 0.02574 0.06592 0.12940 0.10942 0.01536 
206	3	0.00000 0.05206 0.02243 0.00280 0.09303 0.14450 0.11174 0.00000 0.00455 0.07553 0.08170 0.04380 0.12328 0.16259 0.08101 0.00099 
207	3	0.00000 0.00625 0.10050 0.01250 0.05172 0.07231 0.21583 0.13217 0.00089 0.03631 0.07380 0.04854 0.07384 0.09710 0.06274 0.01550 
208	3	0.00000 0.00132 0.15105 0.02650 0.04925 0.10037 0.08978 0.02701 0.00114 0.03639 0.09702 0.07834 0.09870 0.14861 0.08881 0.00572 
209	3	0.00000 0.00144 0.04732 0.00811 0.11373 0.05448 0.05364 0.14503 0.00004 0.00494 0.07039 0.07003 0.17333 0.13310 0.08733 0.03708 
210	3	0.00000 0.00015 0.04914 0.01321 0.02578 0.09040 0.02391 0.15247 0.00076 0.01925 0.09466 0.11553 0.14924 0.16234 0.08028 0.02288 
211	3	0.00000 0.00054 0.08083 0.06480 0.04693 0.06056 0.12891 0.00649 0.00304 0.03253 0.07551 0.06326 0.08783 0.13038 0.16752 0.05087 
212	3	0.00000 0.00089 0.08945 0.00414 0.02585 0.13269 0.01024 0.04881 0.00154 0.03381 0.08879 0.08361 0.14674 0.22529 0.08896 0.01921 
213	3	0.00000 0.00087 0.01370 0.19806 0.36619 0.05235 0.06098 0.00000 0.00242 0.01406 0.04506 0.04806 0.06326 0.07647 0.05810 0.00042 
214	3	0.00000 0.00217 0.03661 0.00173 0.15790 0.40453 0.02838 0.00736 0.00115 0.01906 0.05587 0.03631 0.07020 0.09337 0.06723 0.01813 
215	3	0.00000 0.00237 0.07175 0.00138 0.02667 0.33545 0.18047 0.00114 0.00345 0.03565 0.08072 0.03492 0.06802 0.08761 0.05932 0.01108 
216	3	0.00000 0.00013 0.08994 0.05700 0.05057 0.00793 0.12551 0.02001 0.00242 0.03008 0.09380 0.07180 0.09835 0.11223 0.16577 0.07446 
217	3	0.00000 0.00024 0.11198 0.00239 0.01519 0.14655 0.09632 0.06289 0.00115 0.03370 0.09442 0.05448 0.09021 0.16855 0.09937 0.02256 
218	3	0.00000 0.00061 0.06053 0.00344 0.00881 0.11765 0.21501 0.00776 0.00082 0.03824 0.09342 0.05765 0.09319 0.18411 0.11238 0.00639 
219	3	0.00000 0.00036 0.06637 0.00462 0.00734 0.09867 0.35024 0.00145 0.00058 0.01632 0.05609 0.04418 0.07899 0.16026 0.10353 0.01101 
220	3	0.00000 0.00027 0.00331 0.02195 0.28739 0.25072 0.19176 0.00384 0.00035 0.00529 0.01543 0.01651 0.04108 0.06803 0.07532 0.01875 
221	3	0.00000 0.00012 0.02011 0.00139 0.01806 0.04868 0.14597 0.00163 0.00683 0.02764 0.07302 0.02905 0.11355 0.24208 0.23866 0.03323 
222	3	0.00000 0.00033 0.01615 0.00448 0.06542 0.21442 0.13598 0.00168 0.00054 0.02312 0.04722 0.05253 0.11956 0.19773 0.10641 0.01443 
223	3	0.00000 0.00041 0.19860 0.00510 0.03310 0.07113 0.02532 0.14349 0.00803 0.04307 0.14251 0.06189 0.11961 0.08392 0.03777 0.02606 
224	3	0.00000 0.00014 0.05998 0.00095 0.16949 0.31529 0.17572 0.00108 0.00082 0.01818 0.05414 0.02692 0.04416 0.06151 0.05830 0.01333 
225	3	0.00000 0.00039 0.06224 0.01228 0.21558 0.04447 0.12871 0.00421 0.00032 0.01112 0.06163 0.05861 0.17489 0.13298 0.07352 0.01907 
226	3	0.00000 0.00020 0.02769 0.00149 0.06404 0.17632 0.13191 0.08705 0.00073 0.01778 0.05230 0.05360 0.11882 0.13500 0.10239 0.03070 
227	3	0.00000 0.00512 0.15260 0.00089 0.14935 0.21625 0.02194 0.00133 0.00113 0.04315 0.07346 0.03641 0.08414 0.13857 0.06580 0.00988 
228	3	0.00000 0.00553 0.17949 0.00962 0.00644 0.19460 0.06607 0.00481 0.00195 0.05216 0.11071 0.04615 0.07428 0.14528 0.08787 0.01501 
229	3	0.00000 0.00065 0.08220 0.00321 0.02151 0.20131 0.15120 0.00550 0.00097 0.02782 0.08605 0.04380 0.08888 0.16762 0.10119 0.01807 
230	3	0.00000 0.00252 0.06145 0.01688 0.01432 0.15161 0.14962 0.00592 0.00102 0.03604 0.09391 0.06936 0.08690 0.16945 0.11865 0.02234 
231	3	0.00000 0.00066 0.03082 0.03628 0.06134 0.07819 0.07997 0.00105 0.00002 0.01968 0.08631 0.12609 0.15800 0.18867 0.11734 0.01558 
232	3	0.00000 0.00002 0.05297 0.00052 0.06707 0.19211 0.16388 0.00301 0.00124 0.01663 0.07229 0.03702 0.15604 0.15726 0.06201 0.01794 
233	3	0.00000 0.00093 0.13448 0.03284 0.15997 0.13956 0.08205 0.00174 0.00073 0.01511 0.05815 0.06428 0.11185 0.11116 0.07401 0.01316 
234	3	0.00000 0.00002 0.33262 0.01289 0.14119 0.24363 0.13589 0.00000 0.00008 0.00620 0.03043 0.02449 0.01391 0.02634 0.03090 0.00141 
235	3	0.00000 0.00138 0.01172 0.00300 0.07497 0.37625 0.08121 0.00000 0.00115 0.04022 0.08019 0.06501 0.08608 0.10096 0.07074 0.00711 
236	3	0.00000 0.00032 0.06316 0.02684 0.13627 0.29528 0.00696 0.01315 0.00003 0.01370 0.05059 0.09291 0.14611 0.12604 0.02171 0.00695 
237	3	0.00000 0.00025 0.03523 0.01174 0.03717 0.08596 0.19759 0.00400 0.00162 0.01357 0.05388 0.06502 0.12221 0.18441 0.16335 0.02400 
238	3	0.00000 0.00059 0.04953 0.00401 0.04115 0.19892 0.04702 0.00336 0.00050 0.02761 0.06889 0.05444 0.14058 0.22378 0.11994 0.01968 
239	3	0.00000 0.00011 0.01274 0.00229 0.00884 0.38417 0.19845 0.00136 0.00122 0.01721 0.04417 0.04213 0.06648 0.12210 0.08376 0.01497 
240	3	0.00000 0.00011 0.10344 0.01676 0.03467 0.12751 0.08066 0.00879 0.00036 0.01489 0.08839 0.08397 0.13252 0.17687 0.10313 0.02792 
241	3	0.00000 0.00012 0.02451 0.00066 0.01206 0.27995 0.21878 0.00044 0.00155 0.02237 0.05779 0.04232 0.09475 0.16219 0.07428 0.00824 
242	3	0.00000 0.00047 0.00386 0.00048 0.05196 0.47135 0.11043 0.00011 0.00069 0.01309 0.02735 0.02686 0.06014 0.13520 0.08739 0.01061 
243	3	0.00000 0.00852 0.01002 0.00175 0.08115 0.26322 0.05202 0.00258 0.00392 0.04125 0.07399 0.04916 0.10250 0.18472 0.10236 0.02283 
244	3	0.00000 0.00046 0.05333 0.00778 0.19128 0.18624 0.06487 0.00019 0.00201 0.02338 0.06935 0.04935 0.10741 0.14769 0.08399 0.01265 
245	3	0.00000 0.00235 0.19953 0.01042 0.01538 0.00345 0.00095 0.00670 0.00183 0.11589 0.25106 0.18911 0.16646 0.02730 0.00531 0.00426 
246	3	0.00000 0.00048 0.00687 0.00546 0.06119 0.22073 0.12082 0.06379 0.00011 0.00564 0.03686 0.03732 0.11731 0.20288 0.09849 0.02205 
247	3	0.00000 0.00028 0.03995 0.00360 0.06412 0.09391 0.03674 0.01529 0.00177 0.04220 0.13668 0.09345 0.21582 0.15912 0.07721 0.01986 
248	3	0.00000 0.00028 0.01591 0.00121 0.02287 0.35095 0.17513 0.00507 0.00107 0.01843 0.04766 0.03834 0.06858 0.11087 0.11133 0.03230 
249	3	0.00000 0.00620 0.05201 0.01083 0.05189 0.07188 0.02233 0.00186 0.00012 0.03991 0.16402 0.12415 0.21453 0.17012 0.06217 0.00799 
250	3	0.00000 0.08618 0.08308 0.01134 0.11455 0.08322 0.03530 0.00484 0.00378 0.06451 0.12137 0.07217 0.13665 0.12163 0.05085 0.01051 
251	3	0.00000 0.00239 0.02123 0.00124 0.18016 0.14980 0.04551 0.00565 0.00204 0.04283 0.08165 0.05405 0.13008 0.18749 0.08375 0.01214 
252	3	0.00000 0.00003 0.04823 0.00196 0.01367 0.04050 0.42984 0.01068 0.00064 0.01411 0.06880 0.04756 0.07590 0.09400 0.12170 0.03238 
253	3	0.00000 0.00127 0.04042 0.00341 0.01034 0.08353 0.31790 0.00158 0.00262 0.04520 0.11056 0.05861 0.09553 0.11720 0.09022 0.02163 
254	3	0.00000 0.00078 0.01862 0.01136 0.08273 0.12329 0.03168 0.15936 0.00162 0.02470 0.06761 0.09608 0.18619 0.14423 0.03240 0.01936 
255	3	0.00000 0.00077 0.01169 0.00662 0.03907 0.29606 0.02896 0.00774 0.00049 0.02746 0.04542 0.05936 0.13569 0.23888 0.09070 0.01109 
256	3	0.00000 0.00013 0.01237 0.00451 0.10354 0.13375 0.02323 0.28811 0.00114 0.00589 0.03021 0.04986 0.14088 0.14206 0.04726 0.01707 
257	3	0.00000 0.00080 0.05402 0.03413 0.11110 0.12004 0.02188 0.06140 0.00038 0.02249 0.08457 0.10739 0.17682 0.15159 0.04504 0.00834 
258	3	0.00000 0.00006 0.05386 0.00518 0.02437 0.14277 0.20069 0.22974 0.00043 0.00714 0.03675 0.04282 0.07314 0.07422 0.06643 0.04240 
259	3	0.00000 0.00360 0.04045 0.00409 0.03656 0.20877 0.09409 0.00530 0.00038 0.04105 0.07650 0.06433 0.12650 0.18441 0.09528 0.01872 
260	3	0.00000 0.00031 0.03777 0.00652 0.07970 0.13887 0.00407 0.01401 0.00169 0.03932 0.10968 0.12743 0.21902 0.17891 0.03251 0.01019 
261	3	0.00000 0.00048 0.08951 0.00981 0.01954 0.07189 0.16094 0.00530 0.00132 0.04325 0.10983 0.07693 0.12184 0.17674 0.09653 0.01609 
262	3	0.00000 0.00487 0.06696 0.01176 0.17888 0.03907 0.07860 0.03050 0.00197 0.05081 0.09521 0.05712 0.09130 0.12979 0.12281 0.04033 
263	3	0.00000 0.00027 0.02659 0.06937 0.31482 0.21229 0.03632 0.00280 0.00031 0.01546 0.02959 0.03900 0.07940 0.10579 0.05854 0.00945 
264	3	0.00000 0.00015 0.01833 0.01813 0.29406 0.19252 0.18132 0.00285 0.00083 0.01281 0.03407 0.02461 0.05544 0.08458 0.06576 0.01456 
265	3	0.00000 0.00388 0.04953 0.02269 0.06265 0.05773 0.06238 0.15156 0.00186 0.03775 0.11180 0.10760 0.14937 0.10757 0.04686 0.02675 
266	3	0.00000 0.00013 0.03848 0.00210 0.03463 0.16086 0.18178 0.00123 0.00095 0.01099 0.04766 0.04994 0.13628 0.20271 0.11909 0.01318 
267	3	0.00000 0.00106 0.00621 0.01278 0.04652 0.26948 0.06958 0.00395 0.00012 0.01090 0.02971 0.05923 0.12917 0.22674 0.12292 0.01163 
268	3	0.00000 0.05703 0.06031 0.22785 0.07177 0.06372 0.01289 0.00368 0.00561 0.04335 0.09953 0.16669 0.08757 0.06200 0.02982 0.00820 
269	3	0.00000 0.00348 0.08109 0.01978 0.03956 0.07465 0.04520 0.00490 0.00190 0.05883 0.13426 0.11638 0.14185 0.15552 0.09830 0.02432 
270	3	0.00000 0.00175 0.01481 0.00036 0.01204 0.28007 0.31272 0.00127 0.00175 0.03439 0.04632 0.02446 0.05841 0.11023 0.09073 0.01068 
271	3	0.00000 0.00015 0.00913 0.00491 0.02504 0.30963 0.30813 0.00017 0.00021 0.00605 0.02272 0.03697 0.06192 0.12053 0.08399 0.01043 
272	3	0.00000 0.00038 0.06329 0.00327 0.01324 0.26519 0.19138 0.00155 0.00069 0.01871 0.05521 0.04238 0.07784 0.13600 0.11634 0.01455 
273	3	0.00000 0.16158 0.11208 0.00481 0.00921 0.03691 0.00602 0.00187 0.00711 0.11275 0.15928 0.09533 0.12414 0.12092 0.03916 0.00883 
274	3	0.00000 0.01076 0.45543 0.00566 0.01178 0.06091 0.01748 0.00137 0.00111 0.05354 0.09583 0.03795 0.06367 0.11248 0.05832 0.01371 
275	3	0.00000 0.00009 0.03923 0.05121 0.16572 0.04513 0.13335 0.00017 0.00097 0.03342 0.08228 0.05837 0.10399 0.15210 0.12642 0.00756 
276	3	0.00000 0.00822 0.25926 0.00254 0.02467 0.04651 0.01064 0.11821 0.00563 0.07699 0.16944 0.04787 0.10342 0.07433 0.03324 0.01902 
277	3	0.00000 0.00043 0.03265 0.00742 0.03898 0.29284 0.05184 0.00947 0.00044 0.01281 0.04513 0.06218 0.13806 0.21969 0.08354 0.00454 
278	3	0.00000 0.00009 0.06974 0.00293 0.03801 0.16400 0.33334 0.00190 0.00123 0.01661 0.06632 0.03828 0.08186 0.10907 0.06384 0.01276 
279	3	0.00000 0.00007 0.04319 0.04268 0.06914 0.11490 0.27630 0.00002 0.00036 0.01691 0.05995 0.07430 0.11194 0.12467 0.05997 0.00561 
280	3	0.00000 0.00051 0.03196 0.00343 0.02350 0.23752 0.20402 0.00007 0.00160 0.01940 0.06510 0.04352 0.09475 0.16433 0.10432 0.00598 
281	3	0.00000 0.00024 0.09351 0.00277 0.00435 0.11738 0.26543 0.00004 0.00060 0.03251 0.10910 0.04712 0.08479 0.14050 0.09694 0.00471 
282	3	0.00000 0.00008 0.00111 0.00109 0.03352 0.09518 0.12180 0.00289 0.00063 0.00896 0.04019 0.08589 0.24638 0.27406 0.07852 0.00970 
283	3	0.00000 0.00142 0.02455 0.02172 0.06407 0.02446 0.24942 0.05008 0.00037 0.01801 0.08095 0.12214 0.14580 0.11155 0.07475 0.01071 
284	3	0.00000 0.00035 0.01234 0.01464 0.04444 0.05728 0.20857 0.00770 0.00047 0.01865 0.06168 0.09785 0.13392 0.18000 0.14172 0.02040 
285	3	0.00000 0.00038 0.00918 0.00498 0.01356 0.14096 0.28765 0.00000 0.00054 0.01426 0.03996 0.04968 0.08335 0.21084 0.13846 0.00621 
286	3	0.00000 0.00093 0.00476 0.00295 0.01064 0.09661 0.39293 0.00006 0.00058 0.01747 0.04111 0.05031 0.07330 0.16197 0.13627 0.01011 
287	3	0.00000 0.00073 0.00945 0.00391 0.11641 0.06832 0.20591 0.00238 0.00056 0.01368 0.05864 0.07180 0.14805 0.15945 0.12463 0.01606 
288	3	0.00000 0.00023 0.00330 0.00168 0.01760 0.13189 0.34017 0.00051 0.00101 0.01332 0.03253 0.04605 0.10282 0.18183 0.11695 0.01011 
289	3	0.00000 0.00015 0.03621 0.00171 0.00838 0.35423 0.14250 0.00071 0.00052 0.01274 0.05000 0.03181 0.06073 0.17358 0.11585 0.01087 
290	3	0.00000 0.00046 0.01233 0.01588 0.09920 0.02875 0.28500 0.00386 0.00059 0.01372 0.06849 0.12219 0.19178 0.08866 0.05839 0.01069 
291	3	0.00000 0.00012 0.00932 0.00462 0.09780 0.29942 0.05469 0.00033 0.00092 0.00873 0.04005 0.04308 0.11897 0.20437 0.11011 0.00750 
292	3	0.00000 0.00167 0.05652 0.02033 0.01974 0.10747 0.16681 0.19564 0.00016 0.00741 0.03426 0.04962 0.08292 0.14638 0.08961 0.02145 
293	3	0.00000 0.00008 0.00570 0.00122 0.03603 0.22460 0.35766 0.00586 0.00068 0.00819 0.02998 0.02815 0.09044 0.13188 0.06945 0.01009 
294	3	0.00000 0.00001 0.04431 0.00782 0.02413 0.10151 0.42833 0.01765 0.00058 0.00630 0.04663 0.04797 0.08324 0.11863 0.06490 0.00798 
295	3	0.00000 0.00024 0.33344 0.00592 0.20832 0.07109 0.01766 0.00520 0.00105 0.02229 0.07126 0.01992 0.12518 0.09654 0.01736 0.00454 
296	3	0.00000 0.00003 0.01859 0.01201 0.13908 0.16666 0.19614 0.00364 0.00008 0.00267 0.03832 0.05789 0.13726 0.13504 0.07971 0.01289 
