1000	10	16
0	1	0.02264 0.12836 0.12203 0.09752 0.05257 0.01661 0.01559 0.00006 0.02118 0.09355 0.13729 0.14575 0.09870 0.03522 0.01158 0.00134 
1	1	0.07946 0.14265 0.15987 0.15696 0.07746 0.03265 0.01350 0.00000 0.01995 0.05755 0.07244 0.08080 0.06110 0.03311 0.01167 0.00083 
2	1	0.07103 0.11916 0.05902 0.04102 0.01887 0.01879 0.03374 0.00000 0.03895 0.13190 0.13868 0.12691 0.08580 0.06498 0.04786 0.00329 
3	1	0.03827 0.10614 0.06494 0.16123 0.07488 0.02431 0.05866 0.02985 0.00892 0.04094 0.07124 0.11289 0.09443 0.05656 0.04344 0.01329 
4	1	0.02055 0.12243 0.05208 0.01048 0.00420 0.00210 0.14129 0.00000 0.05307 0.18731 0.16320 0.09381 0.05595 0.04430 0.04603 0.00321 
5	1	0.01705 0.07108 0.05148 0.05686 0.01389 0.01949 0.04335 0.00002 0.03607 0.12451 0.17806 0.19084 0.10110 0.05310 0.03902 0.00408 
6	1	0.07352 0.16060 0.06517 0.04321 0.00942 0.00493 0.00781 0.00045 0.06110 0.18870 0.15919 0.10800 0.05857 0.03460 0.01963 0.00510 
7	1	0.06486 0.14305 0.13654 0.05236 0.02901 0.00913 0.01756 0.08654 0.03640 0.11112 0.11969 0.08663 0.04953 0.03000 0.01950 0.00809 
8	1	0.02423 0.08445 0.09202 0.04097 0.00555 0.00350 0.01059 0.02041 0.04505 0.17707 0.24286 0.14579 0.04860 0.02608 0.02389 0.00892 
9	1	0.06824 0.16533 0.13969 0.18886 0.05305 0.00808 0.04653 0.00000 0.02675 0.07290 0.08091 0.06192 0.03495 0.02098 0.02841 0.00340 
10	1	0.01490 0.07582 0.09492 0.09188 0.06801 0.03873 0.10297 0.01738 0.01715 0.07375 0.11372 0.10403 0.07993 0.05735 0.03999 0.00947 
11	1	0.01155 0.07865 0.08857 0.05200 0.02320 0.01491 0.06876 0.00001 0.01477 0.08125 0.16762 0.18124 0.10924 0.06023 0.04454 0.00345 
12	1	0.07866 0.16697 0.08847 0.05741 0.02237 0.01312 0.06149 0.00307 0.04936 0.13002 0.12518 0.08663 0.04807 0.03357 0.02930 0.00631 
13	1	0.05448 0.09485 0.04387 0.02544 0.01291 0.01015 0.02965 0.00003 0.06527 0.18238 0.18870 0.13727 0.07702 0.04585 0.02842 0.00370 
14	1	0.02996 0.05295 0.08229 0.03253 0.06137 0.11453 0.01030 0.00000 0.00472 0.06999 0.13044 0.11019 0.15307 0.12239 0.02265 0.00262 
15	1	0.07788 0.15386 0.04283 0.03479 0.03355 0.05823 0.09434 0.00196 0.04276 0.11069 0.09235 0.08659 0.06812 0.05708 0.03983 0.00517 
16	1	0.14631 0.18315 0.12397 0.04645 0.01925 0.00518 0.00269 0.00120 0.04238 0.09899 0.12919 0.10559 0.05568 0.02647 0.01127 0.00224 
17	1	0.10823 0.24639 0.05844 0.04465 0.00716 0.00229 0.04951 0.00000 0.04103 0.14350 0.13135 0.08218 0.04120 0.02065 0.02162 0.00181 
18	1	0.25920 0.14572 0.04253 0.03848 0.00719 0.00819 0.03461 0.00001 0.05935 0.11511 0.09130 0.07545 0.05461 0.04015 0.02616 0.00194 
19	1	0.00559 0.05151 0.07418 0.06476 0.05358 0.00071 0.02737 0.00000 0.02394 0.12543 0.21360 0.19152 0.09434 0.03690 0.03174 0.00483 
20	1	0.10649 0.12542 0.08881 0.10749 0.04555 0.04932 0.01137 0.00000 0.02880 0.08478 0.11060 0.10991 0.07406 0.04069 0.01514 0.00159 
21	1	0.06815 0.14187 0.08037 0.11356 0.07700 0.05580 0.04722 0.01821 0.02433 0.07566 0.08914 0.08718 0.05892 0.03476 0.02101 0.00684 
22	1	0.03365 0.11814 0.08979 0.06083 0.02948 0.02396 0.04978 0.00026 0.01827 0.08809 0.13859 0.13342 0.10212 0.07021 0.04056 0.00283 
23	1	0.03996 0.11319 0.07049 0.04665 0.02475 0.01808 0.09664 0.00639 0.02982 0.09708 0.10824 0.10229 0.09109 0.07291 0.06800 0.01443 
24	1	0.24619 0.11933 0.02727 0.05872 0.05569 0.04093 0.04031 0.00047 0.02936 0.07996 0.07648 0.08104 0.06733 0.04510 0.02727 0.00454 
25	1	0.01531 0.07795 0.07052 0.05883 0.02997 0.01586 0.03326 0.00452 0.02851 0.10750 0.14984 0.14599 0.11611 0.08496 0.05216 0.00871 
26	1	0.06924 0.16326 0.09361 0.06615 0.02124 0.01085 0.06452 0.00000 0.02283 0.08699 0.11224 0.09389 0.07024 0.06560 0.05795 0.00137 
27	1	0.10768 0.10855 0.13941 0.14201 0.07155 0.02987 0.02730 0.01878 0.01465 0.04836 0.09028 0.09141 0.05383 0.02878 0.01956 0.00798 
28	1	0.06906 0.04649 0.06214 0.06796 0.01603 0.01316 0.11890 0.00000 0.03356 0.09384 0.14215 0.13581 0.08281 0.05977 0.04951 0.00879 
29	1	0.14257 0.13563 0.09704 0.10893 0.01470 0.01122 0.02599 0.00066 0.03131 0.08173 0.10043 0.08715 0.06056 0.05282 0.04317 0.00610 
30	1	0.00589 0.05516 0.06800 0.04886 0.02385 0.00470 0.00826 0.00000 0.04044 0.20275 0.26259 0.16331 0.07121 0.02961 0.01388 0.00150 
31	1	0.02424 0.05520 0.03260 0.01259 0.00397 0.00983 0.01380 0.00000 0.03844 0.15444 0.19783 0.15977 0.11991 0.10531 0.06658 0.00549 
32	1	0.13518 0.15548 0.09060 0.07422 0.01568 0.00856 0.02539 0.00133 0.05043 0.13034 0.11672 0.07581 0.04043 0.03241 0.03539 0.01205 
33	1	0.01401 0.03866 0.07741 0.24961 0.11600 0.03015 0.01168 0.00000 0.01762 0.05380 0.07401 0.10182 0.09643 0.06978 0.04632 0.00272 
34	1	0.01389 0.04709 0.03967 0.04850 0.09236 0.04320 0.09491 0.00000 0.01300 0.03775 0.07175 0.11701 0.16348 0.14059 0.07587 0.00093 
35	1	0.09132 0.11879 0.04568 0.11396 0.09373 0.01126 0.03076 0.00000 0.04537 0.11701 0.10226 0.09827 0.07250 0.03177 0.02403 0.00328 
36	1	0.08383 0.22466 0.17023 0.06754 0.02987 0.00772 0.02399 0.00957 0.03129 0.10155 0.10674 0.06348 0.03342 0.02316 0.01775 0.00521 
37	1	0.05456 0.16410 0.08849 0.05830 0.02918 0.01865 0.02103 0.00000 0.04749 0.14321 0.14696 0.11163 0.06124 0.03354 0.01998 0.00165 
38	1	0.16640 0.18555 0.11349 0.06777 0.02233 0.01687 0.01814 0.00040 0.03401 0.10365 0.12139 0.07351 0.03234 0.01901 0.01786 0.00729 
39	1	0.09879 0.15089 0.04001 0.03856 0.02584 0.02411 0.23167 0.00002 0.02802 0.08188 0.07871 0.06679 0.04723 0.04264 0.04193 0.00291 
40	1	0.07613 0.24311 0.07680 0.04222 0.02144 0.02327 0.12024 0.00000 0.03873 0.10889 0.09989 0.06192 0.03606 0.02778 0.02214 0.00137 
41	1	0.09993 0.15420 0.07426 0.03261 0.01633 0.01986 0.14046 0.00479 0.03340 0.09722 0.09165 0.06562 0.04821 0.04848 0.05809 0.01489 
42	1	0.14419 0.19844 0.09342 0.08327 0.02384 0.00380 0.01432 0.00000 0.03899 0.11101 0.12478 0.08527 0.03984 0.01844 0.01653 0.00386 
43	1	0.03336 0.17082 0.03987 0.03321 0.03427 0.02985 0.26800 0.00000 0.03008 0.08816 0.07641 0.05736 0.04474 0.04398 0.04720 0.00272 
44	1	0.24031 0.17095 0.09040 0.03496 0.00109 0.00384 0.20691 0.00672 0.04009 0.06712 0.04970 0.01841 0.00956 0.01297 0.03387 0.01309 
45	1	0.21631 0.21473 0.09849 0.05005 0.00924 0.00844 0.01705 0.00000 0.04653 0.11207 0.09903 0.06492 0.03024 0.01831 0.01359 0.00100 
46	1	0.27249 0.21792 0.07972 0.02529 0.00254 0.00987 0.01062 0.00000 0.04745 0.12391 0.09509 0.04916 0.02458 0.02301 0.01789 0.00045 
47	1	0.01677 0.10883 0.04938 0.02608 0.01758 0.01697 0.05286 0.00000 0.02817 0.11581 0.13706 0.13086 0.11521 0.11035 0.07190 0.00217 
48	1	0.07587 0.18831 0.08724 0.05453 0.02562 0.00276 0.00905 0.00001 0.03652 0.14927 0.15090 0.10581 0.06101 0.03295 0.01825 0.00188 
49	1	0.02473 0.19317 0.04742 0.03237 0.06847 0.01653 0.02993 0.00000 0.04885 0.15101 0.13324 0.08610 0.06522 0.05236 0.04518 0.00543 
50	1	0.04342 0.18660 0.11199 0.06087 0.02835 0.02729 0.03770 0.00000 0.03563 0.11201 0.12545 0.09423 0.06836 0.04365 0.02350 0.00095 
51	1	0.04310 0.11265 0.03933 0.01508 0.00783 0.01314 0.02337 0.00000 0.05688 0.18374 0.18011 0.12650 0.08813 0.06477 0.04148 0.00389 
52	1	0.01527 0.05138 0.04363 0.03893 0.01756 0.02023 0.05585 0.00000 0.02241 0.10745 0.16519 0.15123 0.11844 0.11626 0.07467 0.00150 
53	1	0.00996 0.06190 0.05327 0.04076 0.05304 0.05678 0.03141 0.02723 0.02307 0.07991 0.14670 0.16527 0.13514 0.07482 0.02922 0.01152 
54	1	0.06123 0.15297 0.06529 0.03007 0.00932 0.00806 0.05212 0.00625 0.03927 0.12224 0.13538 0.10542 0.07393 0.05899 0.06264 0.01683 
55	1	0.08853 0.23058 0.05448 0.02904 0.01674 0.01856 0.07147 0.00000 0.03928 0.12739 0.11735 0.08426 0.05576 0.03865 0.02667 0.00123 
56	1	0.05146 0.13618 0.05570 0.02380 0.01391 0.01196 0.02394 0.00001 0.04471 0.16742 0.17571 0.12435 0.08096 0.05125 0.03393 0.00471 
57	1	0.23006 0.17252 0.06011 0.03183 0.00932 0.01177 0.03133 0.00000 0.03887 0.12345 0.11460 0.07647 0.04764 0.03048 0.02023 0.00132 
58	1	0.03253 0.19025 0.08548 0.03911 0.03482 0.01793 0.01535 0.00000 0.04738 0.15247 0.14106 0.10697 0.07422 0.04556 0.01606 0.00079 
59	1	0.06447 0.15564 0.05798 0.03660 0.02052 0.02464 0.02933 0.00107 0.05084 0.15068 0.13690 0.10589 0.06984 0.05215 0.03597 0.00748 
60	1	0.02170 0.14862 0.08470 0.05862 0.01057 0.00909 0.05526 0.00000 0.04340 0.14911 0.15961 0.13048 0.06960 0.03612 0.02198 0.00114 
61	1	0.01885 0.06503 0.05256 0.03084 0.01467 0.00618 0.00906 0.00001 0.03905 0.13703 0.17841 0.18079 0.14451 0.08682 0.03351 0.00267 
62	1	0.07853 0.13770 0.17603 0.08585 0.00957 0.00582 0.00806 0.06187 0.04602 0.11654 0.11284 0.07727 0.03552 0.02239 0.01727 0.00873 
63	1	0.08401 0.02452 0.02091 0.01272 0.00996 0.01430 0.14040 0.00000 0.05868 0.12566 0.11757 0.10948 0.09486 0.08819 0.09016 0.00859 
64	1	0.04501 0.11548 0.03917 0.02386 0.01387 0.01439 0.04050 0.00018 0.04384 0.14649 0.15256 0.11776 0.09093 0.08565 0.06196 0.00833 
65	1	0.31689 0.15897 0.11921 0.02248 0.00171 0.00936 0.03664 0.01962 0.05298 0.08142 0.06021 0.03319 0.01468 0.02114 0.03539 0.01610 
66	1	0.19624 0.11526 0.07911 0.10995 0.04942 0.00541 0.00732 0.00000 0.03831 0.08877 0.10132 0.10244 0.06294 0.02486 0.01570 0.00295 
67	1	0.09176 0.17483 0.09997 0.10792 0.03542 0.01197 0.00831 0.00000 0.04298 0.10875 0.10993 0.09386 0.06620 0.03404 0.01353 0.00053 
68	1	0.08619 0.11638 0.04484 0.10661 0.15200 0.02215 0.01186 0.00000 0.04310 0.10853 0.09599 0.09256 0.07141 0.03041 0.01671 0.00126 
69	1	0.18008 0.26066 0.03873 0.00889 0.00493 0.00414 0.01100 0.00000 0.09765 0.18775 0.08623 0.04761 0.03111 0.02627 0.01352 0.00143 
70	1	0.00763 0.03197 0.11223 0.11813 0.02120 0.00837 0.01690 0.00105 0.01665 0.08177 0.18298 0.20256 0.11806 0.05380 0.02223 0.00447 
71	1	0.01265 0.08810 0.07986 0.09575 0.12939 0.06833 0.02204 0.00002 0.01450 0.05251 0.08360 0.10124 0.13230 0.08114 0.03146 0.00709 
72	1	0.08304 0.11667 0.05876 0.05659 0.02240 0.01097 0.01850 0.00149 0.03678 0.10805 0.12638 0.13011 0.11922 0.07522 0.03006 0.00577 
73	1	0.00710 0.01760 0.01506 0.01041 0.01064 0.02598 0.50008 0.00675 0.01168 0.03789 0.04382 0.04271 0.04842 0.09224 0.11434 0.01527 
74	1	0.11948 0.09249 0.16558 0.18916 0.10351 0.02351 0.00263 0.00906 0.03237 0.06296 0.07148 0.07100 0.04049 0.01219 0.00251 0.00159 
75	1	0.03478 0.13731 0.10177 0.07191 0.05107 0.01436 0.03956 0.00000 0.01938 0.09869 0.12540 0.11243 0.08989 0.05811 0.04132 0.00403 
76	1	0.04949 0.19482 0.05574 0.03185 0.01409 0.02722 0.03058 0.00000 0.04159 0.14531 0.13478 0.10483 0.08088 0.06071 0.02725 0.00086 
77	1	0.01545 0.12590 0.08142 0.05827 0.04795 0.03757 0.03485 0.00000 0.01689 0.09267 0.13164 0.13509 0.11620 0.07264 0.03179 0.00167 
78	1	0.10814 0.24236 0.04935 0.03493 0.02419 0.00927 0.00562 0.00596 0.05267 0.16274 0.13395 0.08450 0.04885 0.02541 0.00975 0.00231 
79	1	0.01083 0.00860 0.00500 0.00405 0.00944 0.15139 0.61371 0.00000 0.00568 0.01573 0.01832 0.02275 0.03111 0.05398 0.04693 0.00250 
80	1	0.04256 0.10553 0.07660 0.03994 0.01487 0.01196 0.06756 0.00000 0.03542 0.14417 0.16456 0.12276 0.08270 0.05956 0.03089 0.00092 
81	1	0.14584 0.18822 0.04913 0.03329 0.02403 0.01227 0.04970 0.00000 0.04267 0.15388 0.14197 0.07528 0.03884 0.02360 0.01957 0.00170 
82	1	0.08687 0.12498 0.05444 0.03188 0.02012 0.01019 0.01141 0.00000 0.08135 0.19555 0.16295 0.10123 0.05969 0.03728 0.02020 0.00184 
83	1	0.15087 0.23456 0.08073 0.04314 0.02371 0.00841 0.02272 0.00031 0.03252 0.09735 0.10641 0.08667 0.05979 0.02960 0.01882 0.00438 
84	1	0.08755 0.13663 0.03968 0.01936 0.03132 0.01128 0.04390 0.00000 0.06238 0.15041 0.13660 0.10752 0.08347 0.05530 0.03339 0.00121 
85	1	0.10966 0.18195 0.10062 0.02145 0.00906 0.00453 0.00957 0.00003 0.04311 0.15564 0.16044 0.09343 0.05306 0.03144 0.02302 0.00298 
86	1	0.00697 0.04739 0.02491 0.02086 0.07623 0.05903 0.08666 0.01495 0.01580 0.07303 0.12492 0.14078 0.15228 0.11272 0.03728 0.00617 
87	1	0.08418 0.08542 0.03609 0.01695 0.00695 0.00871 0.01953 0.00000 0.06907 0.20869 0.20365 0.12827 0.06931 0.03914 0.02213 0.00192 
88	1	0.01076 0.04322 0.07119 0.05833 0.15185 0.02903 0.00457 0.00002 0.03321 0.11762 0.17805 0.17390 0.07312 0.03399 0.01788 0.00326 
89	1	0.03010 0.10630 0.03068 0.00741 0.00378 0.00120 0.01162 0.00000 0.06566 0.25337 0.20600 0.11962 0.07675 0.04894 0.03403 0.00454 
90	1	0.06625 0.07042 0.03652 0.03005 0.00930 0.00465 0.05124 0.00000 0.05894 0.14781 0.16297 0.15686 0.09648 0.05316 0.05047 0.00488 
91	1	0.06569 0.12089 0.06128 0.08888 0.03566 0.01404 0.05122 0.00000 0.03854 0.11226 0.12654 0.12330 0.07925 0.04377 0.03632 0.00235 
92	1	0.01789 0.09248 0.25845 0.16088 0.06160 0.02849 0.03515 0.00000 0.01378 0.05415 0.08429 0.07878 0.05148 0.03616 0.02496 0.00144 
93	1	0.04133 0.13937 0.05906 0.03592 0.03339 0.04283 0.07682 0.00000 0.02925 0.10785 0.12239 0.10206 0.08518 0.07053 0.04916 0.00486 
94	1	0.01246 0.09499 0.07143 0.06715 0.04373 0.01253 0.08054 0.00002 0.01786 0.10655 0.15563 0.14935 0.10044 0.05381 0.03066 0.00284 
95	1	0.12044 0.16622 0.03771 0.01900 0.02833 0.07392 0.20082 0.00000 0.04593 0.10365 0.07236 0.04164 0.03397 0.03588 0.01955 0.00059 
96	1	0.01178 0.09847 0.14784 0.06293 0.03808 0.05060 0.10159 0.00000 0.01458 0.06521 0.10128 0.09686 0.08221 0.07433 0.05148 0.00277 
97	1	0.01507 0.11997 0.11876 0.20538 0.08427 0.01408 0.01252 0.00665 0.00965 0.05235 0.09708 0.12715 0.08272 0.03434 0.01625 0.00375 
98	1	0.00909 0.03065 0.14312 0.19936 0.08289 0.02482 0.02009 0.00000 0.01160 0.05293 0.12840 0.14273 0.08981 0.04158 0.01999 0.00295 
99	1	0.08550 0.15793 0.09401 0.04802 0.01283 0.00959 0.01166 0.00000 0.02308 0.12063 0.16706 0.12734 0.07298 0.04384 0.02333 0.00220 
100	2	0.03401 0.03806 0.06026 0.10668 0.06534 0.00637 0.02393 0.00000 0.04773 0.11811 0.14894 0.14515 0.10607 0.05075 0.04283 0.00579 
101	2	0.00641 0.00720 0.00171 0.04849 0.14898 0.20257 0.19407 0.00016 0.00852 0.01774 0.01604 0.03304 0.06924 0.13052 0.11103 0.00426 
102	2	0.00476 0.00718 0.03504 0.15862 0.29670 0.12110 0.01128 0.00001 0.00334 0.01509 0.03339 0.06879 0.12800 0.09942 0.01585 0.00143 
103	2	0.00444 0.12031 0.22250 0.02086 0.26447 0.05686 0.00357 0.00000 0.00758 0.03319 0.04489 0.04577 0.10494 0.06124 0.00791 0.00146 
104	2	0.00364 0.00249 0.00155 0.10022 0.21939 0.14688 0.02144 0.00000 0.01061 0.02342 0.02760 0.07664 0.16733 0.15729 0.04009 0.00141 
105	2	0.05199 0.26441 0.12253 0.11180 0.04692 0.00751 0.00130 0.00000 0.04294 0.12668 0.11707 0.06235 0.02816 0.01015 0.00463 0.00158 
106	2	0.00156 0.00794 0.00850 0.14648 0.18478 0.26715 0.01216 0.00001 0.01601 0.04264 0.05856 0.07307 0.07467 0.07070 0.03252 0.00323 
107	2	0.00748 0.00942 0.01016 0.01701 0.19766 0.15286 0.00953 0.00000 0.03464 0.07457 0.08628 0.10865 0.15036 0.11506 0.02343 0.00288 
108	2	0.00837 0.03208 0.02922 0.17389 0.20926 0.00646 0.01292 0.00000 0.01016 0.04105 0.06292 0.19457 0.18097 0.02385 0.01294 0.00134 
109	2	0.13638 0.09118 0.02006 0.05421 0.02590 0.04089 0.00155 0.00001 0.07622 0.10606 0.09088 0.10537 0.13024 0.09752 0.02123 0.00230 
110	2	0.01831 0.09273 0.22725 0.06311 0.01494 0.00391 0.00293 0.00000 0.04706 0.13313 0.16414 0.12548 0.06797 0.02473 0.01205 0.00225 
111	2	0.02210 0.03801 0.16214 0.18885 0.09488 0.05261 0.01148 0.00997 0.02912 0.09369 0.12534 0.09753 0.04201 0.01539 0.01005 0.00681 
112	2	0.02641 0.04256 0.13735 0.19426 0.13576 0.06912 0.02586 0.00000 0.01037 0.05367 0.09040 0.08044 0.07233 0.04078 0.01922 0.00146 
113	2	0.00591 0.00906 0.04718 0.12708 0.20251 0.01100 0.00333 0.00000 0.04025 0.06771 0.10553 0.15234 0.14606 0.06091 0.01887 0.00226 
114	2	0.04474 0.04953 0.09494 0.01367 0.00784 0.02409 0.07239 0.00000 0.08528 0.20729 0.19761 0.09179 0.04208 0.03330 0.03225 0.00320 
115	2	0.01596 0.07324 0.03218 0.05594 0.13748 0.08700 0.11017 0.00000 0.02893 0.11447 0.11600 0.07634 0.06655 0.05261 0.03269 0.00044 
116	2	0.01153 0.10139 0.12105 0.18125 0.00548 0.00215 0.02005 0.00005 0.03373 0.11614 0.17308 0.13533 0.04432 0.02482 0.02360 0.00603 
117	2	0.01085 0.00264 0.00263 0.02977 0.11334 0.10302 0.20115 0.00000 0.02555 0.04204 0.04754 0.07808 0.17820 0.14215 0.02090 0.00211 
118	2	0.00014 0.01675 0.12812 0.07242 0.08927 0.15145 0.02481 0.00000 0.00924 0.05860 0.12097 0.10912 0.08974 0.09007 0.03756 0.00173 
119	2	0.02275 0.06779 0.03739 0.01757 0.20713 0.25047 0.00062 0.00000 0.03620 0.09281 0.06313 0.04550 0.06694 0.07714 0.01301 0.00155 
120	2	0.00828 0.03732 0.01899 0.20352 0.23295 0.08972 0.00873 0.00000 0.01101 0.02790 0.06003 0.10908 0.12263 0.06084 0.00837 0.00062 
121	2	0.00575 0.29109 0.05568 0.18237 0.05232 0.00345 0.02112 0.00000 0.01269 0.10788 0.08705 0.05020 0.05522 0.03285 0.03780 0.00455 
122	2	0.01513 0.07877 0.03507 0.15948 0.10057 0.11326 0.00408 0.00000 0.00592 0.04509 0.12529 0.15485 0.07721 0.06405 0.02057 0.00066 
123	2	0.00108 0.00540 0.02535 0.05929 0.15284 0.34974 0.00709 0.00000 0.00339 0.01769 0.04367 0.06419 0.12882 0.12803 0.01337 0.00005 
124	2	0.01706 0.04204 0.08426 0.13089 0.10624 0.01229 0.19128 0.00004 0.01901 0.06332 0.10762 0.11238 0.06661 0.02522 0.01730 0.00444 
125	2	0.00072 0.01326 0.19385 0.34237 0.02937 0.07299 0.02799 0.00000 0.00361 0.01730 0.05647 0.06913 0.05708 0.07840 0.03710 0.00036 
126	2	0.00000 0.00021 0.04664 0.17339 0.32613 0.24632 0.00019 0.00000 0.00027 0.00347 0.03712 0.08448 0.06696 0.01423 0.00054 0.00004 
127	2	0.00234 0.00682 0.00497 0.10479 0.46178 0.02142 0.00127 0.00000 0.00806 0.02556 0.03003 0.07969 0.14222 0.08546 0.02540 0.00018 
128	2	0.04508 0.02133 0.03284 0.08832 0.05017 0.23988 0.01105 0.00000 0.04194 0.07307 0.08976 0.10251 0.09127 0.08726 0.02337 0.00216 
129	2	0.00832 0.02564 0.21700 0.18119 0.01424 0.00294 0.06205 0.00001 0.01869 0.06785 0.13271 0.16253 0.06359 0.02347 0.01823 0.00154 
130	2	0.00188 0.00427 0.02320 0.03281 0.27867 0.16390 0.17681 0.00939 0.00475 0.03468 0.07208 0.05547 0.06374 0.04304 0.02707 0.00824 
131	2	0.01742 0.02038 0.01796 0.03353 0.21548 0.29947 0.12877 0.00566 0.01442 0.02359 0.01593 0.02431 0.08344 0.07555 0.01888 0.00521 
132	2	0.00210 0.01019 0.13234 0.16669 0.13437 0.04261 0.04023 0.00011 0.01345 0.07865 0.15116 0.11465 0.05069 0.03740 0.02414 0.00120 
133	2	0.02176 0.01790 0.14809 0.20496 0.05512 0.08203 0.03174 0.00001 0.03160 0.11183 0.15372 0.08112 0.02862 0.02000 0.00975 0.00177 
134	2	0.01042 0.01243 0.03460 0.11984 0.08040 0.08683 0.00440 0.00000 0.02057 0.05754 0.13972 0.21566 0.14036 0.06253 0.01383 0.00086 
135	2	0.01039 0.12267 0.19982 0.21805 0.03948 0.02014 0.01258 0.00002 0.01630 0.07206 0.09367 0.09212 0.05733 0.02852 0.01498 0.00186 
136	2	0.00322 0.00377 0.02040 0.27193 0.15922 0.08666 0.05787 0.00000 0.01098 0.02810 0.06727 0.12629 0.09609 0.04926 0.01865 0.00030 
137	2	0.00756 0.03182 0.00834 0.15390 0.46063 0.01417 0.00805 0.00000 0.01605 0.05008 0.04796 0.08771 0.08947 0.01999 0.00411 0.00016 
138	2	0.01092 0.00066 0.01486 0.07192 0.21412 0.43512 0.00547 0.00003 0.00466 0.01346 0.03931 0.06444 0.07396 0.03791 0.01165 0.00151 
139	2	0.00994 0.01219 0.00676 0.02092 0.15908 0.19867 0.00314 0.00000 0.01724 0.04239 0.05571 0.10724 0.20707 0.14843 0.01041 0.00080 
140	2	0.04831 0.03393 0.03783 0.06023 0.09860 0.06872 0.00837 0.00000 0.04838 0.09173 0.10391 0.11348 0.10665 0.12393 0.05339 0.00254 
141	2	0.01580 0.17066 0.22087 0.16993 0.01061 0.00962 0.01398 0.00000 0.02714 0.08771 0.10127 0.07629 0.04490 0.03268 0.01698 0.00156 
142	2	0.02099 0.07473 0.19617 0.18030 0.05307 0.00553 0.01276 0.00000 0.02788 0.09589 0.14509 0.10039 0.05116 0.02339 0.01251 0.00015 
143	2	0.01371 0.10005 0.25636 0.19148 0.20034 0.01217 0.00799 0.00018 0.00526 0.02348 0.06593 0.06480 0.03124 0.01634 0.00842 0.00227 
144	2	0.00522 0.02398 0.03237 0.02430 0.01632 0.03894 0.22185 0.00000 0.01229 0.08021 0.16324 0.15091 0.09820 0.08441 0.04686 0.00091 
145	2	0.02540 0.06145 0.04031 0.06711 0.13974 0.25011 0.00797 0.00000 0.01092 0.03933 0.05306 0.08862 0.12246 0.07670 0.01446 0.00237 
146	2	0.00013 0.00108 0.23363 0.03649 0.26686 0.02365 0.00041 0.00011 0.00249 0.01047 0.09357 0.09101 0.14473 0.09029 0.00371 0.00136 
147	2	0.00985 0.03582 0.16914 0.12988 0.02998 0.00584 0.00173 0.00000 0.02850 0.11261 0.15579 0.13554 0.12134 0.05445 0.00841 0.00112 
148	2	0.00008 0.02224 0.05624 0.24130 0.12163 0.03600 0.11280 0.00000 0.00066 0.01347 0.02697 0.04602 0.08351 0.12977 0.10744 0.00186 
149	2	0.00047 0.00534 0.03709 0.28087 0.32781 0.00949 0.00167 0.00000 0.00954 0.03227 0.04504 0.11065 0.11019 0.02124 0.00738 0.00096 
150	2	0.02256 0.02175 0.06470 0.13012 0.30569 0.04163 0.00627 0.00000 0.01965 0.04469 0.06123 0.10909 0.11994 0.04114 0.01095 0.00060 
151	2	0.00695 0.04060 0.32319 0.17912 0.05214 0.00240 0.00004 0.00000 0.02930 0.07720 0.10660 0.10977 0.05756 0.01433 0.00075 0.00005 
152	2	0.00004 0.05061 0.01891 0.00058 0.18231 0.46761 0.00003 0.00000 0.00134 0.01941 0.01883 0.00942 0.09527 0.12648 0.00904 0.00012 
153	2	0.02227 0.03044 0.02015 0.01383 0.06295 0.04196 0.00471 0.00000 0.05723 0.16259 0.18222 0.14926 0.14276 0.08835 0.02043 0.00085 
154	2	0.00142 0.01819 0.20567 0.09300 0.05109 0.13917 0.01837 0.00000 0.01246 0.05816 0.08442 0.07748 0.10259 0.10904 0.02761 0.00133 
155	2	0.00047 0.02850 0.38004 0.17300 0.04698 0.00864 0.00498 0.00000 0.00316 0.02554 0.10008 0.09138 0.07670 0.04619 0.01367 0.00066 
156	2	0.00022 0.01848 0.01355 0.54194 0.13267 0.00413 0.00051 0.00001 0.00817 0.05951 0.07289 0.07207 0.05471 0.01264 0.00692 0.00158 
157	2	0.00148 0.00576 0.07652 0.25552 0.27773 0.03105 0.01816 0.00000 0.00222 0.01597 0.06353 0.10694 0.08905 0.03655 0.01791 0.00162 
158	2	0.00041 0.07865 0.02433 0.01644 0.44415 0.02017 0.00199 0.00000 0.00620 0.08181 0.09052 0.06945 0.11143 0.04310 0.01068 0.00067 
159	2	0.00336 0.00693 0.08811 0.01464 0.13242 0.33017 0.00132 0.00001 0.00351 0.01811 0.09130 0.07308 0.11440 0.11156 0.00928 0.00181 
160	2	0.03674 0.07178 0.03893 0.02331 0.05039 0.09088 0.02105 0.00000 0.06593 0.17750 0.13243 0.07940 0.09244 0.08742 0.03149 0.00032 
161	2	0.00041 0.00275 0.01999 0.30281 0.41547 0.00551 0.00164 0.00000 0.00261 0.01155 0.02897 0.10120 0.08698 0.01526 0.00439 0.00048 
162	2	0.01510 0.05378 0.10003 0.14687 0.23355 0.14492 0.01176 0.00000 0.01560 0.03993 0.05360 0.06935 0.06454 0.03772 0.01226 0.00100 
163	2	0.00074 0.00809 0.03441 0.04462 0.23408 0.27151 0.03560 0.00009 0.00092 0.01018 0.02301 0.02220 0.09939 0.14824 0.06203 0.00488 
164	2	0.00006 0.18863 0.13908 0.03020 0.06807 0.00020 0.00144 0.00000 0.00592 0.11801 0.11767 0.15474 0.14832 0.01795 0.00865 0.00105 
165	2	0.00721 0.06644 0.20062 0.13171 0.26252 0.00118 0.00057 0.00000 0.01246 0.06297 0.09837 0.07578 0.05655 0.01525 0.00739 0.00099 
166	2	0.02028 0.04215 0.06785 0.31829 0.04839 0.06694 0.00373 0.00000 0.02694 0.06932 0.08151 0.09265 0.08068 0.06441 0.01623 0.00063 
167	2	0.04878 0.12258 0.05928 0.07207 0.11811 0.00140 0.00173 0.00000 0.04677 0.16630 0.13092 0.10560 0.09664 0.02116 0.00846 0.00019 
168	2	0.02621 0.04606 0.08123 0.24538 0.00953 0.08840 0.00033 0.00000 0.04789 0.11811 0.12716 0.07368 0.03436 0.08109 0.02043 0.00014 
169	2	0.01968 0.01846 0.10685 0.28215 0.01324 0.03119 0.03401 0.00000 0.04055 0.08888 0.11179 0.06396 0.08845 0.08538 0.01448 0.00094 
170	2	0.01696 0.04998 0.09728 0.07781 0.11401 0.05622 0.01891 0.00000 0.01761 0.12380 0.16502 0.12214 0.08919 0.03875 0.01206 0.00025 
171	2	0.01671 0.06634 0.10474 0.10613 0.09504 0.00035 0.00062 0.00002 0.04021 0.15557 0.18041 0.14675 0.06639 0.01149 0.00701 0.00223 
172	2	0.01145 0.02798 0.16117 0.24560 0.01250 0.01455 0.00000 0.00000 0.01409 0.06242 0.15448 0.19173 0.07549 0.02631 0.00189 0.00034 
173	2	0.00328 0.00177 0.15548 0.28661 0.15810 0.01884 0.04766 0.00000 0.00309 0.01069 0.06619 0.07693 0.07921 0.06123 0.02821 0.00271 
174	2	0.00889 0.03939 0.17445 0.15110 0.08356 0.00271 0.01149 0.00000 0.01437 0.07389 0.17329 0.15621 0.05973 0.02573 0.02288 0.00231 
175	2	0.00178 0.07627 0.03736 0.12634 0.07998 0.01898 0.02568 0.00000 0.01818 0.13098 0.15332 0.12424 0.09275 0.07464 0.03843 0.00107 
176	2	0.00126 0.02756 0.02257 0.07816 0.27655 0.02785 0.03131 0.00000 0.00848 0.06996 0.10243 0.12393 0.14949 0.06702 0.01308 0.00036 
177	2	0.01408 0.01929 0.04985 0.03157 0.45871 0.00420 0.00014 0.00000 0.01972 0.05884 0.09027 0.08770 0.11331 0.04178 0.00991 0.00064 
178	2	0.00249 0.13358 0.25671 0.02563 0.02909 0.02679 0.01006 0.00000 0.01015 0.08711 0.12382 0.10319 0.08189 0.07110 0.03742 0.00096 
179	2	0.04266 0.04149 0.10892 0.09964 0.21012 0.00457 0.00002 0.00000 0.02121 0.04413 0.06630 0.12028 0.17261 0.06346 0.00418 0.00041 
180	2	0.00338 0.01001 0.00910 0.24161 0.38188 0.00566 0.00076 0.00000 0.00804 0.02977 0.03911 0.10374 0.11276 0.04195 0.01149 0.00073 
181	2	0.06007 0.06567 0.20727 0.19680 0.03605 0.00051 0.00656 0.00000 0.03520 0.08817 0.10932 0.08537 0.05648 0.03296 0.01896 0.00062 
182	2	0.10822 0.10213 0.02106 0.06847 0.05551 0.01482 0.00325 0.00000 0.11483 0.19744 0.09718 0.09647 0.07853 0.02777 0.01411 0.00022 
183	2	0.00078 0.01463 0.37909 0.11994 0.17603 0.00603 0.00274 0.00000 0.00393 0.03703 0.07955 0.08288 0.05661 0.03102 0.00951 0.00024 
184	2	0.00260 0.00755 0.01198 0.23859 0.23563 0.09529 0.00325 0.00000 0.01421 0.04495 0.07007 0.11944 0.08792 0.05128 0.01497 0.00228 
185	2	0.00403 0.00981 0.03439 0.28292 0.10393 0.12300 0.01408 0.00000 0.01237 0.02237 0.05578 0.11044 0.12180 0.08764 0.01715 0.00031 
186	2	0.00429 0.03830 0.32136 0.37656 0.01449 0.00002 0.00000 0.00000 0.01222 0.04691 0.07089 0.07877 0.03221 0.00298 0.00093 0.00009 
187	2	0.00146 0.18848 0.13525 0.08974 0.09436 0.11576 0.00063 0.00000 0.00547 0.06801 0.08481 0.06670 0.07857 0.06528 0.00522 0.00024 
188	2	0.01025 0.10288 0.17081 0.08728 0.09730 0.12150 0.00267 0.00000 0.02930 0.09475 0.11383 0.08091 0.04504 0.03342 0.01003 0.00003 
189	2	0.08989 0.21667 0.09871 0.09008 0.02835 0.06063 0.01845 0.00000 0.08560 0.14051 0.07625 0.04516 0.01777 0.02094 0.01090 0.00007 
190	2	0.02523 0.14468 0.13485 0.06228 0.08834 0.09331 0.00577 0.00000 0.02400 0.07864 0.08608 0.07524 0.08527 0.07631 0.01865 0.00136 
191	2	0.00193 0.01008 0.01158 0.19799 0.36192 0.00402 0.00139 0.00000 0.01513 0.04378 0.06381 0.12071 0.12375 0.03179 0.01171 0.00042 
192	2	0.00559 0.00641 0.01440 0.02825 0.51352 0.08421 0.01033 0.00000 0.01594 0.03295 0.03888 0.07396 0.10831 0.05120 0.01558 0.00047 
193	2	0.00372 0.04075 0.01786 0.09502 0.02423 0.15252 0.00386 0.00000 0.03230 0.11675 0.12940 0.14496 0.11325 0.08887 0.03607 0.00044 
194	2	0.00097 0.00874 0.06903 0.31657 0.18347 0.10523 0.02707 0.00000 0.00601 0.02070 0.03616 0.06589 0.07761 0.06014 0.02118 0.00123 
195	2	0.02553 0.00408 0.00430 0.04565 0.37824 0.13772 0.00587 0.00001 0.01294 0.02924 0.05258 0.09944 0.11075 0.06790 0.02307 0.00268 
196	2	0.01940 0.04408 0.10559 0.01285 0.00261 0.04773 0.00900 0.00000 0.06227 0.17186 0.17428 0.10822 0.06819 0.10305 0.07013 0.00075 
197	2	0.04351 0.00667 0.08959 0.21527 0.24285 0.02823 0.00008 0.00000 0.04136 0.05669 0.06444 0.08499 0.08147 0.04212 0.00267 0.00005 
198	2	0.02556 0.00736 0.00098 0.04168 0.28467 0.23058 0.01620 0.00000 0.03775 0.05517 0.04088 0.05915 0.09956 0.07894 0.02129 0.00022 
199	2	0.00000 0.04055 0.13168 0.10630 0.18654 0.05898 0.19772 0.00000 0.00133 0.01489 0.03102 0.07063 0.08319 0.04714 0.02956 0.00046 
200	3	0.09564 0.02540 0.03166 0.26922 0.02632 0.00892 0.00001 0.00000 0.06076 0.10314 0.12339 0.12835 0.08286 0.03992 0.00431 0.00011 
201	3	0.17581 0.04258 0.01523 0.00548 0.07995 0.18707 0.00577 0.00000 0.08758 0.14746 0.10283 0.05531 0.03849 0.04355 0.01286 0.00003 
202	3	0.01599 0.01107 0.01529 0.00433 0.19238 0.28013 0.00478 0.00000 0.03689 0.08828 0.09102 0.08113 0.08832 0.06459 0.02389 0.00192 
203	3	0.10456 0.01820 0.02001 0.02607 0.14246 0.02783 0.00952 0.00000 0.08230 0.10430 0.11839 0.12603 0.11814 0.07044 0.03061 0.00114 
204	3	0.02349 0.00753 0.01599 0.11122 0.15341 0.02471 0.00149 0.00000 0.04645 0.07209 0.11404 0.17960 0.15908 0.06940 0.02053 0.00099 
205	3	0.02178 0.00804 0.12845 0.20946 0.15239 0.02136 0.00439 0.00000 0.04301 0.05718 0.06349 0.07856 0.09491 0.08328 0.03255 0.00114 
206	3	0.16772 0.01392 0.09872 0.02700 0.02393 0.02409 0.02074 0.00000 0.04895 0.07291 0.12114 0.12070 0.11329 0.09700 0.04945 0.00045 
207	3	0.14675 0.06603 0.04479 0.02283 0.00989 0.10583 0.15370 0.00000 0.04636 0.07453 0.07074 0.06148 0.05809 0.08885 0.04760 0.00254 
208	3	0.17825 0.11508 0.02899 0.01995 0.05222 0.05064 0.02418 0.00000 0.06178 0.10760 0.08406 0.08573 0.11002 0.07088 0.00848 0.00214 
209	3	0.00870 0.18136 0.03099 0.00961 0.00494 0.02103 0.15067 0.00000 0.02356 0.13824 0.14244 0.09430 0.06999 0.07245 0.04860 0.00313 
210	3	0.02705 0.09687 0.01051 0.01769 0.01265 0.01006 0.15866 0.00000 0.07017 0.17787 0.12839 0.11489 0.09608 0.05189 0.02485 0.00237 
211	3	0.11238 0.05561 0.06412 0.03268 0.00586 0.02375 0.03594 0.00000 0.05862 0.10616 0.08880 0.07795 0.09272 0.13875 0.10281 0.00384 
212	3	0.10543 0.03546 0.01815 0.04082 0.01050 0.00105 0.05523 0.00000 0.06364 0.14968 0.16060 0.16374 0.12281 0.04715 0.02362 0.00213 
213	3	0.00933 0.18002 0.33799 0.13181 0.00140 0.01039 0.01569 0.00000 0.02641 0.06117 0.05139 0.04035 0.03620 0.05871 0.03867 0.00048 
214	3	0.05574 0.03477 0.14375 0.27790 0.10805 0.00408 0.01366 0.00001 0.03148 0.07033 0.05960 0.06901 0.05726 0.04320 0.02873 0.00242 
215	3	0.10533 0.02004 0.02177 0.23023 0.17339 0.06936 0.00443 0.00000 0.05259 0.08206 0.05428 0.05887 0.06169 0.04517 0.01918 0.00163 
216	3	0.09760 0.03540 0.10342 0.00104 0.00113 0.02285 0.10226 0.00000 0.08262 0.11705 0.07934 0.05636 0.07443 0.11418 0.10898 0.00336 
217	3	0.12362 0.02249 0.01287 0.01959 0.02897 0.02475 0.11779 0.00000 0.07905 0.10989 0.09842 0.13339 0.13026 0.06691 0.03017 0.00182 
218	3	0.07214 0.02195 0.00571 0.04839 0.13084 0.10968 0.00547 0.00000 0.08174 0.10781 0.08156 0.11221 0.13835 0.07360 0.01027 0.00027 
219	3	0.04835 0.03960 0.00693 0.01428 0.13556 0.18116 0.00315 0.00000 0.04703 0.08459 0.08269 0.11467 0.13259 0.08709 0.02108 0.00122 
220	3	0.00414 0.00788 0.34524 0.17050 0.14609 0.03973 0.00887 0.00000 0.01093 0.02599 0.03720 0.04296 0.06494 0.06219 0.03206 0.00127 
221	3	0.03878 0.00420 0.01365 0.00724 0.01982 0.03499 0.01470 0.00000 0.06427 0.08403 0.10937 0.12892 0.19307 0.20341 0.08202 0.00153 
222	3	0.02552 0.03581 0.05422 0.04455 0.16884 0.01419 0.00403 0.00000 0.04419 0.10512 0.13572 0.14868 0.12315 0.06558 0.02856 0.00183 
223	3	0.17295 0.09291 0.02430 0.03164 0.00358 0.00216 0.17250 0.00000 0.10510 0.14547 0.10739 0.07239 0.02911 0.01660 0.02056 0.00335 
224	3	0.06146 0.01860 0.19469 0.19742 0.17760 0.05268 0.00545 0.00000 0.04078 0.05771 0.03521 0.03533 0.05536 0.04815 0.01859 0.00098 
225	3	0.04812 0.08242 0.14892 0.01891 0.00235 0.05382 0.04895 0.00000 0.03382 0.13866 0.17821 0.08828 0.05093 0.05991 0.04483 0.00187 
226	3	0.03077 0.03232 0.03530 0.08403 0.01808 0.05091 0.14580 0.00000 0.03559 0.11421 0.12059 0.11342 0.10146 0.06916 0.04549 0.00287 
227	3	0.19005 0.01024 0.13154 0.18018 0.02824 0.00353 0.00709 0.00000 0.05499 0.07715 0.08568 0.10196 0.07328 0.03708 0.01832 0.00066 
228	3	0.23907 0.03679 0.00566 0.12450 0.07233 0.00418 0.00831 0.00000 0.07043 0.09100 0.07973 0.09840 0.08814 0.05573 0.02390 0.00182 
229	3	0.08813 0.02930 0.02485 0.08086 0.14755 0.03015 0.01283 0.00000 0.06948 0.09596 0.09547 0.13372 0.09275 0.06526 0.03241 0.00128 
230	3	0.08359 0.05628 0.01000 0.06678 0.11146 0.03560 0.01251 0.00000 0.07064 0.10812 0.09157 0.11904 0.10709 0.08499 0.04092 0.00139 
231	3	0.03118 0.12692 0.04980 0.04270 0.03660 0.01393 0.00215 0.00000 0.05180 0.16861 0.14514 0.11997 0.10418 0.07308 0.03116 0.00278 
232	3	0.05160 0.02250 0.03639 0.08438 0.19655 0.02164 0.01171 0.00000 0.05157 0.10973 0.14282 0.14008 0.06984 0.03475 0.02433 0.00211 
233	3	0.13934 0.13127 0.11013 0.05472 0.03749 0.02173 0.00920 0.00000 0.03712 0.09658 0.10727 0.08916 0.07784 0.06128 0.02558 0.00130 
234	3	0.34388 0.00899 0.20034 0.20359 0.10772 0.00057 0.00000 0.00000 0.03434 0.02513 0.01830 0.02627 0.02321 0.00738 0.00026 0.00002 
235	3	0.02396 0.03670 0.02655 0.29255 0.13643 0.02188 0.02707 0.00000 0.04959 0.11036 0.07080 0.06208 0.06315 0.04690 0.03125 0.00072 
236	3	0.07544 0.09883 0.12322 0.12348 0.02667 0.00349 0.01515 0.00000 0.03330 0.12179 0.16913 0.13517 0.05203 0.01374 0.00777 0.00078 
237	3	0.03386 0.05958 0.01961 0.01960 0.03947 0.07276 0.01853 0.00000 0.04092 0.10578 0.11272 0.11819 0.14285 0.15011 0.06410 0.00189 
238	3	0.06798 0.02569 0.04105 0.11130 0.03683 0.00658 0.00789 0.00000 0.05189 0.11476 0.15394 0.17236 0.11224 0.06200 0.03244 0.00304 
239	3	0.01829 0.02395 0.00705 0.23451 0.25334 0.02727 0.01085 0.00000 0.03726 0.07225 0.06064 0.08672 0.09555 0.04854 0.02284 0.00095 
240	3	0.05578 0.10613 0.04783 0.04184 0.03732 0.02005 0.01770 0.00000 0.06536 0.14074 0.13680 0.12059 0.09486 0.06962 0.04267 0.00272 
241	3	0.02789 0.01168 0.01078 0.14563 0.16163 0.10473 0.00241 0.00000 0.05235 0.08988 0.10100 0.12633 0.09564 0.05185 0.01697 0.00122 
242	3	0.00844 0.00709 0.06144 0.28539 0.24148 0.00528 0.00420 0.00000 0.02514 0.05134 0.06324 0.08540 0.08739 0.05125 0.02234 0.00058 
243	3	0.04564 0.00961 0.06696 0.20544 0.01578 0.01110 0.01574 0.00000 0.06890 0.09617 0.10650 0.13439 0.11142 0.06973 0.04057 0.00205 
244	3	0.05564 0.03236 0.16075 0.15164 0.02322 0.02445 0.00473 0.00000 0.05674 0.09103 0.10138 0.10888 0.08774 0.06794 0.03240 0.00109 
245	3	0.22843 0.08310 0.00854 0.00027 0.00053 0.00011 0.00404 0.00003 0.23505 0.30524 0.10486 0.01283 0.00441 0.00301 0.00712 0.00242 
246	3	0.00628 0.04552 0.02112 0.06468 0.06074 0.05915 0.10424 0.00000 0.02098 0.08749 0.13138 0.18705 0.13747 0.04594 0.02591 0.00205 
247	3	0.04498 0.07296 0.03254 0.02213 0.01912 0.01235 0.02126 0.00000 0.08952 0.22045 0.17254 0.11877 0.09340 0.05152 0.02599 0.00246 
248	3	0.02680 0.01500 0.01522 0.26642 0.19785 0.00917 0.02273 0.00000 0.04135 0.07072 0.06667 0.06279 0.07034 0.07359 0.05880 0.00255 
249	3	0.08060 0.10644 0.02913 0.01808 0.01258 0.01003 0.00378 0.00000 0.08747 0.21832 0.18704 0.12377 0.07374 0.03501 0.01317 0.00082 
250	3	0.24258 0.09481 0.05133 0.04106 0.02895 0.01321 0.00656 0.00000 0.06698 0.13703 0.11832 0.08758 0.06094 0.03330 0.01572 0.00163 
251	3	0.04914 0.01474 0.14326 0.11371 0.02364 0.01515 0.01098 0.00000 0.06993 0.11323 0.12696 0.13332 0.10059 0.06366 0.02106 0.00064 
252	3	0.03474 0.05498 0.00653 0.00986 0.04665 0.31338 0.04000 0.00000 0.04377 0.08904 0.06139 0.05904 0.08185 0.09656 0.06023 0.00197 
253	3	0.07445 0.03899 0.00257 0.02780 0.10939 0.19134 0.00407 0.00000 0.08442 0.11930 0.07076 0.08823 0.08531 0.06658 0.03416 0.00263 
254	3	0.03330 0.08608 0.05633 0.03628 0.00327 0.00961 0.17988 0.00000 0.05182 0.15797 0.18142 0.11892 0.03929 0.01996 0.02366 0.00223 
255	3	0.02976 0.04771 0.03433 0.05456 0.05826 0.00774 0.01022 0.00000 0.04035 0.10100 0.14734 0.21292 0.18585 0.05383 0.01479 0.00132 
256	3	0.00657 0.05734 0.09722 0.04706 0.00830 0.00564 0.29151 0.00000 0.02202 0.09560 0.15199 0.10676 0.05799 0.02882 0.02103 0.00215 
257	3	0.06314 0.11539 0.09627 0.02884 0.02615 0.00496 0.06027 0.00000 0.06769 0.16500 0.15647 0.10869 0.07411 0.02042 0.01099 0.00161 
258	3	0.04184 0.04394 0.01759 0.07981 0.02491 0.07604 0.36776 0.00005 0.02362 0.06613 0.06671 0.06426 0.04289 0.04164 0.04071 0.00211 
259	3	0.07936 0.02893 0.04211 0.06906 0.04385 0.03516 0.01293 0.00000 0.05977 0.11030 0.13855 0.14826 0.11479 0.07582 0.03740 0.00370 
260	3	0.04604 0.07627 0.05132 0.03019 0.00553 0.00168 0.01466 0.00000 0.09155 0.21568 0.20766 0.15158 0.06896 0.02401 0.01286 0.00200 
261	3	0.10844 0.03932 0.02291 0.01420 0.11494 0.03246 0.01133 0.00000 0.09557 0.14070 0.11975 0.10812 0.10327 0.06412 0.02348 0.00139 
262	3	0.12249 0.11663 0.07905 0.00747 0.00859 0.02180 0.06291 0.00000 0.06945 0.10976 0.09007 0.07352 0.08013 0.08824 0.06713 0.00279 
263	3	0.02107 0.17892 0.19704 0.16759 0.07696 0.00262 0.00355 0.00000 0.02693 0.06740 0.08130 0.06629 0.05971 0.03333 0.01604 0.00124 
264	3	0.02245 0.03018 0.26569 0.15506 0.19542 0.01263 0.00644 0.00000 0.02625 0.04827 0.05065 0.05189 0.06540 0.04551 0.02307 0.00109 
265	3	0.08347 0.10987 0.02656 0.02629 0.00223 0.00772 0.21327 0.00000 0.07598 0.16302 0.12373 0.07902 0.03699 0.02209 0.02642 0.00335 
266	3	0.04379 0.02791 0.02429 0.03083 0.07982 0.06372 0.01166 0.00000 0.03264 0.10604 0.13879 0.15249 0.15751 0.09929 0.02961 0.00159 
267	3	0.01168 0.05468 0.04199 0.06832 0.04740 0.02064 0.00826 0.00000 0.02170 0.09411 0.14659 0.18861 0.17767 0.09024 0.02700 0.00112 
268	3	0.10283 0.27650 0.05708 0.03344 0.04007 0.00424 0.00617 0.00000 0.06607 0.15458 0.10352 0.06902 0.05295 0.02150 0.01109 0.00094 
269	3	0.13292 0.08927 0.03103 0.01368 0.01241 0.00940 0.01410 0.00000 0.09571 0.17014 0.12933 0.09847 0.09159 0.06908 0.04005 0.00281 
270	3	0.04854 0.00726 0.01096 0.10767 0.18738 0.16314 0.03392 0.00000 0.03718 0.05046 0.05455 0.06078 0.08685 0.10737 0.04356 0.00040 
271	3	0.00402 0.03798 0.01786 0.04939 0.19307 0.14089 0.12923 0.00000 0.01580 0.05123 0.06462 0.08759 0.08817 0.07368 0.04465 0.00183 
272	3	0.07632 0.03141 0.00641 0.06113 0.27421 0.02646 0.02284 0.00000 0.03764 0.07826 0.06902 0.08473 0.09337 0.09224 0.04562 0.00034 
273	3	0.38894 0.03991 0.00848 0.00680 0.00276 0.00123 0.00253 0.00000 0.10336 0.16789 0.11335 0.07638 0.04829 0.02638 0.01302 0.00069 
274	3	0.48771 0.04704 0.00751 0.01472 0.02845 0.00184 0.00259 0.00000 0.06843 0.07962 0.06290 0.07469 0.06099 0.03825 0.02287 0.00239 
275	3	0.03671 0.03485 0.21557 0.00184 0.02039 0.08503 0.00774 0.00000 0.06857 0.10638 0.09320 0.07549 0.10352 0.12335 0.02684 0.00052 
276	3	0.36495 0.03806 0.01631 0.01996 0.00939 0.00046 0.11490 0.00000 0.09371 0.11856 0.08487 0.06441 0.03324 0.01426 0.02246 0.00447 
277	3	0.03871 0.03645 0.03001 0.07412 0.08018 0.01626 0.00744 0.00016 0.03296 0.10860 0.15499 0.19185 0.15218 0.05738 0.01608 0.00263 
278	3	0.04879 0.03503 0.03116 0.06499 0.29154 0.07019 0.00344 0.00000 0.05661 0.09436 0.08188 0.07999 0.07527 0.04728 0.01766 0.00181 
279	3	0.03161 0.13725 0.03343 0.02272 0.19079 0.10826 0.00289 0.00000 0.03993 0.10476 0.10292 0.08831 0.08027 0.04009 0.01588 0.00093 
280	3	0.03703 0.03742 0.00605 0.05247 0.24474 0.08119 0.00166 0.00000 0.04025 0.09445 0.07769 0.09738 0.13539 0.07648 0.01710 0.00070 
281	3	0.06379 0.04199 0.00234 0.01591 0.07019 0.17780 0.00317 0.00000 0.08140 0.12126 0.06937 0.10066 0.13030 0.09784 0.02328 0.00070 
282	3	0.00248 0.02503 0.03089 0.01124 0.00751 0.05376 0.01163 0.00000 0.01946 0.15629 0.26692 0.18957 0.11061 0.07850 0.03510 0.00102 
283	3	0.02412 0.12499 0.02606 0.00200 0.01700 0.04951 0.22534 0.00000 0.05174 0.15983 0.11821 0.06159 0.07321 0.05235 0.01375 0.00028 
284	3	0.01217 0.09485 0.02125 0.00789 0.02348 0.08779 0.06965 0.00000 0.04146 0.13233 0.11126 0.09058 0.12202 0.12399 0.05945 0.00183 
285	3	0.01148 0.03698 0.00847 0.01215 0.06726 0.23347 0.00130 0.00000 0.02900 0.07630 0.08554 0.12476 0.17484 0.11431 0.02389 0.00025 
286	3	0.01068 0.02532 0.00829 0.00525 0.11705 0.27143 0.00250 0.00000 0.03056 0.07563 0.07084 0.07768 0.15002 0.12280 0.03099 0.00096 
287	3	0.01231 0.08383 0.04192 0.01238 0.02021 0.15122 0.00752 0.00000 0.03189 0.13869 0.13753 0.10261 0.12489 0.10606 0.02835 0.00058 
288	3	0.00482 0.02604 0.00552 0.01750 0.10034 0.21479 0.00173 0.00000 0.02795 0.08663 0.10103 0.13630 0.15921 0.09379 0.02367 0.00066 
289	3	0.02021 0.03910 0.00361 0.11700 0.23252 0.01355 0.00286 0.00000 0.03637 0.06591 0.06387 0.14248 0.16405 0.07634 0.02130 0.00081 
290	3	0.00882 0.13769 0.03554 0.00511 0.05522 0.21342 0.00762 0.00000 0.03818 0.18846 0.14710 0.04175 0.04861 0.04956 0.02101 0.00192 
291	3	0.00865 0.04837 0.06958 0.06719 0.08666 0.01187 0.00305 0.00000 0.01966 0.08800 0.13056 0.17857 0.18174 0.07978 0.02494 0.00136 
292	3	0.03149 0.07664 0.01467 0.01185 0.02095 0.03683 0.32054 0.00000 0.02425 0.07559 0.08864 0.10727 0.10671 0.05940 0.02403 0.00114 
293	3	0.00770 0.02100 0.02042 0.03451 0.38478 0.03871 0.00972 0.00001 0.01972 0.06511 0.09326 0.12075 0.11082 0.05393 0.01714 0.00242 
294	3	0.02424 0.05673 0.01449 0.01532 0.04703 0.37285 0.02255 0.00001 0.03273 0.07310 0.07724 0.09070 0.09569 0.06035 0.01535 0.00162 
295	3	0.33534 0.04312 0.11564 0.07786 0.01110 0.00595 0.00453 0.00002 0.04295 0.06395 0.11859 0.12097 0.03934 0.01073 0.00776 0.00215 
296	3	0.00711 0.08916 0.07098 0.10927 0.08943 0.06558 0.01175 0.00001 0.01732 0.09262 0.12864 0.10463 0.10088 0.08092 0.03007 0.00161 
