600	6	16
0	1	0.00017 0.00749 0.01261 0.00000 0.00720 0.01229 0.01956 0.00000 0.01975 0.02290 0.09174 0.13848 0.15111 0.00000 0.10522 0.41148 
1	1	0.00103 0.01103 0.00000 0.03883 0.02197 0.02320 0.00000 0.01957 0.01793 0.00000 0.01606 0.01752 0.01453 0.00000 0.32718 0.49114 
2	1	0.00423 0.01849 0.00000 0.02241 0.01758 0.01960 0.00000 0.02467 0.09301 0.00000 0.12539 0.29628 0.14812 0.00000 0.00768 0.22255 
3	1	0.00353 0.01147 0.00000 0.01886 0.02537 0.04745 0.00000 0.08695 0.20548 0.00000 0.24537 0.13040 0.02193 0.00000 0.05725 0.14595 
4	1	0.00020 0.00201 0.01287 0.00000 0.02327 0.03169 0.04061 0.00000 0.13895 0.21361 0.18060 0.07914 0.02729 0.00000 0.02329 0.22647 
5	1	0.00336 0.01482 0.00000 0.01582 0.04132 0.07130 0.00000 0.10710 0.07142 0.00000 0.02603 0.02538 0.15423 0.00000 0.15977 0.30946 
6	1	0.00273 0.00709 0.00000 0.00728 0.01552 0.02895 0.00000 0.04550 0.02701 0.00000 0.05056 0.05813 0.06465 0.00000 0.17533 0.51726 
7	1	0.00002 0.00301 0.00846 0.00000 0.01426 0.01903 0.05322 0.00000 0.13938 0.23514 0.20715 0.11962 0.02482 0.00000 0.02188 0.15402 
8	1	0.00016 0.00141 0.00615 0.00000 0.01366 0.02429 0.03762 0.00000 0.04416 0.12923 0.15840 0.04549 0.01562 0.00000 0.03763 0.48618 
9	1	0.00096 0.00708 0.00000 0.08413 0.02103 0.07783 0.00000 0.04255 0.17136 0.00000 0.12539 0.01261 0.00517 0.00000 0.01388 0.43801 
10	1	0.00026 0.00056 0.03257 0.00000 0.04590 0.02726 0.05774 0.00000 0.06054 0.16925 0.08350 0.08036 0.04027 0.00000 0.02036 0.38145 
11	1	0.00350 0.00546 0.00000 0.01575 0.01974 0.02547 0.00000 0.00797 0.01680 0.00000 0.01613 0.01577 0.01377 0.00000 0.67155 0.18810 
12	1	0.01006 0.03580 0.00000 0.05660 0.10021 0.08453 0.00000 0.02328 0.02194 0.00000 0.02977 0.06666 0.07907 0.00000 0.20746 0.28461 
13	1	0.00260 0.00471 0.00000 0.02321 0.03085 0.01633 0.00000 0.00899 0.02151 0.00000 0.01726 0.01845 0.03404 0.00000 0.43924 0.38284 
14	1	0.00001 0.00517 0.01977 0.00000 0.05348 0.07963 0.15276 0.00000 0.21084 0.14342 0.13227 0.08093 0.02658 0.00000 0.04405 0.05109 
15	1	0.00013 0.00776 0.03424 0.00000 0.02851 0.02493 0.03497 0.00000 0.04543 0.03155 0.03904 0.07626 0.03346 0.00000 0.19388 0.44984 
16	1	0.00068 0.00696 0.02283 0.00000 0.03332 0.06009 0.18067 0.00000 0.19362 0.06974 0.16001 0.10670 0.03584 0.00000 0.03252 0.09702 
17	1	0.00036 0.00646 0.02362 0.00000 0.01982 0.02802 0.09204 0.00000 0.13724 0.09637 0.26206 0.13572 0.02746 0.00000 0.04768 0.12314 
18	1	0.00004 0.00264 0.00834 0.00000 0.01523 0.01880 0.04341 0.00000 0.06196 0.07471 0.09430 0.11382 0.04824 0.00000 0.08125 0.43727 
19	1	0.00529 0.01533 0.00000 0.02433 0.03160 0.04358 0.00000 0.12703 0.03924 0.00000 0.06340 0.05905 0.05087 0.00000 0.02968 0.51060 
20	1	0.00027 0.00542 0.01488 0.00000 0.01037 0.01525 0.02792 0.00000 0.02305 0.02541 0.12810 0.18192 0.24279 0.00000 0.05379 0.27081 
21	1	0.00029 0.00419 0.00994 0.00000 0.03206 0.06057 0.08295 0.00000 0.08038 0.07120 0.10743 0.07627 0.08832 0.00000 0.03339 0.35299 
22	1	0.00220 0.00436 0.00000 0.02266 0.02097 0.02227 0.00000 0.00741 0.01054 0.00000 0.01893 0.27639 0.04404 0.00000 0.29163 0.27861 
23	1	0.00025 0.00418 0.00934 0.00000 0.01307 0.02309 0.02770 0.00000 0.02346 0.14622 0.04011 0.03533 0.36484 0.00000 0.05140 0.26100 
24	1	0.00314 0.00536 0.00000 0.00929 0.01891 0.02845 0.00000 0.00929 0.01019 0.00000 0.05219 0.34208 0.05004 0.00000 0.32978 0.14128 
25	1	0.00342 0.01205 0.03879 0.00000 0.07672 0.06142 0.10079 0.00000 0.13825 0.04580 0.03751 0.07506 0.14392 0.00000 0.05648 0.20979 
26	1	0.00598 0.02238 0.04675 0.00000 0.07961 0.06589 0.10854 0.00000 0.14219 0.04686 0.03337 0.08343 0.14236 0.00000 0.05060 0.17204 
27	1	0.00004 0.00187 0.01222 0.00000 0.01112 0.04407 0.12681 0.00000 0.12019 0.06028 0.03744 0.02858 0.03694 0.00000 0.29769 0.22274 
28	1	0.00002 0.00454 0.03252 0.00000 0.02614 0.07136 0.16991 0.00000 0.06161 0.02837 0.02547 0.08145 0.27741 0.00000 0.08096 0.14023 
29	1	0.00004 0.02513 0.03722 0.00000 0.04323 0.05035 0.07903 0.00000 0.14290 0.10858 0.06355 0.02693 0.01951 0.00000 0.11026 0.29327 
30	1	0.00120 0.00643 0.01831 0.00000 0.02755 0.02230 0.03421 0.00000 0.03236 0.01247 0.01345 0.01104 0.00551 0.00000 0.30703 0.50813 
31	1	0.00021 0.01817 0.06381 0.00000 0.04227 0.07365 0.10121 0.00000 0.07346 0.04340 0.04267 0.06081 0.08543 0.00000 0.14690 0.24800 
32	1	0.00303 0.00477 0.00000 0.00701 0.01938 0.01980 0.00000 0.03175 0.07191 0.00000 0.20594 0.04245 0.01149 0.00000 0.05721 0.52525 
33	1	0.01636 0.02741 0.00000 0.01128 0.01207 0.03531 0.00000 0.05936 0.06182 0.00000 0.13207 0.13957 0.05259 0.00000 0.11733 0.33483 
34	1	0.00002 0.00653 0.02295 0.00000 0.05901 0.04799 0.04650 0.00000 0.07267 0.17000 0.14799 0.05053 0.02427 0.00000 0.08594 0.26562 
35	1	0.00218 0.01991 0.01867 0.00000 0.01329 0.05767 0.17657 0.00000 0.06622 0.04982 0.03348 0.04959 0.05023 0.00000 0.06915 0.39320 
36	1	0.00057 0.00716 0.00000 0.06723 0.07398 0.14510 0.00000 0.20538 0.04872 0.00000 0.03803 0.01228 0.00491 0.00000 0.01360 0.38305 
37	1	0.00108 0.00068 0.00086 0.00000 0.00059 0.00047 0.00223 0.00000 0.00318 0.03409 0.08249 0.06170 0.06906 0.00000 0.01167 0.73189 
38	1	0.00003 0.00406 0.00964 0.00000 0.01394 0.01562 0.05174 0.00000 0.04435 0.05356 0.09943 0.06801 0.12876 0.00000 0.04288 0.46798 
39	1	0.00001 0.00665 0.02245 0.00000 0.02160 0.02222 0.02894 0.00000 0.08892 0.08376 0.13594 0.08731 0.07414 0.00000 0.15298 0.27507 
40	1	0.00002 0.00386 0.02048 0.00000 0.02440 0.02534 0.04931 0.00000 0.05268 0.06007 0.16031 0.08992 0.02273 0.00000 0.01776 0.47311 
41	1	0.00146 0.00583 0.00000 0.00829 0.00967 0.02666 0.00000 0.06018 0.05777 0.00000 0.08546 0.06240 0.34919 0.00000 0.13119 0.20192 
42	1	0.00889 0.05356 0.00000 0.04740 0.02221 0.01550 0.00000 0.00559 0.00869 0.00000 0.00733 0.18081 0.10705 0.00000 0.35204 0.19094 
43	1	0.00279 0.00308 0.00000 0.01085 0.01702 0.02281 0.00000 0.02699 0.02676 0.00000 0.08111 0.09634 0.41982 0.00000 0.11231 0.18013 
44	1	0.00025 0.01519 0.03491 0.00000 0.03486 0.07196 0.11269 0.00000 0.06864 0.09461 0.10488 0.06481 0.06883 0.00000 0.15982 0.16854 
45	1	0.00039 0.00239 0.01103 0.00000 0.01587 0.01934 0.04831 0.00000 0.07579 0.06101 0.16903 0.05158 0.05404 0.00000 0.02834 0.46287 
46	1	0.00001 0.00342 0.01447 0.00000 0.01791 0.01890 0.08869 0.00000 0.15193 0.06978 0.06947 0.04501 0.02481 0.00000 0.03792 0.45767 
47	1	0.00194 0.00528 0.00000 0.00720 0.01277 0.02802 0.00000 0.09185 0.19721 0.00000 0.23016 0.05397 0.03322 0.00000 0.02025 0.31814 
48	1	0.00002 0.00128 0.00400 0.00000 0.00851 0.01767 0.01963 0.00000 0.03115 0.03510 0.01481 0.00770 0.00680 0.00000 0.02065 0.83267 
49	1	0.00005 0.00343 0.00691 0.00000 0.01046 0.00782 0.01835 0.00000 0.03557 0.08824 0.13872 0.11809 0.09903 0.00000 0.05683 0.41648 
50	1	0.00017 0.01017 0.02227 0.00000 0.01674 0.04408 0.09709 0.00000 0.08670 0.10296 0.03800 0.08680 0.10251 0.00000 0.13392 0.25859 
51	1	0.00039 0.00549 0.01141 0.00000 0.01678 0.01868 0.02516 0.00000 0.03749 0.08217 0.16081 0.07032 0.05524 0.00000 0.03237 0.48370 
52	1	0.00007 0.00383 0.00757 0.00000 0.00792 0.01172 0.01853 0.00000 0.01793 0.02673 0.15794 0.13051 0.06375 0.00000 0.03980 0.51370 
53	1	0.00254 0.00387 0.00000 0.00660 0.00796 0.01021 0.00000 0.02297 0.01779 0.00000 0.23322 0.14958 0.15934 0.00000 0.01416 0.37176 
54	1	0.00004 0.00406 0.00941 0.00000 0.01114 0.00721 0.02251 0.00000 0.02961 0.03027 0.15118 0.23666 0.19253 0.00000 0.15637 0.14902 
55	1	0.00101 0.00171 0.00000 0.00328 0.00425 0.02136 0.00000 0.02437 0.01252 0.00000 0.02480 0.07466 0.14131 0.00000 0.44825 0.24249 
56	1	0.00501 0.03102 0.00000 0.01399 0.04322 0.22285 0.00000 0.05732 0.01136 0.00000 0.02192 0.12720 0.08690 0.00000 0.07311 0.30609 
57	1	0.00098 0.00797 0.02683 0.00000 0.02920 0.05649 0.09035 0.00000 0.09778 0.15970 0.05911 0.05905 0.04860 0.00000 0.05183 0.31213 
58	1	0.00002 0.00125 0.00774 0.00000 0.02896 0.06944 0.11569 0.00000 0.05916 0.02711 0.06105 0.12911 0.01764 0.00000 0.03529 0.44753 
59	1	0.00002 0.00601 0.01238 0.00000 0.02229 0.02036 0.01727 0.00000 0.01122 0.01582 0.01731 0.25544 0.19796 0.00000 0.33947 0.08444 
60	1	0.00510 0.00540 0.00000 0.01274 0.01443 0.01813 0.00000 0.01964 0.01969 0.00000 0.08705 0.09801 0.38744 0.00000 0.08638 0.24599 
61	1	0.00583 0.00934 0.00000 0.01186 0.01899 0.04499 0.00000 0.08227 0.16681 0.00000 0.03064 0.01766 0.27413 0.00000 0.04742 0.29007 
62	1	0.00011 0.00388 0.02503 0.00000 0.02114 0.05086 0.14876 0.00000 0.07266 0.02891 0.05763 0.11064 0.16939 0.00000 0.03643 0.27455 
63	1	0.00061 0.00190 0.00809 0.00000 0.01078 0.02225 0.03846 0.00000 0.07633 0.12495 0.15558 0.05211 0.03500 0.00000 0.05380 0.42013 
64	1	0.00007 0.00610 0.00881 0.00000 0.01127 0.02105 0.03290 0.00000 0.04066 0.07090 0.19024 0.02680 0.04235 0.00000 0.20128 0.34758 
65	1	0.00168 0.00655 0.00000 0.01068 0.00959 0.02403 0.00000 0.04408 0.02675 0.00000 0.03376 0.05704 0.17362 0.00000 0.18991 0.42232 
66	1	0.00366 0.00700 0.00000 0.00844 0.01573 0.02013 0.00000 0.01424 0.01308 0.00000 0.02689 0.02974 0.08856 0.00000 0.14744 0.62509 
67	1	0.00006 0.00211 0.00958 0.00000 0.02277 0.02800 0.10201 0.00000 0.19333 0.13324 0.09756 0.03184 0.00562 0.00000 0.00703 0.36685 
68	1	0.01309 0.02227 0.00000 0.01704 0.03589 0.04595 0.00000 0.05344 0.02962 0.00000 0.08839 0.21590 0.01048 0.00000 0.02375 0.44419 
69	1	0.00001 0.00429 0.02214 0.00000 0.01733 0.02743 0.02428 0.00000 0.03020 0.01760 0.07702 0.08700 0.16489 0.00000 0.04836 0.47947 
70	1	0.00313 0.00717 0.00000 0.01677 0.01741 0.01921 0.00000 0.00845 0.01069 0.00000 0.03778 0.03094 0.01130 0.00000 0.01271 0.82444 
71	1	0.00061 0.00323 0.00000 0.02039 0.04528 0.04082 0.00000 0.01960 0.02210 0.00000 0.03822 0.01649 0.00447 0.00000 0.00439 0.78439 
72	1	0.00031 0.00428 0.00941 0.00000 0.01485 0.00954 0.02087 0.00000 0.01975 0.01411 0.04656 0.06890 0.15258 0.00000 0.08319 0.55565 
73	1	0.01953 0.01853 0.00000 0.02579 0.08241 0.24153 0.00000 0.04039 0.06157 0.00000 0.07251 0.15397 0.09823 0.00000 0.03949 0.14604 
74	1	0.00184 0.01022 0.00000 0.02918 0.02669 0.03395 0.00000 0.03045 0.02059 0.00000 0.01907 0.01448 0.01490 0.00000 0.74071 0.05792 
75	1	0.00004 0.00268 0.00984 0.00000 0.01112 0.00984 0.02677 0.00000 0.04699 0.04109 0.07976 0.10335 0.21918 0.00000 0.19565 0.25368 
76	1	0.00006 0.00202 0.03855 0.00000 0.04913 0.02240 0.06214 0.00000 0.11203 0.05600 0.14906 0.15930 0.02830 0.00000 0.05658 0.26443 
77	1	0.00001 0.00169 0.01056 0.00000 0.02605 0.02426 0.06350 0.00000 0.05711 0.02527 0.07041 0.07579 0.12601 0.00000 0.06241 0.45694 
78	1	0.00003 0.00196 0.07833 0.00000 0.10711 0.06934 0.06253 0.00000 0.06144 0.03896 0.05905 0.05279 0.09942 0.00000 0.14679 0.22225 
79	1	0.00006 0.00455 0.04951 0.00000 0.04488 0.01719 0.01758 0.00000 0.01710 0.01947 0.02608 0.09436 0.16138 0.00000 0.24810 0.29975 
80	1	0.00002 0.00252 0.01439 0.00000 0.01670 0.02283 0.03870 0.00000 0.10637 0.19462 0.27646 0.08914 0.02441 0.00000 0.05084 0.16300 
81	1	0.00017 0.01371 0.03091 0.00000 0.01733 0.02143 0.03937 0.00000 0.07146 0.12084 0.09944 0.04526 0.08393 0.00000 0.04154 0.41463 
82	1	0.00037 0.00279 0.02964 0.00000 0.04322 0.02381 0.03024 0.00000 0.04572 0.05116 0.13799 0.13482 0.10856 0.00000 0.02195 0.36974 
83	1	0.00018 0.00382 0.01995 0.00000 0.03601 0.03416 0.09858 0.00000 0.09224 0.05581 0.14860 0.16071 0.05001 0.00000 0.06370 0.23625 
84	1	0.00027 0.00820 0.01552 0.00000 0.01656 0.01938 0.01905 0.00000 0.01578 0.01815 0.03442 0.11066 0.18239 0.00000 0.11134 0.44826 
85	1	0.00004 0.00447 0.00912 0.00000 0.03319 0.10140 0.15295 0.00000 0.02953 0.04888 0.03362 0.03925 0.06116 0.00000 0.04828 0.43812 
86	1	0.00790 0.01371 0.00000 0.02016 0.04303 0.03377 0.00000 0.02374 0.06817 0.00000 0.17168 0.05209 0.22470 0.00000 0.13783 0.20322 
87	1	0.00814 0.01424 0.03231 0.00000 0.25943 0.05483 0.07765 0.00000 0.02942 0.03390 0.05669 0.05317 0.05819 0.00000 0.14180 0.18023 
88	1	0.01197 0.01865 0.04126 0.00000 0.03742 0.02382 0.03198 0.00000 0.03862 0.03497 0.12567 0.13830 0.02176 0.00000 0.02234 0.45325 
89	1	0.00177 0.00709 0.02935 0.00000 0.02619 0.00944 0.01872 0.00000 0.04066 0.02288 0.02059 0.18610 0.26960 0.00000 0.12826 0.23936 
90	1	0.00001 0.00829 0.01512 0.00000 0.01481 0.01414 0.03482 0.00000 0.02634 0.06248 0.12296 0.05248 0.08532 0.00000 0.12897 0.43427 
91	1	0.00005 0.00495 0.01058 0.00000 0.00998 0.01024 0.02119 0.00000 0.10213 0.08964 0.13346 0.35640 0.16639 0.00000 0.05128 0.04372 
92	1	0.00160 0.00237 0.00000 0.00513 0.02253 0.03007 0.00000 0.08766 0.15576 0.00000 0.09080 0.05088 0.07651 0.00000 0.11739 0.35930 
93	1	0.00007 0.00266 0.00571 0.00000 0.01324 0.03577 0.02845 0.00000 0.03174 0.06731 0.13038 0.04694 0.17014 0.00000 0.15680 0.31080 
94	1	0.00006 0.00372 0.01038 0.00000 0.01941 0.02598 0.03839 0.00000 0.05534 0.05698 0.16991 0.05751 0.10327 0.00000 0.03176 0.42729 
95	1	0.00006 0.00458 0.00929 0.00000 0.02695 0.03304 0.07202 0.00000 0.05148 0.16824 0.23368 0.13610 0.06194 0.00000 0.03612 0.16649 
96	1	0.00012 0.00847 0.04092 0.00000 0.04921 0.03962 0.05713 0.00000 0.05840 0.09979 0.07808 0.09213 0.04014 0.00000 0.05756 0.37842 
97	1	0.00005 0.00667 0.02452 0.00000 0.03195 0.03035 0.07022 0.00000 0.07712 0.07093 0.09217 0.12462 0.12906 0.00000 0.04180 0.30055 
98	1	0.00005 0.00591 0.08438 0.00000 0.06740 0.03473 0.05899 0.00000 0.05429 0.02500 0.03642 0.05651 0.11531 0.00000 0.16334 0.29766 
99	1	0.00016 0.00033 0.00214 0.00000 0.00698 0.00601 0.02607 0.00000 0.07738 0.03092 0.07916 0.04350 0.01365 0.00000 0.01068 0.70302 
100	2	0.01561 0.03087 0.03335 0.00000 0.07232 0.03789 0.02519 0.00000 0.05289 0.03844 0.10100 0.03937 0.04832 0.00000 0.07288 0.43187 
101	2	0.00001 0.00029 0.00000 0.00079 0.00200 0.00587 0.00000 0.04803 0.06721 0.00000 0.08702 0.12484 0.04467 0.00000 0.05504 0.56423 
102	2	0.00001 0.00072 0.00257 0.00000 0.01414 0.06361 0.09722 0.00000 0.25586 0.12561 0.11003 0.14633 0.10987 0.00000 0.03432 0.03971 
103	2	0.00008 0.00113 0.00118 0.00000 0.00358 0.00408 0.00829 0.00000 0.01833 0.04937 0.04763 0.09533 0.03363 0.00000 0.03962 0.69774 
104	2	0.00219 0.00673 0.00569 0.00000 0.01447 0.02123 0.03549 0.00000 0.09763 0.04299 0.07679 0.09854 0.01965 0.00000 0.01763 0.56097 
105	2	0.00002 0.00000 0.00014 0.00131 0.00566 0.00000 0.04796 0.00000 0.04904 0.04990 0.05816 0.00000 0.03734 0.00000 0.02468 0.72579 
106	2	0.00114 0.00778 0.00856 0.00000 0.01561 0.01762 0.04049 0.00000 0.07589 0.02888 0.07114 0.06770 0.01181 0.00000 0.01325 0.64012 
107	2	0.00409 0.00911 0.02175 0.00000 0.07172 0.03413 0.06743 0.00000 0.13653 0.11690 0.31856 0.21896 0.00028 0.00000 0.00012 0.00043 
108	2	0.00008 0.00000 0.00044 0.00471 0.00000 0.03129 0.00000 0.12207 0.29784 0.00000 0.09595 0.00000 0.08748 0.14796 0.00000 0.21218 
109	2	0.00049 0.00367 0.00000 0.01359 0.03778 0.06754 0.00000 0.06624 0.09532 0.00000 0.18501 0.23357 0.12745 0.00000 0.15879 0.01056 
110	2	0.00877 0.00000 0.05068 0.08638 0.07390 0.00000 0.09390 0.00000 0.08990 0.11849 0.18647 0.00000 0.12303 0.00000 0.13909 0.02939 
111	2	0.00012 0.00145 0.00000 0.00103 0.00611 0.02085 0.00000 0.05545 0.02989 0.00000 0.16772 0.17729 0.17213 0.00000 0.27739 0.09055 
112	2	0.00015 0.00469 0.00675 0.00000 0.00822 0.01224 0.05381 0.00000 0.07096 0.03125 0.05465 0.05551 0.01289 0.00000 0.04738 0.64150 
113	2	0.02018 0.02829 0.03010 0.00000 0.06141 0.22395 0.07443 0.00000 0.23324 0.12944 0.06893 0.08669 0.01639 0.00000 0.01839 0.00855 
114	2	0.05705 0.03392 0.03623 0.00000 0.30514 0.23764 0.09199 0.00000 0.06499 0.07674 0.04499 0.02736 0.01735 0.00000 0.00558 0.00103 
115	2	0.00024 0.00023 0.00086 0.00000 0.00126 0.00521 0.01209 0.00000 0.05921 0.03947 0.16386 0.19188 0.04733 0.00000 0.37230 0.10605 
116	2	0.20707 0.04877 0.02752 0.00000 0.05512 0.03567 0.03223 0.00000 0.05819 0.05265 0.05709 0.31409 0.05981 0.00000 0.04383 0.00796 
117	2	0.00259 0.07231 0.29220 0.00000 0.16617 0.06485 0.07797 0.00000 0.08451 0.07664 0.06329 0.02884 0.01167 0.00000 0.01418 0.04477 
118	2	0.00220 0.01534 0.02593 0.00000 0.05091 0.06187 0.10162 0.00000 0.06467 0.03593 0.06600 0.16556 0.09350 0.00000 0.11214 0.20432 
119	2	0.00010 0.00912 0.01480 0.00000 0.02574 0.06078 0.09698 0.00000 0.06428 0.05159 0.13059 0.18816 0.09899 0.00000 0.11488 0.14398 
120	2	0.00007 0.00004 0.00000 0.00015 0.00089 0.00210 0.00000 0.04100 0.15367 0.00000 0.10287 0.30929 0.07049 0.00000 0.04530 0.27413 
121	2	0.00040 0.00993 0.01975 0.00000 0.03991 0.08319 0.11366 0.00000 0.06372 0.05271 0.08923 0.15877 0.10708 0.00000 0.11784 0.14382 
122	2	0.00028 0.00000 0.00808 0.00000 0.02903 0.00000 0.06937 0.00000 0.00000 0.22063 0.00000 0.42073 0.00000 0.16156 0.00000 0.09032 
123	2	0.00176 0.00403 0.00702 0.00000 0.02182 0.03534 0.05624 0.00000 0.18537 0.10645 0.16911 0.21767 0.05541 0.00000 0.06355 0.07624 
124	2	0.47676 0.10571 0.04288 0.00000 0.05473 0.02861 0.00789 0.00000 0.02025 0.03819 0.01805 0.10288 0.05801 0.00000 0.01766 0.02838 
125	2	0.00023 0.00370 0.03186 0.00000 0.05253 0.06844 0.09183 0.00000 0.06985 0.06110 0.04150 0.02453 0.01496 0.00000 0.02705 0.51243 
126	2	0.00008 0.00447 0.00734 0.00000 0.01796 0.01995 0.03872 0.00000 0.08315 0.06333 0.03668 0.05390 0.02715 0.00000 0.01574 0.63152 
127	2	0.00056 0.00828 0.01296 0.00000 0.02815 0.05304 0.04554 0.00000 0.08987 0.10911 0.07684 0.16643 0.22175 0.00000 0.09587 0.09160 
128	2	0.06376 0.01607 0.00923 0.00000 0.01456 0.01120 0.01117 0.00000 0.03182 0.04576 0.16089 0.29338 0.02859 0.00000 0.02601 0.28754 
129	2	0.00030 0.01393 0.02315 0.00000 0.05653 0.06892 0.13090 0.00000 0.13105 0.25507 0.06418 0.10938 0.06056 0.00000 0.05322 0.03280 
130	2	0.00005 0.00114 0.00598 0.00000 0.01066 0.01286 0.04275 0.00000 0.09102 0.03044 0.14566 0.18656 0.05307 0.00000 0.09549 0.32433 
131	2	0.00211 0.00000 0.00476 0.00000 0.01309 0.00000 0.04214 0.00000 0.10430 0.06411 0.00000 0.08559 0.00000 0.19934 0.00000 0.48457 
132	2	0.00001 0.00031 0.00033 0.00000 0.00306 0.00359 0.01390 0.00000 0.09236 0.03425 0.06846 0.04835 0.01669 0.00000 0.57721 0.14148 
133	2	0.00002 0.00001 0.00000 0.00004 0.00233 0.00454 0.00000 0.10973 0.06620 0.00000 0.42067 0.39144 0.00416 0.00000 0.00072 0.00015 
134	2	0.00003 0.00190 0.00440 0.00000 0.01136 0.01754 0.04476 0.00000 0.11391 0.16514 0.06781 0.28664 0.14169 0.00000 0.04538 0.09945 
135	2	0.00093 0.00506 0.00000 0.01237 0.02879 0.03077 0.00000 0.04233 0.06424 0.00000 0.06953 0.39301 0.32958 0.00000 0.01528 0.00810 
136	2	0.00034 0.00439 0.00565 0.00000 0.01044 0.00752 0.02350 0.00000 0.04505 0.02671 0.11926 0.30846 0.07451 0.00000 0.08057 0.29360 
137	2	0.00148 0.00916 0.01285 0.00000 0.05398 0.10348 0.52475 0.00000 0.17113 0.03573 0.01984 0.02343 0.00670 0.00000 0.01908 0.01839 
138	2	0.00003 0.00031 0.00206 0.00000 0.00468 0.00434 0.04169 0.00000 0.13795 0.05932 0.13871 0.05825 0.01058 0.00000 0.01867 0.52340 
139	2	0.04017 0.18631 0.26697 0.00000 0.24722 0.02335 0.04010 0.00000 0.05854 0.01697 0.03017 0.04328 0.01326 0.00000 0.02092 0.01273 
140	2	0.00001 0.00000 0.00001 0.00002 0.00262 0.00000 0.08102 0.00000 0.06080 0.12926 0.15141 0.00000 0.12869 0.00000 0.12976 0.31640 
141	2	0.00301 0.00626 0.03547 0.00000 0.10525 0.03754 0.13022 0.00000 0.16889 0.02230 0.02652 0.02966 0.00775 0.00000 0.01642 0.41070 
142	2	0.00001 0.00000 0.00000 0.00000 0.00570 0.00000 0.13932 0.00000 0.07209 0.12056 0.00000 0.24185 0.00000 0.05618 0.00000 0.36429 
143	2	0.00015 0.00384 0.00853 0.00000 0.05423 0.06063 0.16623 0.00000 0.21481 0.09000 0.05151 0.03540 0.12292 0.00000 0.02746 0.16430 
144	2	0.03007 0.04499 0.06891 0.00000 0.07329 0.13778 0.25128 0.00000 0.10415 0.09839 0.04135 0.06195 0.03653 0.00000 0.03643 0.01487 
145	2	0.00192 0.01842 0.14265 0.00000 0.09021 0.04545 0.11034 0.00000 0.10648 0.03515 0.08343 0.10434 0.04006 0.00000 0.06237 0.15915 
146	2	0.00187 0.01247 0.01249 0.00000 0.09662 0.16154 0.09074 0.00000 0.11939 0.06985 0.06520 0.11406 0.12056 0.00000 0.06449 0.07073 
147	2	0.00125 0.01390 0.10680 0.00000 0.08873 0.03916 0.10855 0.00000 0.09556 0.03748 0.08950 0.13085 0.04409 0.00000 0.08909 0.15501 
148	2	0.00060 0.00194 0.00431 0.00000 0.02958 0.02667 0.05046 0.00000 0.06777 0.02934 0.05749 0.07000 0.01861 0.00000 0.10666 0.53658 
149	2	0.00047 0.00206 0.00388 0.00000 0.02000 0.04911 0.05169 0.00000 0.08347 0.06197 0.07326 0.10932 0.52747 0.00000 0.01702 0.00028 
150	2	0.00068 0.01122 0.01475 0.00000 0.02965 0.03902 0.03365 0.00000 0.07622 0.06213 0.04551 0.05933 0.02681 0.00000 0.02801 0.57303 
151	2	0.00049 0.00861 0.02598 0.00000 0.01873 0.01860 0.05718 0.00000 0.13505 0.06127 0.13533 0.07862 0.02982 0.00000 0.13161 0.29871 
152	2	0.00004 0.00212 0.00704 0.00000 0.02667 0.04309 0.06081 0.00000 0.15978 0.11762 0.17342 0.28004 0.06404 0.00000 0.05058 0.01475 
153	2	0.00001 0.00361 0.00644 0.00000 0.02940 0.04368 0.06533 0.00000 0.17045 0.11476 0.15519 0.22663 0.06983 0.00000 0.09184 0.02283 
154	2	0.01713 0.01392 0.05782 0.00000 0.13179 0.04236 0.08665 0.00000 0.14853 0.05305 0.04936 0.09869 0.18668 0.00000 0.05787 0.05615 
155	2	0.00889 0.03297 0.02824 0.00000 0.05266 0.03209 0.03095 0.00000 0.05489 0.02480 0.02954 0.04420 0.07472 0.00000 0.44632 0.13973 
156	2	0.00512 0.02127 0.07467 0.00000 0.23266 0.06312 0.21495 0.00000 0.07134 0.05068 0.06485 0.05119 0.02847 0.00000 0.05744 0.06426 
157	2	0.00408 0.01856 0.02871 0.00000 0.04054 0.04934 0.04764 0.00000 0.06079 0.04302 0.05941 0.05810 0.33466 0.00000 0.14534 0.10981 
158	2	0.00001 0.00000 0.00089 0.00000 0.00000 0.14893 0.00000 0.00000 0.22885 0.00000 0.02992 0.00000 0.06146 0.00000 0.00000 0.52995 
159	2	0.00006 0.00661 0.00906 0.00000 0.01956 0.02416 0.02486 0.00000 0.04257 0.02483 0.04169 0.08664 0.20136 0.00000 0.14739 0.37120 
160	2	0.00003 0.00000 0.00109 0.00129 0.00488 0.00000 0.04889 0.00000 0.13769 0.03333 0.12266 0.00000 0.53097 0.00000 0.09563 0.02355 
161	2	0.00023 0.00204 0.00376 0.00000 0.00154 0.00727 0.09387 0.00000 0.10606 0.08413 0.21302 0.17361 0.06306 0.00000 0.15984 0.09155 
162	2	0.00020 0.00770 0.01804 0.00000 0.02239 0.02950 0.08410 0.00000 0.10118 0.03051 0.10323 0.11427 0.13867 0.00000 0.26667 0.08354 
163	2	0.00007 0.00055 0.00122 0.00000 0.01977 0.44273 0.10041 0.00000 0.17764 0.06590 0.08686 0.08135 0.01147 0.00000 0.00915 0.00287 
164	2	0.00002 0.00000 0.00006 0.00101 0.01097 0.00000 0.69063 0.00000 0.03897 0.12230 0.09601 0.00000 0.02546 0.00000 0.00815 0.00643 
165	2	0.00209 0.00770 0.01433 0.00000 0.05700 0.05538 0.06811 0.00000 0.15414 0.05959 0.03639 0.11065 0.30103 0.00000 0.02020 0.11339 
166	2	0.00017 0.00403 0.00448 0.00000 0.00603 0.00642 0.02117 0.00000 0.03223 0.05437 0.06363 0.09608 0.04949 0.00000 0.11912 0.54277 
167	2	0.00263 0.03729 0.06294 0.00000 0.04999 0.02850 0.02895 0.00000 0.04639 0.02776 0.05427 0.03441 0.07297 0.00000 0.14611 0.40780 
168	2	0.01243 0.01905 0.01869 0.00000 0.01931 0.01019 0.02273 0.00000 0.04101 0.02662 0.04053 0.09266 0.05073 0.00000 0.11562 0.53043 
169	2	0.00080 0.00222 0.00313 0.00000 0.01714 0.02804 0.04837 0.00000 0.12710 0.12125 0.07118 0.07175 0.04603 0.00000 0.07866 0.38434 
170	2	0.00021 0.00298 0.00709 0.00000 0.01396 0.01948 0.04529 0.00000 0.06949 0.04543 0.05812 0.11056 0.04813 0.00000 0.06909 0.51017 
171	2	0.00299 0.01555 0.01535 0.00000 0.07229 0.08495 0.08029 0.00000 0.19004 0.11941 0.16302 0.08093 0.01009 0.00000 0.00526 0.15984 
172	2	0.00080 0.00574 0.00752 0.00000 0.03256 0.02630 0.05361 0.00000 0.10891 0.05304 0.09319 0.34135 0.13704 0.00000 0.12291 0.01706 
173	2	0.04907 0.52872 0.07532 0.00000 0.06560 0.07016 0.01392 0.00000 0.01039 0.00780 0.01727 0.02618 0.01629 0.00000 0.06216 0.05710 
174	2	0.00102 0.01162 0.02441 0.00000 0.05226 0.04669 0.05695 0.00000 0.07973 0.05058 0.07404 0.16385 0.21730 0.00000 0.19292 0.02864 
175	2	0.00212 0.00925 0.02290 0.00000 0.04263 0.01882 0.04140 0.00000 0.06331 0.06357 0.07132 0.05868 0.00924 0.00000 0.04242 0.55433 
176	2	0.00696 0.05241 0.03905 0.00000 0.08348 0.07098 0.04939 0.00000 0.07997 0.05330 0.05690 0.06563 0.07553 0.00000 0.15227 0.21412 
177	2	0.00088 0.01857 0.03190 0.00000 0.03423 0.04871 0.04814 0.00000 0.08336 0.06442 0.07349 0.10506 0.07415 0.00000 0.18321 0.23387 
178	2	0.00082 0.00253 0.00000 0.01173 0.17648 0.42996 0.00000 0.03058 0.06118 0.00000 0.10506 0.06631 0.01668 0.00000 0.00798 0.09069 
179	2	0.00012 0.00112 0.00376 0.00000 0.02514 0.01888 0.03819 0.00000 0.08327 0.04205 0.05549 0.08820 0.04438 0.00000 0.04913 0.55026 
180	2	0.00404 0.03337 0.02889 0.00000 0.06027 0.07293 0.07018 0.00000 0.13318 0.09000 0.08866 0.15399 0.02630 0.00000 0.08757 0.15062 
181	2	0.00325 0.00594 0.00000 0.01309 0.03904 0.03534 0.00000 0.13163 0.21243 0.00000 0.10411 0.14911 0.24348 0.00000 0.06099 0.00160 
182	2	0.00077 0.00058 0.00000 0.00227 0.00352 0.00733 0.00000 0.11204 0.14379 0.00000 0.15206 0.28691 0.12695 0.00000 0.09548 0.06831 
183	2	0.00021 0.00085 0.00000 0.00723 0.02146 0.12865 0.00000 0.06798 0.14595 0.00000 0.15537 0.07746 0.10105 0.00000 0.23114 0.06265 
184	2	0.44652 0.16861 0.09025 0.00000 0.06158 0.06271 0.04919 0.00000 0.03263 0.02855 0.02882 0.01442 0.00723 0.00000 0.00073 0.00878 
185	2	0.00563 0.03302 0.02621 0.00000 0.04174 0.03322 0.01908 0.00000 0.07196 0.08936 0.04485 0.07030 0.03623 0.00000 0.02060 0.50781 
186	2	0.00118 0.00274 0.00000 0.00777 0.01635 0.04429 0.00000 0.05735 0.05004 0.00000 0.07693 0.07132 0.61682 0.00000 0.05478 0.00043 
187	2	0.00015 0.00159 0.00523 0.00000 0.00342 0.00639 0.01502 0.00000 0.03245 0.02512 0.07175 0.14104 0.01717 0.00000 0.03875 0.64194 
188	2	0.27003 0.11200 0.11469 0.00000 0.05493 0.02314 0.02996 0.00000 0.05160 0.05465 0.05150 0.09432 0.02828 0.00000 0.10439 0.01051 
189	2	0.01518 0.04085 0.02131 0.00000 0.13777 0.12822 0.04596 0.00000 0.07042 0.02710 0.01655 0.02437 0.04176 0.00000 0.05689 0.37361 
190	2	0.01103 0.01443 0.04648 0.00000 0.13455 0.04226 0.05740 0.00000 0.08944 0.02247 0.10262 0.09089 0.01669 0.00000 0.10867 0.26308 
191	2	0.00004 0.00004 0.00000 0.00072 0.00868 0.01786 0.00000 0.13502 0.15156 0.00000 0.08384 0.04814 0.01864 0.00000 0.03163 0.50383 
192	2	0.00318 0.02269 0.02174 0.00000 0.05343 0.06038 0.06567 0.00000 0.21967 0.12352 0.06741 0.08862 0.04387 0.00000 0.06466 0.16517 
193	2	0.00062 0.00271 0.02017 0.00000 0.06167 0.03481 0.09050 0.00000 0.16173 0.10410 0.13389 0.11161 0.08457 0.00000 0.06220 0.13140 
194	2	0.00220 0.02438 0.01906 0.00000 0.03344 0.03017 0.02762 0.00000 0.07390 0.06297 0.06293 0.09090 0.03311 0.00000 0.02623 0.51309 
195	2	0.00003 0.00024 0.00000 0.00142 0.00084 0.00581 0.00000 0.03280 0.01739 0.00000 0.11899 0.15368 0.06399 0.00000 0.05151 0.55329 
196	2	0.23709 0.11498 0.11480 0.00000 0.07613 0.04836 0.05672 0.00000 0.05839 0.05398 0.08761 0.07263 0.06629 0.00000 0.01232 0.00070 
197	2	0.00014 0.00382 0.00000 0.02039 0.05233 0.09493 0.00000 0.11164 0.06306 0.00000 0.04530 0.03160 0.08277 0.00000 0.10234 0.39169 
198	2	0.00004 0.00471 0.02347 0.00000 0.02175 0.02691 0.03687 0.00000 0.04491 0.02788 0.08083 0.08128 0.03982 0.00000 0.10925 0.50229 
199	2	0.00002 0.00000 0.00000 0.00003 0.00435 0.00315 0.00000 0.16241 0.07005 0.00000 0.01691 0.13497 0.05448 0.00000 0.50985 0.04379 
200	3	0.00110 0.00203 0.00000 0.00349 0.00240 0.03238 0.00000 0.66363 0.04117 0.00000 0.03810 0.06025 0.02797 0.00000 0.06871 0.05877 
201	3	0.63510 0.10451 0.06710 0.00000 0.03385 0.01070 0.01143 0.00000 0.02606 0.01551 0.03702 0.02551 0.01116 0.00000 0.00705 0.01500 
202	3	0.00020 0.00455 0.01940 0.00000 0.29378 0.13747 0.15177 0.00000 0.10765 0.07511 0.04343 0.04345 0.02209 0.00000 0.01960 0.08148 
203	3	0.00205 0.01171 0.02421 0.00000 0.03342 0.02207 0.03447 0.00000 0.02684 0.01036 0.01693 0.02244 0.00612 0.00000 0.26711 0.52227 
204	3	0.64978 0.12311 0.04421 0.00000 0.01769 0.00606 0.00428 0.00000 0.00493 0.01639 0.02019 0.03532 0.06163 0.00000 0.01639 0.00003 
205	3	0.68418 0.06735 0.03986 0.00000 0.03492 0.01895 0.02372 0.00000 0.02888 0.01489 0.03895 0.02468 0.01431 0.00000 0.00799 0.00131 
206	3	0.00011 0.00000 0.00043 0.00417 0.01605 0.00000 0.03690 0.00000 0.06468 0.06122 0.17431 0.00000 0.41032 0.00000 0.10235 0.12948 
207	3	0.00023 0.01208 0.02075 0.00000 0.02806 0.02843 0.04298 0.00000 0.05094 0.13000 0.10499 0.07211 0.08849 0.00000 0.39853 0.02241 
208	3	0.00003 0.00029 0.00000 0.00537 0.01699 0.11858 0.00000 0.08670 0.05980 0.00000 0.05742 0.15460 0.33968 0.00000 0.14823 0.01232 
209	3	0.00001 0.00569 0.05135 0.00000 0.19776 0.05070 0.09677 0.00000 0.06637 0.08961 0.11655 0.15019 0.07434 0.00000 0.05317 0.04748 
210	3	0.00003 0.00050 0.00079 0.00000 0.00098 0.00167 0.00247 0.00000 0.00266 0.00583 0.02074 0.04539 0.03003 0.00000 0.17961 0.70933 
211	3	0.01412 0.48409 0.04507 0.00000 0.03430 0.01222 0.01332 0.00000 0.01108 0.01554 0.04708 0.05162 0.03965 0.00000 0.10759 0.12432 
212	3	0.00003 0.00004 0.00000 0.00084 0.00377 0.01672 0.00000 0.03290 0.07713 0.00000 0.08793 0.28632 0.21423 0.00000 0.13974 0.14035 
213	3	0.00002 0.00012 0.00000 0.00306 0.26333 0.24561 0.00000 0.13476 0.08308 0.00000 0.09943 0.06418 0.03173 0.00000 0.06848 0.00620 
214	3	0.00120 0.01816 0.01901 0.00000 0.02140 0.01067 0.03031 0.00000 0.02736 0.00778 0.02356 0.02801 0.04683 0.00000 0.45479 0.31090 
215	3	0.00003 0.00024 0.00119 0.00000 0.00300 0.00569 0.01603 0.00000 0.03514 0.06717 0.06318 0.14037 0.43656 0.00000 0.20819 0.02321 
216	3	0.00011 0.00488 0.00271 0.00000 0.00506 0.01265 0.10675 0.00000 0.08818 0.22354 0.15793 0.05363 0.06493 0.00000 0.12706 0.15257 
217	3	0.00008 0.00038 0.00000 0.00057 0.00165 0.00820 0.00000 0.01716 0.02337 0.00000 0.03482 0.05905 0.05671 0.00000 0.06147 0.73654 
218	3	0.00028 0.00089 0.00000 0.00814 0.00696 0.02202 0.00000 0.03168 0.07967 0.00000 0.10877 0.08818 0.17921 0.00000 0.16702 0.30719 
219	3	0.04415 0.10277 0.15332 0.00000 0.20329 0.22030 0.02380 0.00000 0.01750 0.02827 0.02545 0.04970 0.08085 0.00000 0.01765 0.03294 
220	3	0.00098 0.00237 0.01485 0.00000 0.03878 0.03846 0.12895 0.00000 0.08068 0.04829 0.11599 0.39707 0.04433 0.00000 0.07766 0.01159 
221	3	0.00377 0.02353 0.03013 0.00000 0.05124 0.04198 0.05052 0.00000 0.08106 0.16432 0.06270 0.10432 0.09466 0.00000 0.08972 0.20206 
222	3	0.13324 0.15690 0.32513 0.00000 0.21865 0.02545 0.04256 0.00000 0.01437 0.01455 0.02381 0.01530 0.00498 0.00000 0.01188 0.01317 
223	3	0.00136 0.00000 0.06101 0.07744 0.04044 0.00000 0.06556 0.00000 0.07917 0.17038 0.11178 0.00000 0.04225 0.00000 0.13254 0.21807 
224	3	0.00037 0.00033 0.00000 0.00116 0.00394 0.02089 0.00000 0.04096 0.03124 0.00000 0.10953 0.16585 0.52803 0.00000 0.09499 0.00271 
225	3	0.00024 0.00294 0.00756 0.00000 0.00303 0.00149 0.00331 0.00000 0.00569 0.01577 0.02137 0.03900 0.15483 0.00000 0.13024 0.61455 
226	3	0.00018 0.03760 0.50607 0.00000 0.24871 0.04419 0.02282 0.00000 0.00933 0.01032 0.01286 0.01197 0.01132 0.00000 0.01829 0.06633 
227	3	0.00554 0.01016 0.02838 0.00000 0.13984 0.04207 0.01925 0.00000 0.01605 0.01854 0.03345 0.04251 0.05164 0.00000 0.14494 0.44764 
228	3	0.00272 0.04308 0.00000 0.10623 0.12790 0.18548 0.00000 0.19964 0.12401 0.00000 0.07220 0.05242 0.04856 0.00000 0.01071 0.02704 
229	3	0.00034 0.00225 0.00424 0.00000 0.00683 0.01456 0.01455 0.00000 0.19068 0.20969 0.15719 0.27711 0.07643 0.00000 0.01367 0.03246 
230	3	0.00202 0.01056 0.01312 0.00000 0.04224 0.04907 0.05404 0.00000 0.06550 0.02528 0.03272 0.08018 0.25790 0.00000 0.35967 0.00767 
231	3	0.00010 0.00907 0.00000 0.13465 0.19157 0.16986 0.00000 0.15603 0.12476 0.00000 0.06094 0.04782 0.05399 0.00000 0.02892 0.02229 
232	3	0.00006 0.00033 0.00079 0.00000 0.00205 0.00434 0.00897 0.00000 0.03543 0.01386 0.01667 0.08446 0.02888 0.00000 0.55762 0.24655 
233	3	0.00008 0.00713 0.01021 0.00000 0.01615 0.01644 0.02223 0.00000 0.03493 0.06942 0.11339 0.13596 0.20969 0.00000 0.19194 0.17243 
234	3	0.00001 0.00000 0.00001 0.00060 0.01298 0.00000 0.03013 0.00000 0.06223 0.08927 0.06875 0.00000 0.08218 0.00000 0.45834 0.19549 
235	3	0.00019 0.00304 0.00156 0.00000 0.00434 0.00430 0.00385 0.00000 0.02012 0.10981 0.15779 0.57730 0.07599 0.00000 0.02041 0.02130 
236	3	0.00026 0.00000 0.00105 0.00000 0.00887 0.00000 0.01952 0.00000 0.04504 0.02599 0.00000 0.26369 0.00000 0.60236 0.00000 0.03323 
237	3	0.01992 0.07296 0.12034 0.00000 0.31946 0.07585 0.11429 0.00000 0.04209 0.01707 0.05122 0.06327 0.02629 0.00000 0.04653 0.03071 
238	3	0.12933 0.04064 0.06137 0.00000 0.05995 0.07387 0.10443 0.00000 0.08969 0.05377 0.05344 0.05911 0.07546 0.00000 0.07913 0.11980 
239	3	0.00010 0.00423 0.00589 0.00000 0.00832 0.01234 0.02477 0.00000 0.03142 0.05685 0.25353 0.21503 0.21291 0.00000 0.12920 0.04541 
240	3	0.00002 0.00030 0.00000 0.00225 0.11256 0.11184 0.00000 0.19144 0.13921 0.00000 0.15427 0.15879 0.04873 0.00000 0.03675 0.04384 
241	3	0.00002 0.00006 0.00000 0.00050 0.00113 0.31012 0.00000 0.33712 0.01327 0.00000 0.02705 0.04301 0.02507 0.00000 0.04787 0.19478 
242	3	0.00005 0.00028 0.00050 0.00000 0.00214 0.00503 0.04683 0.00000 0.13000 0.17371 0.20756 0.19206 0.05963 0.00000 0.07513 0.10708 
243	3	0.32224 0.25613 0.07720 0.00000 0.05481 0.03161 0.00900 0.00000 0.00555 0.00708 0.01424 0.01685 0.03366 0.00000 0.09625 0.07538 
244	3	0.00004 0.00000 0.00028 0.00745 0.54548 0.00000 0.16405 0.00000 0.03063 0.03923 0.04516 0.00000 0.06172 0.00000 0.07880 0.02716 
245	3	0.00037 0.00103 0.00000 0.03136 0.02682 0.19024 0.00000 0.28061 0.04298 0.00000 0.21371 0.08681 0.02147 0.00000 0.05579 0.04880 
246	3	0.00166 0.00235 0.00000 0.00798 0.01185 0.03058 0.00000 0.01873 0.10827 0.00000 0.14085 0.15068 0.14913 0.00000 0.23147 0.14645 
247	3	0.03562 0.14694 0.12589 0.00000 0.10095 0.05378 0.06740 0.00000 0.09625 0.07141 0.04910 0.07778 0.04809 0.00000 0.06045 0.06634 
248	3	0.01896 0.01957 0.03872 0.00000 0.05377 0.02556 0.07017 0.00000 0.13016 0.11332 0.19505 0.21820 0.06178 0.00000 0.02512 0.02962 
249	3	0.00020 0.00112 0.00000 0.00690 0.06381 0.19022 0.00000 0.34944 0.13332 0.00000 0.07891 0.07430 0.04930 0.00000 0.04548 0.00700 
250	3	0.00003 0.00166 0.00570 0.00000 0.01708 0.05405 0.07279 0.00000 0.14966 0.14316 0.10658 0.18489 0.19740 0.00000 0.04518 0.02182 
251	3	0.00129 0.01412 0.39548 0.00000 0.29327 0.10923 0.04150 0.00000 0.03184 0.04591 0.02947 0.00944 0.01166 0.00000 0.00840 0.00840 
252	3	0.00036 0.00312 0.00551 0.00000 0.01636 0.02127 0.01248 0.00000 0.01086 0.03304 0.01258 0.24282 0.38436 0.00000 0.25702 0.00021 
253	3	0.00011 0.00044 0.00000 0.00193 0.00236 0.00717 0.00000 0.00824 0.02770 0.00000 0.05807 0.11241 0.19654 0.00000 0.31117 0.27385 
254	3	0.00016 0.00031 0.00000 0.00079 0.00373 0.04211 0.00000 0.04154 0.01698 0.00000 0.44310 0.37050 0.03264 0.00000 0.03051 0.01762 
255	3	0.00007 0.00000 0.00342 0.00000 0.24738 0.00000 0.18099 0.00000 0.47099 0.03523 0.00000 0.03580 0.00000 0.01750 0.00000 0.00863 
256	3	0.00026 0.00094 0.00000 0.01041 0.01750 0.06109 0.00000 0.04999 0.23672 0.00000 0.13022 0.23568 0.10067 0.00000 0.10906 0.04747 
257	3	0.46723 0.12267 0.06416 0.00000 0.03814 0.01101 0.01319 0.00000 0.01062 0.02399 0.03368 0.03228 0.07472 0.00000 0.08342 0.02488 
258	3	0.00001 0.00101 0.00114 0.00000 0.00483 0.00221 0.01979 0.00000 0.03363 0.00492 0.01563 0.03098 0.76182 0.00000 0.12313 0.00090 
259	3	0.00047 0.00127 0.02170 0.00000 0.24951 0.29473 0.15212 0.00000 0.11597 0.03816 0.08929 0.02186 0.00468 0.00000 0.00664 0.00361 
260	3	0.00102 0.01067 0.01744 0.00000 0.02766 0.02839 0.03770 0.00000 0.03481 0.04020 0.07937 0.19183 0.18397 0.00000 0.29075 0.05620 
261	3	0.00004 0.00018 0.00000 0.00032 0.00060 0.00223 0.00000 0.00504 0.00417 0.00000 0.02096 0.93477 0.01169 0.00000 0.01667 0.00333 
262	3	0.00166 0.00098 0.00000 0.00114 0.00154 0.00513 0.00000 0.00896 0.00222 0.00000 0.02037 0.06656 0.05890 0.00000 0.33720 0.49533 
263	3	0.00043 0.00396 0.00784 0.00000 0.01289 0.01023 0.02307 0.00000 0.03883 0.06935 0.13918 0.54409 0.09785 0.00000 0.01196 0.04032 
264	3	0.00035 0.00643 0.01148 0.00000 0.06169 0.12517 0.33995 0.00000 0.06504 0.04245 0.03288 0.02675 0.03805 0.00000 0.14259 0.10717 
265	3	0.00007 0.00005 0.00000 0.00055 0.00207 0.01931 0.00000 0.02850 0.03931 0.00000 0.16601 0.36946 0.17696 0.00000 0.06782 0.12988 
266	3	0.00910 0.04006 0.31299 0.00000 0.10106 0.00971 0.02292 0.00000 0.02112 0.01318 0.03337 0.04116 0.04036 0.00000 0.06438 0.29061 
267	3	0.00002 0.00000 0.00016 0.00087 0.00092 0.00000 0.00740 0.00000 0.01748 0.01083 0.05687 0.00000 0.34176 0.00000 0.08397 0.47973 
268	3	0.00003 0.00000 0.00021 0.00000 0.00068 0.00000 0.01188 0.00000 0.00000 0.06554 0.00000 0.66643 0.00000 0.23824 0.00000 0.01698 
269	3	0.00001 0.00045 0.00136 0.00000 0.00312 0.00579 0.02122 0.00000 0.27197 0.10714 0.13004 0.04142 0.04963 0.00000 0.03075 0.33707 
270	3	0.00007 0.00027 0.00000 0.00023 0.00135 0.00408 0.00000 0.01913 0.37744 0.00000 0.07553 0.06035 0.05314 0.00000 0.02743 0.38100 
271	3	0.00001 0.00000 0.00055 0.00000 0.00232 0.00000 0.06067 0.00000 0.00000 0.44664 0.00000 0.10016 0.00000 0.01280 0.00000 0.37685 
272	3	0.00043 0.00000 0.00662 0.00000 0.00000 0.40854 0.00000 0.00000 0.12671 0.00000 0.06125 0.00000 0.07268 0.00000 0.00000 0.32376 
273	3	0.00004 0.00000 0.00000 0.00000 0.08341 0.00000 0.00000 0.00000 0.03482 0.00000 0.00000 0.03607 0.00000 0.00000 0.00000 0.84566 
274	3	0.00002 0.00000 0.00007 0.00021 0.00000 0.00040 0.00000 0.00232 0.01634 0.00000 0.02092 0.00000 0.02226 0.75886 0.00000 0.17860 
275	3	0.00685 0.00424 0.01432 0.00000 0.04426 0.05716 0.16128 0.00000 0.15241 0.05192 0.33033 0.10016 0.02534 0.00000 0.02650 0.02524 
276	3	0.00031 0.00125 0.00332 0.00000 0.01048 0.01483 0.03833 0.00000 0.05661 0.02094 0.03381 0.13040 0.24805 0.00000 0.42964 0.01203 
277	3	0.00173 0.00388 0.00661 0.00000 0.00856 0.02957 0.07307 0.00000 0.42754 0.25094 0.03866 0.07413 0.04054 0.00000 0.01618 0.02859 
278	3	0.00001 0.00111 0.00105 0.00000 0.00261 0.00332 0.01111 0.00000 0.01225 0.00406 0.03036 0.17171 0.08083 0.00000 0.37487 0.30671 
279	3	0.00019 0.00086 0.00129 0.00000 0.00113 0.00076 0.00551 0.00000 0.14430 0.12647 0.42367 0.25658 0.01292 0.00000 0.01498 0.01135 
280	3	0.00009 0.00194 0.00243 0.00000 0.01149 0.03609 0.46464 0.00000 0.12769 0.05717 0.07457 0.07620 0.03580 0.00000 0.07151 0.04038 
281	3	0.00019 0.00000 0.00179 0.00403 0.00903 0.00000 0.02821 0.00000 0.04692 0.05043 0.16184 0.00000 0.17844 0.00000 0.28097 0.23815 
282	3	0.00007 0.00000 0.00027 0.00176 0.00000 0.00417 0.00000 0.02548 0.05968 0.00000 0.08104 0.00000 0.32744 0.38251 0.00000 0.11757 
283	3	0.03897 0.07436 0.00000 0.53016 0.09113 0.03803 0.00000 0.01890 0.03717 0.00000 0.05280 0.05258 0.02987 0.00000 0.02593 0.01009 
284	3	0.00001 0.00000 0.00018 0.00071 0.00611 0.00000 0.14256 0.00000 0.14813 0.55211 0.03501 0.00000 0.02098 0.00000 0.05221 0.04199 
285	3	0.00015 0.00457 0.01214 0.00000 0.00915 0.01120 0.03074 0.00000 0.05137 0.02801 0.15531 0.30323 0.20258 0.00000 0.18643 0.00511 
286	3	0.00001 0.00000 0.00081 0.00261 0.01852 0.00000 0.10313 0.00000 0.15790 0.28644 0.21234 0.00000 0.06079 0.00000 0.10978 0.04767 
287	3	0.00145 0.00283 0.00572 0.00000 0.00907 0.00739 0.01576 0.00000 0.03084 0.01211 0.01877 0.10171 0.28733 0.00000 0.15870 0.34833 
288	3	0.00005 0.00018 0.00000 0.00152 0.00690 0.21776 0.00000 0.11625 0.12821 0.00000 0.20891 0.10257 0.16250 0.00000 0.02827 0.02687 
289	3	0.00012 0.00021 0.00000 0.00270 0.00462 0.01215 0.00000 0.01407 0.02936 0.00000 0.06507 0.20323 0.22252 0.00000 0.41476 0.03120 
290	3	0.00027 0.00311 0.00000 0.00341 0.00712 0.02305 0.00000 0.02177 0.00845 0.00000 0.17490 0.41695 0.21299 0.00000 0.08327 0.04471 
291	3	0.00001 0.00028 0.00000 0.00111 0.00385 0.01110 0.00000 0.01958 0.25210 0.00000 0.31407 0.31566 0.05659 0.00000 0.01275 0.01290 
292	3	0.00013 0.00250 0.00416 0.00000 0.03043 0.03005 0.01406 0.00000 0.02273 0.01448 0.02443 0.19834 0.16722 0.00000 0.41972 0.07175 
293	3	0.00164 0.02384 0.02859 0.00000 0.03569 0.03913 0.04333 0.00000 0.03988 0.08911 0.37961 0.13133 0.04539 0.00000 0.08252 0.05993 
294	3	0.00001 0.00000 0.00005 0.00025 0.00000 0.00109 0.00000 0.01059 0.03207 0.00000 0.02751 0.00000 0.12293 0.77706 0.00000 0.02844 
295	3	0.00034 0.00289 0.00730 0.00000 0.01209 0.01289 0.01831 0.00000 0.03107 0.05250 0.05159 0.05667 0.34104 0.00000 0.34432 0.06898 
296	3	0.00950 0.02539 0.02991 0.00000 0.04324 0.03161 0.04755 0.00000 0.03448 0.01531 0.02537 0.02922 0.05557 0.00000 0.42482 0.22802 
