600	6	16
0	1	0.01589 0.01619 0.01613 0.02352 0.02315 0.02470 0.05851 0.07852 0.10075 0.10266 0.04239 0.01747 0.15002 0.16117 0.03804 0.13090 
1	1	0.01531 0.04413 0.01739 0.01136 0.02385 0.02354 0.01308 0.00781 0.01060 0.00893 0.08636 0.14792 0.13279 0.16800 0.19838 0.09055 
2	1	0.01292 0.03527 0.01997 0.02184 0.02201 0.04139 0.12314 0.22950 0.17930 0.07243 0.01383 0.00432 0.00177 0.00419 0.01726 0.20085 
3	1	0.00964 0.03474 0.03681 0.05191 0.10861 0.15861 0.14595 0.11296 0.09115 0.03684 0.01883 0.02338 0.03535 0.02036 0.00727 0.10759 
4	1	0.01348 0.04082 0.04973 0.05509 0.07312 0.11571 0.18287 0.13943 0.05035 0.02473 0.01303 0.00862 0.00830 0.00849 0.01749 0.19876 
5	1	0.00789 0.04909 0.03967 0.08847 0.12527 0.02702 0.01212 0.00952 0.01078 0.01312 0.01395 0.17961 0.12624 0.01923 0.05465 0.22336 
6	1	0.00657 0.02424 0.02813 0.03496 0.03157 0.02746 0.02547 0.02628 0.03803 0.05886 0.06758 0.04538 0.11485 0.16569 0.09968 0.20524 
7	1	0.00695 0.03509 0.05065 0.10181 0.19862 0.18401 0.11647 0.06033 0.03825 0.02251 0.01225 0.01228 0.01040 0.01709 0.03459 0.09868 
8	1	0.00274 0.02304 0.03034 0.05245 0.07856 0.09936 0.09765 0.05774 0.01844 0.01177 0.01027 0.01154 0.01873 0.07352 0.16941 0.24444 
9	1	0.00916 0.10932 0.06795 0.04141 0.07068 0.14067 0.07983 0.01612 0.00647 0.00596 0.00412 0.00373 0.00484 0.01635 0.26492 0.15847 
10	1	0.01614 0.08410 0.04681 0.04573 0.07595 0.15935 0.05379 0.04208 0.03736 0.02409 0.01422 0.01187 0.00710 0.03701 0.17081 0.17360 
11	1	0.00581 0.03108 0.02498 0.01641 0.01312 0.01078 0.00743 0.00725 0.00710 0.00754 0.19783 0.18803 0.24741 0.12645 0.01145 0.09735 
12	1	0.02041 0.15719 0.09326 0.02763 0.01567 0.01702 0.01847 0.02023 0.03790 0.05704 0.05889 0.10526 0.14947 0.04089 0.00062 0.18006 
13	1	0.01068 0.04685 0.01625 0.01514 0.01617 0.01040 0.00833 0.00810 0.00747 0.01998 0.13761 0.14674 0.20686 0.14561 0.11839 0.08543 
14	1	0.00455 0.10902 0.10163 0.17257 0.21810 0.14522 0.04184 0.03887 0.03622 0.02472 0.02180 0.01644 0.01675 0.01692 0.02263 0.01273 
15	1	0.02004 0.06991 0.03571 0.03521 0.03160 0.03273 0.02550 0.02191 0.02493 0.04574 0.02297 0.02274 0.16535 0.24485 0.02820 0.17262 
16	1	0.02969 0.05757 0.13362 0.17862 0.14271 0.11051 0.08462 0.06260 0.03797 0.02132 0.01479 0.01936 0.01296 0.01246 0.01983 0.06136 
17	1	0.02688 0.04478 0.04915 0.10281 0.12980 0.14583 0.15194 0.09810 0.03728 0.02894 0.02489 0.01961 0.02049 0.02464 0.02827 0.06660 
18	1	0.00880 0.03178 0.04451 0.04888 0.05333 0.06302 0.07456 0.07205 0.03424 0.01153 0.01259 0.03912 0.15124 0.17207 0.01170 0.17059 
19	1	0.01092 0.05736 0.03929 0.09328 0.07593 0.03169 0.03623 0.03059 0.04389 0.03322 0.01600 0.01439 0.01194 0.07785 0.17214 0.25529 
20	1	0.01361 0.02845 0.02596 0.01958 0.02815 0.05319 0.07652 0.09868 0.11593 0.14663 0.06902 0.03682 0.02284 0.01689 0.03037 0.21736 
21	1	0.00937 0.03542 0.04433 0.05995 0.11585 0.07577 0.05854 0.06655 0.07681 0.05700 0.02163 0.00943 0.05075 0.07259 0.04061 0.20542 
22	1	0.01409 0.03049 0.02380 0.01251 0.00813 0.00857 0.02896 0.09919 0.10259 0.10260 0.12785 0.09272 0.07222 0.04903 0.02463 0.20262 
23	1	0.00860 0.02780 0.03320 0.01686 0.02459 0.11198 0.06334 0.00892 0.07076 0.22639 0.09118 0.03980 0.02253 0.04497 0.00649 0.20261 
24	1	0.00836 0.02974 0.02470 0.01151 0.00895 0.00975 0.04736 0.09144 0.14827 0.17034 0.12935 0.09649 0.06619 0.03289 0.03230 0.09237 
25	1	0.05037 0.12464 0.07986 0.12026 0.08435 0.03584 0.03108 0.03198 0.02466 0.04907 0.07953 0.05680 0.02841 0.02078 0.02248 0.15988 
26	1	0.07708 0.11621 0.10478 0.13730 0.06116 0.03721 0.03447 0.03481 0.02427 0.05987 0.07478 0.04175 0.03534 0.03208 0.02263 0.10625 
27	1	0.00470 0.04342 0.07261 0.11297 0.12530 0.04371 0.01372 0.01139 0.01048 0.01111 0.02308 0.12559 0.21026 0.05528 0.02266 0.11373 
28	1	0.01867 0.07860 0.09440 0.14644 0.04432 0.02558 0.01324 0.01043 0.01312 0.18979 0.16805 0.04626 0.01111 0.01188 0.02445 0.10366 
29	1	0.04436 0.09607 0.06484 0.11380 0.12912 0.07361 0.02040 0.01321 0.01396 0.01921 0.01694 0.07014 0.02606 0.08556 0.01498 0.19774 
30	1	0.02139 0.04712 0.03794 0.02725 0.01596 0.01289 0.00862 0.00418 0.00306 0.00304 0.00407 0.02751 0.35086 0.24940 0.14572 0.04100 
31	1	0.04127 0.13199 0.09531 0.07507 0.05801 0.03587 0.01772 0.02166 0.03155 0.05475 0.07908 0.07556 0.03783 0.01977 0.01305 0.21151 
32	1	0.00639 0.01458 0.02152 0.03048 0.03965 0.05806 0.13822 0.07083 0.02413 0.01052 0.01041 0.01630 0.02841 0.07937 0.20832 0.24280 
33	1	0.03865 0.02674 0.02806 0.04354 0.07447 0.06698 0.05709 0.06518 0.07428 0.05656 0.04996 0.05683 0.03014 0.01407 0.08126 0.23617 
34	1	0.00529 0.10997 0.04539 0.05090 0.09514 0.13961 0.10382 0.04273 0.02406 0.02301 0.02384 0.03208 0.03714 0.02125 0.02402 0.22176 
35	1	0.03650 0.02813 0.12145 0.14910 0.05940 0.02643 0.01779 0.01436 0.02604 0.02740 0.03145 0.03315 0.04230 0.10116 0.05934 0.22599 
36	1	0.00923 0.13769 0.08528 0.17545 0.13819 0.02484 0.01603 0.00621 0.00467 0.00420 0.00363 0.00561 0.00470 0.00561 0.09263 0.28604 
37	1	0.00287 0.00068 0.00099 0.00361 0.01802 0.01813 0.04174 0.07766 0.04409 0.02036 0.01585 0.01899 0.01088 0.01345 0.04515 0.66753 
38	1	0.00712 0.03191 0.05399 0.03834 0.02361 0.03714 0.06432 0.06765 0.07107 0.06990 0.03145 0.01178 0.04677 0.13800 0.09893 0.20803 
39	1	0.02588 0.04158 0.04203 0.05208 0.05906 0.08355 0.08040 0.06244 0.05875 0.04703 0.02227 0.02209 0.16988 0.07368 0.00945 0.14983 
40	1	0.01504 0.05380 0.05469 0.03979 0.05342 0.05963 0.08494 0.08286 0.04249 0.01611 0.01022 0.00767 0.00636 0.00816 0.15223 0.31259 
41	1	0.00426 0.01319 0.02546 0.04535 0.03557 0.03072 0.03990 0.05721 0.13052 0.19533 0.11801 0.05660 0.03879 0.02093 0.01316 0.17497 
42	1	0.06334 0.06417 0.01594 0.01008 0.00741 0.00441 0.00347 0.00384 0.07500 0.18301 0.14785 0.12482 0.11139 0.06740 0.02119 0.09669 
43	1	0.00475 0.02363 0.02866 0.02396 0.02119 0.02193 0.02927 0.06678 0.13605 0.11432 0.03796 0.17421 0.15417 0.00435 0.01066 0.14811 
44	1	0.03737 0.06229 0.10295 0.10286 0.06636 0.04986 0.05332 0.07493 0.05724 0.01967 0.01673 0.08992 0.12159 0.04060 0.01019 0.09412 
45	1	0.01128 0.02935 0.03832 0.05814 0.07508 0.10347 0.07907 0.03998 0.02091 0.01856 0.01786 0.02326 0.02834 0.05649 0.11784 0.28207 
46	1	0.01008 0.04793 0.07979 0.11931 0.09774 0.04941 0.02934 0.02229 0.02288 0.01735 0.01559 0.01435 0.01439 0.01508 0.06441 0.38006 
47	1	0.00515 0.01088 0.02412 0.05131 0.09440 0.17051 0.17053 0.07479 0.02751 0.01680 0.01692 0.01200 0.00701 0.00723 0.05737 0.25347 
48	1	0.00178 0.01119 0.02124 0.02147 0.02075 0.03941 0.01281 0.00663 0.00434 0.00424 0.00402 0.01236 0.00545 0.07199 0.51536 0.24697 
49	1	0.00868 0.01784 0.01579 0.02066 0.03076 0.08644 0.10365 0.08095 0.05853 0.06678 0.03706 0.02823 0.03061 0.03175 0.13872 0.24356 
50	1	0.02369 0.03963 0.04617 0.12893 0.11590 0.04535 0.02688 0.04054 0.04296 0.04235 0.05243 0.08380 0.05530 0.03635 0.00499 0.21473 
51	1	0.01288 0.03357 0.02569 0.02950 0.05327 0.07582 0.07611 0.06843 0.05485 0.03603 0.02210 0.01317 0.02448 0.09769 0.14488 0.23152 
52	1	0.00792 0.01888 0.01859 0.01405 0.01843 0.03098 0.05997 0.11627 0.11334 0.03112 0.02319 0.01831 0.01448 0.02057 0.05608 0.43784 
53	1	0.00727 0.01260 0.00981 0.01410 0.02980 0.03182 0.10425 0.16911 0.15667 0.07206 0.01125 0.00433 0.00502 0.25248 0.11623 0.00320 
54	1	0.00936 0.02244 0.02000 0.02329 0.02383 0.02578 0.05580 0.13824 0.17959 0.15349 0.13383 0.05943 0.00635 0.00372 0.00657 0.13828 
55	1	0.00210 0.00765 0.01478 0.02436 0.01499 0.01381 0.02187 0.02974 0.04444 0.03975 0.05295 0.16215 0.39813 0.14570 0.00259 0.02499 
56	1	0.02211 0.05754 0.18106 0.10515 0.01740 0.01034 0.02004 0.04826 0.09920 0.05105 0.01482 0.01597 0.04390 0.03401 0.05584 0.22330 
57	1	0.02317 0.06715 0.07274 0.08369 0.15715 0.09768 0.03016 0.02595 0.02497 0.02821 0.02793 0.02570 0.02791 0.03767 0.05397 0.21594 
58	1	0.00301 0.04345 0.07341 0.08766 0.08236 0.03077 0.05678 0.04830 0.05690 0.02488 0.01974 0.01554 0.00898 0.00972 0.16772 0.27078 
59	1	0.01079 0.03709 0.02563 0.01378 0.01342 0.01073 0.00912 0.00846 0.16346 0.26242 0.28352 0.06770 0.00698 0.00595 0.00747 0.07348 
60	1	0.00866 0.02715 0.01762 0.01641 0.01863 0.02826 0.04954 0.05198 0.10503 0.07797 0.06990 0.22958 0.06435 0.01359 0.00544 0.21588 
61	1	0.01314 0.02636 0.02835 0.06987 0.18395 0.03468 0.01217 0.00955 0.00887 0.09496 0.18803 0.02828 0.00841 0.01200 0.06698 0.21439 
62	1	0.02131 0.03987 0.08079 0.15897 0.03690 0.02785 0.04356 0.06587 0.08025 0.05738 0.05234 0.04152 0.02599 0.01670 0.02370 0.22702 
63	1	0.00588 0.02416 0.03423 0.06710 0.07580 0.10318 0.09209 0.05573 0.02952 0.01904 0.01986 0.02742 0.04350 0.07205 0.11234 0.21810 
64	1	0.00886 0.03063 0.03078 0.04453 0.05823 0.11082 0.09461 0.02087 0.00767 0.01171 0.03809 0.08896 0.10555 0.08947 0.06926 0.18996 
65	1	0.00694 0.02550 0.02507 0.02969 0.02829 0.02039 0.02482 0.02482 0.04393 0.06377 0.10842 0.09527 0.12014 0.16918 0.12857 0.08520 
66	1	0.01257 0.02759 0.01510 0.01156 0.01405 0.01337 0.01603 0.01228 0.01846 0.04549 0.07448 0.07471 0.14990 0.26306 0.06231 0.18902 
67	1	0.00944 0.05553 0.08295 0.12496 0.14072 0.09728 0.06485 0.03234 0.01218 0.00376 0.00229 0.00292 0.00767 0.03875 0.08884 0.23553 
68	1	0.03189 0.05556 0.04393 0.03597 0.05158 0.05238 0.03426 0.05743 0.11849 0.04750 0.00892 0.00497 0.01454 0.05118 0.20495 0.18644 
69	1	0.00466 0.06570 0.02187 0.01848 0.02575 0.02724 0.02707 0.05582 0.08394 0.08718 0.06744 0.02893 0.00940 0.14165 0.22756 0.10730 
70	1	0.00991 0.03206 0.01638 0.01328 0.00994 0.01010 0.01716 0.01949 0.02117 0.01182 0.00583 0.00494 0.00430 0.00577 0.73912 0.07872 
71	1	0.01181 0.06397 0.03124 0.02430 0.02174 0.01999 0.01615 0.00951 0.00681 0.00339 0.00271 0.00260 0.00454 0.39260 0.31033 0.07829 
72	1	0.01149 0.02571 0.02261 0.01580 0.01158 0.01129 0.01492 0.04188 0.07649 0.08040 0.06385 0.04711 0.05548 0.25881 0.08784 0.17474 
73	1	0.03364 0.04869 0.25896 0.08034 0.03576 0.03829 0.04374 0.04083 0.11963 0.08429 0.04354 0.01374 0.01206 0.00868 0.01170 0.12610 
74	1	0.00996 0.05089 0.03042 0.03102 0.02761 0.00999 0.00774 0.00713 0.00619 0.00706 0.00687 0.00831 0.24730 0.54631 0.00293 0.00027 
75	1	0.00738 0.02477 0.02557 0.03669 0.03290 0.04132 0.05192 0.05502 0.06415 0.10704 0.11365 0.10423 0.09479 0.06301 0.03263 0.14493 
76	1	0.01714 0.09990 0.05560 0.08960 0.06073 0.07882 0.09938 0.08226 0.04850 0.03257 0.02283 0.03020 0.03339 0.02940 0.02162 0.19805 
77	1	0.01006 0.05376 0.05940 0.04887 0.02673 0.02087 0.02829 0.04751 0.07561 0.08189 0.05038 0.02491 0.01633 0.01233 0.04226 0.40079 
78	1	0.00493 0.24860 0.05839 0.04952 0.04334 0.03518 0.03116 0.02995 0.03312 0.05030 0.08527 0.07913 0.03087 0.01395 0.03049 0.17580 
79	1	0.02794 0.08465 0.01974 0.01297 0.01441 0.01713 0.02280 0.03231 0.05391 0.09000 0.13992 0.11597 0.07914 0.05042 0.03463 0.20405 
80	1	0.00797 0.03560 0.04129 0.07092 0.14220 0.19841 0.15280 0.07747 0.03582 0.01770 0.01098 0.01282 0.01927 0.02372 0.01659 0.13646 
81	1	0.03299 0.04327 0.03878 0.05638 0.08521 0.10188 0.05698 0.03291 0.01048 0.01244 0.03008 0.04173 0.08803 0.08087 0.05677 0.23121 
82	1	0.02159 0.07177 0.03348 0.03366 0.03312 0.03367 0.06189 0.11055 0.11966 0.07075 0.02183 0.01057 0.01061 0.02505 0.08719 0.25459 
83	1	0.01617 0.07072 0.08748 0.07696 0.07460 0.06072 0.04684 0.12468 0.09683 0.02150 0.02016 0.03910 0.03344 0.19539 0.02569 0.00970 
84	1	0.01623 0.03332 0.02014 0.01795 0.01590 0.01495 0.01674 0.03484 0.09332 0.11655 0.07624 0.02507 0.05108 0.16989 0.11226 0.18552 
85	1	0.00609 0.07832 0.15371 0.09176 0.03414 0.02790 0.02272 0.01975 0.01939 0.02068 0.02218 0.03035 0.04635 0.07335 0.13656 0.21674 
86	1	0.01477 0.04097 0.05292 0.02446 0.03862 0.06277 0.08982 0.07344 0.05028 0.05501 0.06959 0.12952 0.12166 0.03721 0.01260 0.12636 
87	1	0.05009 0.30464 0.07255 0.03339 0.02058 0.02118 0.01556 0.02843 0.06535 0.02513 0.01928 0.08505 0.10991 0.04132 0.00925 0.09827 
88	1	0.07286 0.05595 0.03821 0.02472 0.03540 0.07783 0.06472 0.08059 0.04567 0.01614 0.01251 0.01272 0.01865 0.14471 0.07704 0.22226 
89	1	0.03034 0.04428 0.02125 0.02328 0.02568 0.02164 0.02265 0.09818 0.11195 0.14084 0.10817 0.06295 0.05119 0.11539 0.02856 0.09363 
90	1	0.01451 0.03207 0.03100 0.02812 0.02506 0.03906 0.07254 0.07924 0.04870 0.02702 0.01830 0.06006 0.13041 0.11934 0.06035 0.21422 
91	1	0.01059 0.02037 0.01835 0.07861 0.09411 0.07342 0.09039 0.11507 0.20632 0.15528 0.07563 0.01190 0.00804 0.00401 0.00060 0.03731 
92	1	0.00286 0.01798 0.03790 0.04306 0.08123 0.10855 0.07577 0.05191 0.03027 0.05235 0.02839 0.02757 0.07997 0.07783 0.06116 0.22318 
93	1	0.00503 0.02832 0.02876 0.02843 0.04154 0.04032 0.06954 0.08490 0.06825 0.05597 0.06013 0.08309 0.11041 0.06082 0.02423 0.21024 
94	1	0.00721 0.03641 0.03683 0.05188 0.04232 0.03633 0.06887 0.10461 0.09595 0.04898 0.01712 0.01024 0.02283 0.17364 0.10452 0.14226 
95	1	0.00782 0.06572 0.06390 0.03791 0.04952 0.11729 0.19399 0.11087 0.10142 0.04662 0.00939 0.01962 0.00840 0.00983 0.01683 0.14085 
96	1	0.02321 0.09804 0.04644 0.04583 0.06392 0.06526 0.06111 0.06732 0.05000 0.03224 0.01997 0.01869 0.03016 0.04202 0.12861 0.20719 
97	1	0.01947 0.06429 0.06231 0.06590 0.05634 0.04979 0.06197 0.08657 0.09600 0.06855 0.03615 0.02193 0.01620 0.02646 0.09281 0.17525 
98	1	0.02051 0.17609 0.05250 0.04353 0.02902 0.01853 0.01636 0.02824 0.05194 0.07441 0.08280 0.06892 0.04636 0.07573 0.06517 0.14989 
99	1	0.00208 0.01394 0.02268 0.04844 0.05730 0.04799 0.04040 0.02885 0.01049 0.00626 0.00839 0.00469 0.00533 0.00725 0.01741 0.67850 
100	2	0.08973 0.09362 0.03833 0.02939 0.04263 0.05820 0.04707 0.03527 0.01204 0.01940 0.03406 0.03519 0.03086 0.06273 0.36227 0.00920 
101	2	0.00024 0.00269 0.01020 0.02669 0.05126 0.07711 0.08048 0.05499 0.03243 0.01865 0.01833 0.03411 0.21673 0.26409 0.11166 0.00034 
102	2	0.00196 0.04133 0.19720 0.16984 0.09922 0.08987 0.10329 0.07084 0.06599 0.05668 0.02954 0.01330 0.01316 0.01894 0.01900 0.00984 
103	2	0.00154 0.00554 0.00922 0.01420 0.02512 0.04699 0.04170 0.03679 0.03535 0.02854 0.02392 0.02007 0.01976 0.08365 0.33358 0.27404 
104	2	0.01321 0.02625 0.05000 0.05838 0.05620 0.05814 0.05141 0.04582 0.03410 0.01983 0.01362 0.00864 0.00393 0.00660 0.03393 0.51995 
105	2	0.00022 0.00426 0.02103 0.03910 0.04046 0.03732 0.02816 0.02409 0.03079 0.01990 0.01471 0.00838 0.00700 0.02199 0.26747 0.43511 
106	2	0.01285 0.02620 0.04500 0.05201 0.04900 0.04577 0.03831 0.03305 0.02472 0.01478 0.00884 0.00608 0.00378 0.00522 0.03071 0.60368 
107	2	0.03140 0.09411 0.05391 0.05495 0.12949 0.10934 0.07200 0.27691 0.15094 0.02597 0.00017 0.00012 0.00017 0.00018 0.00017 0.00018 
108	2	0.00008 0.00076 0.00796 0.04682 0.09622 0.16727 0.13937 0.06486 0.03865 0.02744 0.03456 0.06222 0.08897 0.09867 0.12173 0.00442 
109	2	0.00141 0.02650 0.06019 0.06858 0.09898 0.09037 0.08637 0.09563 0.11345 0.11480 0.10203 0.08304 0.03822 0.01658 0.00350 0.00036 
110	2	0.00078 0.13682 0.09048 0.08748 0.07030 0.06441 0.06977 0.07756 0.09574 0.09436 0.07988 0.06794 0.04176 0.01743 0.00423 0.00106 
111	2	0.00048 0.00487 0.01724 0.03524 0.05632 0.07518 0.07579 0.07244 0.07474 0.12164 0.18103 0.15600 0.03679 0.02392 0.03766 0.03065 
112	2	0.00723 0.02071 0.03205 0.08211 0.04315 0.02888 0.02497 0.02386 0.02330 0.02040 0.01804 0.01571 0.01889 0.03452 0.09639 0.50980 
113	2	0.06514 0.20555 0.21219 0.15599 0.09872 0.08271 0.06116 0.04210 0.02553 0.01737 0.01121 0.00740 0.00607 0.00398 0.00376 0.00112 
114	2	0.12714 0.51591 0.10637 0.06047 0.05001 0.04557 0.03735 0.02425 0.01397 0.00803 0.00459 0.00281 0.00214 0.00111 0.00021 0.00007 
115	2	0.00085 0.00311 0.00942 0.03270 0.06420 0.07879 0.07842 0.09271 0.06306 0.08165 0.13727 0.14191 0.10655 0.05220 0.04265 0.01452 
116	2	0.28461 0.07853 0.04747 0.03267 0.04159 0.05621 0.09385 0.13463 0.09287 0.05984 0.02361 0.01676 0.02725 0.00957 0.00049 0.00004 
117	2	0.38248 0.17877 0.08230 0.06830 0.06956 0.06503 0.04648 0.02633 0.01242 0.00639 0.00452 0.00380 0.00485 0.00690 0.01263 0.02923 
118	2	0.03253 0.10909 0.10237 0.06223 0.04091 0.03365 0.03989 0.04001 0.07863 0.09795 0.08707 0.03480 0.02994 0.03149 0.15741 0.02202 
119	2	0.01373 0.06945 0.09463 0.07809 0.05122 0.05088 0.07568 0.08589 0.07887 0.08256 0.05725 0.05063 0.03562 0.06964 0.09099 0.01486 
120	2	0.00012 0.00053 0.00548 0.02818 0.08377 0.12217 0.12496 0.11810 0.10967 0.05889 0.03980 0.02251 0.01430 0.01329 0.04045 0.21776 
121	2	0.01676 0.10788 0.10806 0.08646 0.04779 0.04111 0.05041 0.06662 0.06699 0.08119 0.07413 0.05289 0.04160 0.04526 0.09735 0.01550 
122	2	0.00015 0.00953 0.02318 0.01816 0.02519 0.04245 0.07391 0.17001 0.20557 0.15204 0.09512 0.06567 0.04390 0.03379 0.04120 0.00013 
123	2	0.01268 0.05184 0.06657 0.10316 0.15520 0.11526 0.10732 0.09220 0.07688 0.05488 0.03973 0.02939 0.02289 0.02215 0.03030 0.01955 
124	2	0.63603 0.06458 0.01896 0.01471 0.01631 0.02106 0.05108 0.04145 0.03912 0.03057 0.01552 0.01438 0.01375 0.01117 0.00922 0.00208 
125	2	0.01781 0.10042 0.09056 0.07918 0.06406 0.03857 0.02421 0.01624 0.01304 0.01217 0.00979 0.00986 0.01291 0.01572 0.04686 0.44859 
126	2	0.00572 0.03177 0.04218 0.07769 0.05306 0.03839 0.03038 0.02252 0.01793 0.01953 0.01536 0.00730 0.01078 0.24916 0.32029 0.05794 
127	2	0.01902 0.06400 0.07693 0.06702 0.06643 0.06039 0.06215 0.08356 0.09516 0.10530 0.10387 0.08284 0.05378 0.03237 0.01985 0.00733 
128	2	0.09496 0.01487 0.00667 0.02281 0.04861 0.06873 0.07668 0.22508 0.09963 0.02019 0.01327 0.00961 0.00745 0.00852 0.03489 0.24801 
129	2	0.02216 0.10290 0.11880 0.15073 0.20127 0.09937 0.04533 0.04818 0.05176 0.05107 0.03442 0.02301 0.01665 0.01338 0.01365 0.00732 
130	2	0.00307 0.02245 0.04200 0.05278 0.06550 0.07758 0.08184 0.08388 0.07153 0.05168 0.04299 0.04161 0.03939 0.04372 0.06221 0.21778 
131	2	0.00010 0.00137 0.00795 0.02173 0.04039 0.05089 0.05339 0.04320 0.03506 0.04483 0.08044 0.10193 0.06239 0.44762 0.00864 0.00008 
132	2	0.00037 0.00377 0.02039 0.05520 0.04997 0.03617 0.04077 0.03073 0.01736 0.01587 0.02205 0.10394 0.39881 0.19382 0.00909 0.00169 
133	2	0.00005 0.00019 0.01831 0.06244 0.10696 0.10905 0.24514 0.30876 0.14072 0.00699 0.00100 0.00015 0.00006 0.00007 0.00004 0.00006 
134	2	0.00393 0.02184 0.05683 0.07782 0.12673 0.09972 0.05347 0.07250 0.18550 0.08828 0.04013 0.04917 0.04942 0.05473 0.01864 0.00130 
135	2	0.00275 0.01844 0.03833 0.04356 0.05066 0.04127 0.03589 0.07348 0.27718 0.32454 0.06915 0.01164 0.00385 0.00388 0.00424 0.00114 
136	2	0.00727 0.01903 0.02433 0.02905 0.03185 0.06382 0.13455 0.14602 0.08310 0.04730 0.04175 0.04245 0.04753 0.04487 0.05862 0.17847 
137	2	0.02233 0.11071 0.13905 0.57448 0.05594 0.01955 0.01337 0.00932 0.00789 0.00691 0.00638 0.00652 0.00691 0.00800 0.00952 0.00312 
138	2	0.00076 0.01124 0.03999 0.07682 0.10444 0.10040 0.06367 0.03056 0.01383 0.01047 0.00866 0.00812 0.00870 0.01056 0.03787 0.47391 
139	2	0.63499 0.12886 0.04792 0.03377 0.02800 0.02267 0.01961 0.01596 0.01442 0.01250 0.01167 0.00983 0.00748 0.00581 0.00412 0.00240 
140	2	0.00002 0.00145 0.01331 0.06754 0.08854 0.07712 0.05904 0.04517 0.06271 0.07633 0.06270 0.06416 0.09734 0.26501 0.01955 0.00001 
141	2	0.03023 0.16443 0.15659 0.10059 0.04638 0.02554 0.01611 0.01144 0.00930 0.00787 0.00684 0.00619 0.00847 0.01476 0.23074 0.16451 
142	2	0.00003 0.00054 0.01449 0.06266 0.10175 0.06367 0.04796 0.04066 0.03304 0.03665 0.04781 0.07840 0.10806 0.04834 0.28188 0.03405 
143	2	0.00914 0.06069 0.11001 0.16949 0.16229 0.12425 0.01500 0.00973 0.01879 0.04755 0.05562 0.04208 0.03303 0.02632 0.07445 0.04155 
144	2	0.13987 0.31894 0.14378 0.09045 0.06960 0.05528 0.03936 0.02961 0.02314 0.01975 0.02283 0.02158 0.01329 0.00757 0.00284 0.00211 
145	2	0.10888 0.18734 0.10154 0.07778 0.06167 0.05696 0.04947 0.04073 0.03846 0.03540 0.03165 0.02723 0.02499 0.04245 0.11054 0.00491 
146	2	0.02779 0.21275 0.16064 0.07933 0.04850 0.04198 0.05695 0.06997 0.05866 0.03340 0.05503 0.05475 0.04201 0.03612 0.01785 0.00429 
147	2	0.08168 0.16500 0.09836 0.07445 0.06333 0.05061 0.05157 0.04968 0.05150 0.04815 0.04196 0.03547 0.03455 0.05558 0.08674 0.01138 
148	2	0.00879 0.05209 0.05724 0.04468 0.03931 0.03637 0.03339 0.02943 0.02626 0.02323 0.02173 0.03334 0.04611 0.08497 0.27863 0.18442 
149	2	0.00530 0.05884 0.05970 0.05203 0.04732 0.05178 0.05000 0.04791 0.04861 0.05566 0.18510 0.29209 0.04286 0.00253 0.00024 0.00003 
150	2	0.01600 0.05885 0.05423 0.05547 0.05672 0.04155 0.03669 0.02842 0.02025 0.01816 0.01510 0.01453 0.01420 0.02240 0.05835 0.48908 
151	2	0.02906 0.03624 0.05021 0.08560 0.09856 0.08439 0.05768 0.04561 0.03932 0.03256 0.03172 0.04483 0.05523 0.05974 0.11485 0.13440 
152	2	0.00620 0.05580 0.08769 0.10535 0.10508 0.11785 0.13499 0.12828 0.09942 0.06789 0.04160 0.02303 0.01276 0.00742 0.00488 0.00175 
153	2	0.00784 0.06081 0.09475 0.10610 0.11515 0.11603 0.11664 0.09571 0.08537 0.05984 0.04046 0.03694 0.03937 0.01668 0.00698 0.00132 
154	2	0.08810 0.17360 0.10553 0.09057 0.06775 0.05262 0.03793 0.03340 0.07021 0.08537 0.06163 0.05828 0.01996 0.01587 0.01156 0.02761 
155	2	0.06790 0.07793 0.04782 0.03294 0.02894 0.02545 0.02101 0.01455 0.01812 0.04430 0.03216 0.15782 0.28070 0.06818 0.06279 0.01941 
156	2	0.12248 0.26889 0.21368 0.05814 0.05606 0.03954 0.03538 0.02828 0.02200 0.02259 0.02546 0.01891 0.02150 0.02450 0.03462 0.00797 
157	2	0.04824 0.06887 0.06592 0.05166 0.03981 0.03514 0.03545 0.03150 0.03426 0.07031 0.15309 0.16412 0.12345 0.03655 0.01642 0.02519 
158	2	0.00015 0.00134 0.02214 0.12398 0.10683 0.07647 0.04479 0.02303 0.01537 0.01608 0.01610 0.01487 0.01885 0.01728 0.03478 0.46796 
159	2	0.00801 0.03173 0.03514 0.03386 0.03216 0.02683 0.02583 0.02822 0.03796 0.09022 0.13375 0.09351 0.06083 0.04707 0.05580 0.25908 
160	2	0.00028 0.00575 0.02868 0.07338 0.07902 0.05534 0.03146 0.09393 0.29419 0.13423 0.14826 0.03402 0.01398 0.00585 0.00153 0.00009 
161	2	0.00483 0.00480 0.06485 0.09284 0.12214 0.10357 0.09430 0.08141 0.07819 0.07532 0.06851 0.06182 0.05131 0.04247 0.05154 0.00211 
162	2	0.01582 0.06162 0.07527 0.06769 0.07054 0.06054 0.04901 0.04348 0.04751 0.07593 0.12071 0.10242 0.10627 0.08083 0.01866 0.00371 
163	2	0.00115 0.28908 0.27550 0.11784 0.07520 0.06397 0.05562 0.04051 0.03131 0.02131 0.01245 0.00902 0.00273 0.00145 0.00270 0.00016 
164	2	0.00018 0.00510 0.58814 0.11432 0.04806 0.05303 0.05769 0.05156 0.04378 0.02134 0.00620 0.00224 0.00215 0.00315 0.00276 0.00029 
165	2	0.02808 0.09508 0.09695 0.10359 0.07841 0.03274 0.03120 0.07633 0.02409 0.02033 0.24861 0.04368 0.00686 0.02335 0.07506 0.01564 
166	2	0.00667 0.01446 0.01780 0.02502 0.02802 0.05460 0.04419 0.05982 0.03118 0.03226 0.03642 0.05630 0.04913 0.13158 0.23043 0.18212 
167	2	0.08223 0.08407 0.03702 0.03531 0.03400 0.03076 0.02785 0.01951 0.01614 0.03863 0.08732 0.05068 0.04039 0.34612 0.06944 0.00053 
168	2	0.04856 0.02823 0.02329 0.02984 0.02997 0.03022 0.03180 0.03190 0.03384 0.03320 0.03480 0.04165 0.08049 0.07935 0.11981 0.32305 
169	2	0.00659 0.03827 0.06806 0.08650 0.09745 0.07770 0.05836 0.03327 0.02591 0.01969 0.02061 0.03927 0.19484 0.22069 0.01100 0.00180 
170	2	0.00541 0.03092 0.04845 0.05056 0.04923 0.04635 0.04279 0.03883 0.04024 0.03839 0.03642 0.03557 0.03506 0.04353 0.44455 0.01368 
171	2	0.04291 0.11414 0.11429 0.13557 0.12614 0.12476 0.10410 0.04615 0.01603 0.00654 0.00421 0.00333 0.00326 0.00458 0.04168 0.11231 
172	2	0.01235 0.04920 0.07500 0.06796 0.05637 0.06206 0.07865 0.13539 0.16615 0.11687 0.10100 0.04543 0.01722 0.00713 0.00646 0.00276 
173	2	0.66231 0.12001 0.01780 0.01003 0.00914 0.00890 0.00864 0.00944 0.01148 0.01512 0.01973 0.02785 0.02605 0.04392 0.00914 0.00044 
174	2	0.03276 0.09347 0.06378 0.05860 0.05600 0.04418 0.04792 0.06946 0.09820 0.12691 0.12714 0.09330 0.05164 0.02388 0.00932 0.00344 
175	2	0.03425 0.06148 0.03969 0.04213 0.05708 0.06031 0.05562 0.02854 0.01224 0.00717 0.00852 0.01721 0.01829 0.01908 0.02975 0.50864 
176	2	0.09138 0.11935 0.07904 0.06372 0.05465 0.04471 0.04098 0.03529 0.02652 0.02050 0.02185 0.05083 0.14745 0.03837 0.13074 0.03462 
177	2	0.03816 0.07195 0.06945 0.06443 0.05728 0.04876 0.04502 0.04645 0.05127 0.05758 0.05307 0.07324 0.07467 0.09739 0.12102 0.03027 
178	2	0.00348 0.32872 0.27657 0.03407 0.05375 0.04693 0.05039 0.04485 0.03947 0.02128 0.00619 0.00209 0.00130 0.08964 0.00108 0.00020 
179	2	0.00449 0.04101 0.05028 0.05192 0.04606 0.04577 0.03994 0.03535 0.03043 0.02921 0.02937 0.02820 0.02176 0.01840 0.03572 0.49208 
180	2	0.05652 0.11250 0.10355 0.09144 0.07745 0.07866 0.06765 0.06740 0.05446 0.03508 0.02745 0.02811 0.03990 0.06276 0.09596 0.00111 
181	2	0.01754 0.04668 0.09276 0.11866 0.11143 0.09206 0.10927 0.08129 0.06190 0.05783 0.09225 0.09462 0.01984 0.00323 0.00056 0.00009 
182	2	0.00099 0.00319 0.01337 0.08077 0.10956 0.11556 0.11977 0.11407 0.11309 0.10187 0.07152 0.05597 0.04136 0.02762 0.02411 0.00718 
183	2	0.00070 0.02151 0.10478 0.08126 0.09797 0.09407 0.07759 0.05605 0.06532 0.04661 0.05963 0.07027 0.08706 0.12725 0.00942 0.00052 
184	2	0.69297 0.09750 0.06592 0.05080 0.01672 0.02102 0.01939 0.01104 0.00825 0.00573 0.00106 0.00038 0.00046 0.00040 0.00151 0.00685 
185	2	0.06210 0.06502 0.04019 0.03486 0.08485 0.04507 0.03379 0.03125 0.02821 0.02527 0.02057 0.01499 0.01220 0.01246 0.04939 0.43977 
186	2	0.00217 0.01417 0.03320 0.05097 0.05387 0.02973 0.02265 0.03643 0.07984 0.12970 0.18463 0.31432 0.04326 0.00420 0.00077 0.00010 
187	2	0.00421 0.00976 0.01381 0.02105 0.02841 0.03893 0.04783 0.05560 0.06952 0.02451 0.01712 0.01304 0.01382 0.03529 0.54459 0.06252 
188	2	0.46408 0.08768 0.03654 0.02581 0.03333 0.07119 0.03326 0.02829 0.04312 0.04829 0.04918 0.04064 0.02297 0.01108 0.00437 0.00014 
189	2	0.10216 0.21125 0.09101 0.04463 0.02769 0.01806 0.01232 0.01032 0.01011 0.01317 0.02941 0.02673 0.02901 0.02247 0.03928 0.31237 
190	2	0.11137 0.13291 0.05696 0.06715 0.05406 0.04315 0.04041 0.04409 0.04409 0.03732 0.03455 0.02920 0.02792 0.03191 0.05770 0.18722 
191	2	0.00020 0.00491 0.03408 0.08647 0.13331 0.10308 0.04522 0.02188 0.01501 0.01145 0.01194 0.01686 0.01291 0.01482 0.46623 0.02163 
192	2	0.04800 0.09137 0.10567 0.14806 0.12266 0.08446 0.04831 0.03936 0.03197 0.03582 0.02384 0.02192 0.03421 0.02559 0.04013 0.09867 
193	2	0.01659 0.10255 0.08878 0.10793 0.10701 0.09646 0.09392 0.05958 0.04477 0.03937 0.04097 0.04000 0.02508 0.02576 0.04597 0.06526 
194	2	0.03441 0.05592 0.04721 0.04924 0.05069 0.05233 0.04985 0.04812 0.04467 0.01896 0.01439 0.01161 0.01306 0.01260 0.09755 0.39938 
195	2	0.00018 0.00282 0.00522 0.01711 0.03309 0.05298 0.06794 0.09290 0.04704 0.03259 0.05262 0.02166 0.02312 0.03684 0.34740 0.16648 
196	2	0.43978 0.11431 0.05963 0.05218 0.04634 0.04741 0.04517 0.04024 0.04444 0.04807 0.03775 0.01836 0.00439 0.00138 0.00049 0.00005 
197	2	0.00534 0.03642 0.09147 0.11840 0.08062 0.03501 0.01979 0.01343 0.01466 0.03722 0.05318 0.03949 0.07375 0.05281 0.07562 0.25278 
198	2	0.01445 0.05263 0.03770 0.03530 0.03847 0.04083 0.03995 0.03622 0.03443 0.03389 0.03693 0.06658 0.09273 0.22214 0.19519 0.02255 
199	2	0.00005 0.00314 0.03817 0.12065 0.05618 0.04382 0.04444 0.04079 0.03577 0.03826 0.03382 0.44602 0.06309 0.01556 0.01250 0.00776 
200	3	0.00266 0.00842 0.02810 0.60284 0.08946 0.03553 0.01991 0.02145 0.02642 0.02645 0.02721 0.02636 0.02431 0.02262 0.02260 0.01567 
201	3	0.81265 0.03814 0.01100 0.01664 0.02274 0.02091 0.01603 0.01315 0.01302 0.01097 0.00455 0.00260 0.00237 0.00205 0.00481 0.00838 
202	3	0.01517 0.39787 0.13525 0.13059 0.06840 0.04684 0.03446 0.02546 0.01905 0.01560 0.01177 0.01036 0.00840 0.00933 0.02103 0.05042 
203	3	0.03353 0.05881 0.03560 0.01989 0.01405 0.01167 0.00912 0.00925 0.00889 0.00795 0.00875 0.02960 0.22859 0.35055 0.17118 0.00257 
204	3	0.80021 0.03510 0.00681 0.00339 0.00470 0.00560 0.00944 0.01385 0.02047 0.02800 0.02692 0.02561 0.01062 0.00713 0.00212 0.00003 
205	3	0.79119 0.04891 0.02462 0.02772 0.01637 0.01648 0.02316 0.01313 0.01202 0.01430 0.00501 0.00303 0.00247 0.00099 0.00050 0.00009 
206	3	0.00032 0.00492 0.01949 0.03840 0.04469 0.04660 0.04534 0.05557 0.09443 0.18812 0.28241 0.02772 0.02495 0.11599 0.00986 0.00119 
207	3	0.02084 0.05928 0.04467 0.04147 0.05667 0.08781 0.09683 0.02889 0.03067 0.05755 0.11069 0.16353 0.15576 0.03576 0.00767 0.00189 
208	3	0.00069 0.02054 0.12752 0.08541 0.04413 0.02240 0.01679 0.05072 0.25031 0.09844 0.11336 0.11867 0.03599 0.00566 0.00540 0.00398 
209	3	0.06308 0.25477 0.07258 0.06407 0.07724 0.07095 0.07670 0.08193 0.07342 0.04579 0.02935 0.02151 0.01837 0.01873 0.02102 0.01049 
210	3	0.00090 0.00183 0.00218 0.00350 0.00481 0.00640 0.01065 0.01634 0.02240 0.02960 0.04431 0.05802 0.07335 0.06968 0.08390 0.57215 
211	3	0.53923 0.04473 0.01442 0.01210 0.01374 0.01748 0.02147 0.02616 0.03074 0.03674 0.03769 0.03939 0.03963 0.04644 0.05909 0.02095 
212	3	0.00007 0.00349 0.01381 0.04470 0.06736 0.03396 0.06393 0.11265 0.14049 0.16372 0.10472 0.06613 0.04333 0.02835 0.03413 0.07914 
213	3	0.00024 0.25611 0.25074 0.12476 0.06924 0.06103 0.05675 0.03774 0.02857 0.02739 0.02423 0.03158 0.02167 0.00643 0.00296 0.00056 
214	3	0.03808 0.03432 0.02787 0.02038 0.01447 0.01250 0.01021 0.00862 0.01356 0.04205 0.08213 0.16323 0.16038 0.16089 0.15516 0.05616 
215	3	0.00046 0.00509 0.01273 0.02574 0.04573 0.05389 0.04487 0.03412 0.06625 0.25889 0.29640 0.10885 0.02236 0.01614 0.00656 0.00191 
216	3	0.00683 0.01641 0.05932 0.13574 0.18218 0.11329 0.06457 0.04331 0.03782 0.03512 0.04322 0.05622 0.04197 0.04650 0.06816 0.04933 
217	3	0.00047 0.00188 0.00614 0.01021 0.01762 0.02162 0.02368 0.03518 0.03829 0.03108 0.03055 0.02688 0.02696 0.69927 0.02865 0.00153 
218	3	0.00082 0.00645 0.01849 0.03036 0.04476 0.05813 0.06308 0.08011 0.09551 0.07704 0.07243 0.06629 0.07524 0.08600 0.15999 0.06530 
219	3	0.24479 0.40333 0.10003 0.01502 0.01541 0.01956 0.02362 0.02536 0.03076 0.03177 0.02733 0.02074 0.01598 0.01115 0.01055 0.00459 
220	3	0.01869 0.06969 0.12003 0.08063 0.05007 0.04546 0.08356 0.15314 0.17709 0.10447 0.07379 0.00962 0.00195 0.00229 0.00855 0.00098 
221	3	0.05387 0.08534 0.05693 0.07765 0.09481 0.09018 0.08101 0.04844 0.03312 0.03179 0.03878 0.05094 0.06566 0.06762 0.06863 0.05523 
222	3	0.64784 0.21326 0.03388 0.01892 0.01356 0.01231 0.01200 0.00911 0.00733 0.00579 0.00467 0.00376 0.00298 0.00350 0.00584 0.00526 
223	3	0.00282 0.10414 0.09408 0.05373 0.07066 0.08765 0.09456 0.05249 0.04385 0.03876 0.04156 0.04630 0.05056 0.06510 0.09118 0.06257 
224	3	0.00077 0.00489 0.01662 0.03901 0.04256 0.05089 0.05196 0.05360 0.09747 0.27425 0.34381 0.01759 0.00329 0.00132 0.00148 0.00050 
225	3	0.01020 0.00384 0.00418 0.00423 0.00788 0.02100 0.01314 0.01591 0.02141 0.03367 0.06635 0.12244 0.11110 0.09969 0.20296 0.26201 
226	3	0.51061 0.31837 0.02594 0.01175 0.00896 0.00769 0.00683 0.00644 0.00621 0.00661 0.00776 0.00836 0.00901 0.01146 0.01939 0.03458 
227	3	0.05627 0.16653 0.02033 0.01373 0.01342 0.01806 0.01909 0.02473 0.02036 0.03190 0.04315 0.06105 0.07102 0.07836 0.07283 0.28917 
228	3	0.00519 0.14807 0.18685 0.22861 0.12166 0.07320 0.07036 0.05761 0.03550 0.02738 0.00819 0.00357 0.00474 0.00601 0.00570 0.01736 
229	3	0.00569 0.01739 0.03041 0.12785 0.17997 0.14111 0.16960 0.12204 0.12462 0.02230 0.01150 0.00753 0.00627 0.00676 0.01430 0.01267 
230	3	0.02717 0.08013 0.06984 0.04566 0.03100 0.02213 0.01804 0.01919 0.03259 0.11722 0.28687 0.22219 0.01716 0.00879 0.00190 0.00011 
231	3	0.01297 0.25319 0.19674 0.15036 0.09869 0.07157 0.04876 0.04151 0.03290 0.02294 0.01781 0.01464 0.01267 0.01086 0.01203 0.00235 
232	3	0.00097 0.00552 0.01539 0.01928 0.02035 0.01399 0.00952 0.00696 0.04882 0.04500 0.06132 0.25335 0.22310 0.16775 0.10647 0.00221 
233	3	0.00942 0.03031 0.02671 0.02896 0.03860 0.05085 0.07419 0.08997 0.11484 0.10692 0.09945 0.09013 0.05770 0.03584 0.03643 0.10967 
234	3	0.00003 0.00194 0.01838 0.03722 0.04885 0.04840 0.04281 0.03458 0.02949 0.03673 0.10519 0.13478 0.28190 0.13243 0.02258 0.02470 
235	3	0.00523 0.00668 0.00769 0.01212 0.05510 0.11384 0.12160 0.21612 0.34610 0.05465 0.01988 0.01207 0.00865 0.00785 0.00659 0.00582 
236	3	0.00004 0.00051 0.00454 0.01807 0.01154 0.01412 0.02058 0.02424 0.04602 0.20339 0.21348 0.30799 0.08560 0.03181 0.01629 0.00180 
237	3	0.29844 0.31625 0.10899 0.02968 0.02556 0.02584 0.02772 0.02846 0.02813 0.02466 0.02170 0.01719 0.01473 0.01395 0.01600 0.00272 
238	3	0.24069 0.11107 0.11783 0.08302 0.04556 0.03314 0.03518 0.03167 0.03415 0.03335 0.03983 0.03623 0.03483 0.02794 0.03292 0.06258 
239	3	0.00723 0.01894 0.02148 0.02966 0.04683 0.15168 0.10972 0.10629 0.11365 0.10331 0.11527 0.10072 0.03876 0.01675 0.01092 0.00880 
240	3	0.00035 0.05565 0.19243 0.15975 0.12283 0.09071 0.08157 0.07054 0.06365 0.07111 0.04486 0.00127 0.00170 0.00505 0.02106 0.01748 
241	3	0.00027 0.00495 0.55432 0.08627 0.01878 0.01309 0.01449 0.01723 0.01927 0.02263 0.02135 0.02100 0.01125 0.00956 0.07419 0.11134 
242	3	0.00064 0.00251 0.00972 0.04883 0.12864 0.16436 0.17458 0.11969 0.09640 0.06504 0.02719 0.02449 0.02776 0.03722 0.05827 0.01467 
243	3	0.65521 0.07647 0.01794 0.00585 0.00607 0.00651 0.00696 0.00889 0.01141 0.01731 0.02556 0.03260 0.03960 0.03147 0.03012 0.02802 
244	3	0.00024 0.01824 0.62276 0.07916 0.02219 0.02260 0.02653 0.02343 0.02392 0.02815 0.03572 0.04012 0.02809 0.00627 0.01599 0.00660 
245	3	0.00407 0.08485 0.19372 0.17748 0.15013 0.10256 0.07217 0.04569 0.03365 0.02818 0.02548 0.01634 0.01359 0.01218 0.01952 0.02040 
246	3	0.00289 0.01522 0.02205 0.04032 0.06625 0.08548 0.07152 0.07104 0.09095 0.09645 0.10442 0.09082 0.09349 0.11574 0.03052 0.00284 
247	3	0.32811 0.12819 0.08031 0.07306 0.06156 0.04786 0.03542 0.03377 0.03198 0.03137 0.03038 0.02762 0.02788 0.02797 0.02309 0.01142 
248	3	0.06606 0.06376 0.03227 0.02590 0.07249 0.15370 0.15693 0.19114 0.13431 0.03056 0.01794 0.01032 0.01202 0.00770 0.01766 0.00724 
249	3	0.00120 0.03969 0.18117 0.32862 0.18432 0.02516 0.02999 0.05257 0.06075 0.03771 0.02642 0.01681 0.00926 0.00427 0.00171 0.00034 
250	3	0.00424 0.04451 0.08420 0.11417 0.12037 0.09430 0.09919 0.10087 0.10053 0.11896 0.05646 0.02232 0.01877 0.01167 0.00683 0.00261 
251	3	0.26667 0.49919 0.07157 0.04150 0.03296 0.02477 0.01757 0.01150 0.00864 0.00556 0.00413 0.00305 0.00320 0.00364 0.00483 0.00123 
252	3	0.01099 0.02781 0.02074 0.00794 0.01221 0.02252 0.01283 0.09852 0.13522 0.07698 0.16205 0.37501 0.03672 0.00035 0.00009 0.00003 
253	3	0.00021 0.00236 0.00560 0.01116 0.01758 0.02456 0.02969 0.03945 0.05661 0.12649 0.15060 0.10223 0.10399 0.18021 0.13087 0.01840 
254	3	0.00044 0.00692 0.03314 0.03934 0.03110 0.02943 0.33515 0.27502 0.15858 0.03731 0.01454 0.01128 0.00878 0.00576 0.00784 0.00537 
255	3	0.00012 0.00536 0.21122 0.27200 0.24835 0.11715 0.05830 0.02516 0.02036 0.01340 0.00675 0.00566 0.00585 0.00503 0.00472 0.00056 
256	3	0.00127 0.01346 0.06285 0.08445 0.14319 0.13056 0.05294 0.03788 0.22338 0.04631 0.06472 0.05163 0.02794 0.03183 0.02540 0.00219 
257	3	0.65193 0.04487 0.01283 0.01168 0.01357 0.01712 0.02064 0.02477 0.02922 0.03055 0.03268 0.03768 0.03899 0.01729 0.00919 0.00701 
258	3	0.00185 0.00824 0.01561 0.02339 0.01670 0.00843 0.00643 0.00886 0.00973 0.02237 0.75701 0.06166 0.05323 0.00591 0.00047 0.00010 
259	3	0.03018 0.51577 0.16332 0.08714 0.07906 0.05499 0.02953 0.01464 0.00892 0.00535 0.00307 0.00242 0.00166 0.00147 0.00155 0.00094 
260	3	0.01829 0.04637 0.04077 0.04048 0.04060 0.04112 0.04706 0.06532 0.08982 0.11894 0.16905 0.16990 0.05708 0.02333 0.02464 0.00723 
261	3	0.00019 0.00073 0.00214 0.00332 0.00530 0.00864 0.01610 0.03913 0.87832 0.02234 0.01133 0.00614 0.00318 0.00204 0.00092 0.00014 
262	3	0.00227 0.00330 0.00412 0.00627 0.00684 0.00776 0.00822 0.01196 0.03858 0.04956 0.09247 0.14548 0.13569 0.14234 0.13961 0.20553 
263	3	0.01030 0.02402 0.02467 0.02521 0.03052 0.11537 0.18837 0.30055 0.15725 0.06545 0.00906 0.00460 0.00353 0.00352 0.01218 0.02542 
264	3	0.01729 0.17336 0.31831 0.09948 0.03308 0.02097 0.01641 0.01539 0.01841 0.02321 0.03191 0.04280 0.06113 0.05959 0.04848 0.02017 
265	3	0.00014 0.00283 0.01731 0.02836 0.03036 0.05074 0.10874 0.17775 0.18965 0.13534 0.06430 0.03891 0.03908 0.04774 0.05183 0.01691 
266	3	0.37079 0.10557 0.01869 0.01614 0.01628 0.01683 0.01753 0.01916 0.02247 0.02741 0.02642 0.02707 0.02066 0.01288 0.00462 0.27749 
267	3	0.00019 0.00095 0.00286 0.00617 0.01027 0.01498 0.01800 0.02070 0.02371 0.03222 0.11395 0.31894 0.39490 0.02806 0.01140 0.00268 
268	3	0.00001 0.00007 0.00019 0.00043 0.00163 0.00537 0.01387 0.03310 0.06840 0.16256 0.67474 0.01681 0.00810 0.00689 0.00636 0.00147 
269	3	0.00093 0.00449 0.01281 0.04713 0.22833 0.18302 0.05858 0.02802 0.02217 0.02241 0.02150 0.02301 0.02241 0.02837 0.03491 0.26193 
270	3	0.00024 0.00111 0.00391 0.02658 0.23620 0.16685 0.05335 0.03051 0.02387 0.02072 0.02055 0.02470 0.02672 0.02795 0.04003 0.29672 
271	3	0.00003 0.00027 0.00125 0.00476 0.04397 0.11543 0.18552 0.15249 0.08504 0.02295 0.00537 0.00362 0.00320 0.37226 0.00253 0.00131 
272	3	0.00010 0.00205 0.09598 0.25205 0.09723 0.04613 0.03801 0.03411 0.03190 0.03000 0.02534 0.01817 0.01046 0.31513 0.00281 0.00051 
273	3	0.00003 0.00038 0.01412 0.05526 0.01674 0.00899 0.00937 0.01054 0.01107 0.01114 0.01246 0.01374 0.01455 0.01776 0.09520 0.70864 
274	3	0.00003 0.00016 0.00036 0.00137 0.00413 0.00803 0.00902 0.00939 0.01032 0.01522 0.15204 0.37662 0.25434 0.06037 0.05347 0.04512 
275	3	0.02305 0.09394 0.14799 0.12132 0.10603 0.14588 0.17896 0.08071 0.02640 0.01635 0.01241 0.01070 0.00878 0.01144 0.00927 0.00676 
276	3	0.00525 0.02017 0.03792 0.04159 0.03282 0.02011 0.01640 0.01773 0.04278 0.11206 0.24899 0.32718 0.04475 0.02288 0.00898 0.00040 
277	3	0.01193 0.01856 0.16290 0.36320 0.16879 0.07953 0.05176 0.03431 0.02678 0.02278 0.01493 0.00958 0.00766 0.00701 0.00969 0.01060 
278	3	0.00162 0.00685 0.00873 0.01010 0.00966 0.01169 0.01286 0.02640 0.10676 0.12109 0.08647 0.08164 0.15109 0.14671 0.19099 0.02732 
279	3	0.00179 0.00281 0.00747 0.05406 0.16092 0.24258 0.28687 0.16484 0.03701 0.01105 0.00784 0.00609 0.00516 0.00330 0.00452 0.00369 
280	3	0.00370 0.05257 0.44592 0.12132 0.05731 0.05099 0.04483 0.03661 0.03306 0.03179 0.02903 0.02556 0.02174 0.01561 0.01668 0.01330 
281	3	0.00045 0.00496 0.01752 0.02401 0.03282 0.03101 0.04909 0.06856 0.08960 0.10151 0.12702 0.13534 0.13972 0.08563 0.08227 0.01047 
282	3	0.00006 0.00062 0.00297 0.01129 0.02794 0.03440 0.02025 0.01668 0.06782 0.24740 0.25588 0.13011 0.07153 0.06613 0.03946 0.00746 
283	3	0.06514 0.66352 0.03609 0.02526 0.02725 0.02677 0.02856 0.02677 0.03076 0.02373 0.01507 0.00838 0.00818 0.00863 0.00540 0.00047 
284	3	0.00010 0.00140 0.01837 0.15707 0.27463 0.25084 0.13421 0.03415 0.01756 0.01514 0.01401 0.01404 0.01678 0.02300 0.01623 0.01248 
285	3	0.00919 0.02326 0.02517 0.03424 0.04032 0.04407 0.06729 0.10160 0.14223 0.19201 0.13823 0.09931 0.05390 0.02782 0.00130 0.00007 
286	3	0.00046 0.00652 0.03108 0.14329 0.15129 0.12698 0.11796 0.12387 0.08763 0.05013 0.03439 0.03830 0.04988 0.03022 0.00748 0.00053 
287	3	0.00838 0.01642 0.01881 0.01942 0.01687 0.01534 0.01259 0.04523 0.08988 0.10678 0.09373 0.11067 0.15569 0.12689 0.13831 0.02499 
288	3	0.00036 0.00902 0.22074 0.13458 0.07151 0.10306 0.09988 0.07812 0.17947 0.04583 0.01223 0.00725 0.00862 0.01502 0.01328 0.00102 
289	3	0.00031 0.00517 0.01071 0.02006 0.02296 0.02880 0.03206 0.05471 0.09418 0.27433 0.19458 0.18185 0.04335 0.01976 0.01370 0.00347 
290	3	0.00128 0.01207 0.02535 0.01449 0.01069 0.03756 0.14210 0.22678 0.15568 0.18373 0.12729 0.01205 0.00627 0.00507 0.00956 0.03002 
291	3	0.00011 0.00254 0.01277 0.01853 0.02866 0.19264 0.39266 0.20990 0.08462 0.02412 0.00848 0.00574 0.00464 0.00475 0.00779 0.00205 
292	3	0.00864 0.05113 0.02452 0.01460 0.01459 0.01640 0.01221 0.08298 0.11019 0.11097 0.14266 0.16548 0.14533 0.05189 0.02884 0.01957 
293	3	0.04138 0.07203 0.05113 0.03639 0.05769 0.16218 0.24806 0.08750 0.05107 0.03219 0.03077 0.03302 0.04124 0.03486 0.01705 0.00345 
294	3	0.00005 0.00073 0.00221 0.00622 0.01051 0.01719 0.01948 0.02509 0.05331 0.06617 0.12919 0.29084 0.33338 0.04062 0.00384 0.00119 
295	3	0.00724 0.02270 0.02269 0.02198 0.05494 0.01523 0.01527 0.04166 0.11267 0.14761 0.17956 0.19809 0.09922 0.02805 0.02723 0.00586 
296	3	0.06760 0.06582 0.05719 0.02669 0.01581 0.01213 0.01416 0.01469 0.01787 0.02608 0.04954 0.12584 0.22758 0.22158 0.04877 0.00865 
